1887	493
889	412
2370	2181
1136	1140
2339	2166
871	872
1353	991
559	608
1660	1589
435	732
934	936
2458	2222
986	1457
1943	741
1392	1114
2367	2263
1684	1043
1991	1328
227	1073
2464	2465
1082	1086
753	535
1885	808
1128	345
2040	2105
2096	2098
1256	1221
1845	40
689	858
1501	1500
2410	2414
1446	382
1037	1038
1763	2213
774	1273
939	938
2324	2202
1801	140
275	279
659	1307
134	739
23	1014
1039	159
1370	1570
2207	2285
1429	969
2181	2080
630	1391
918	805
2344	2102
1888	138
1579	1370
2089	2282
45	418
557	560
2084	2274
1823	1690
680	686
2197	2228
2438	2185
1409	1663
818	456
1173	216
292	293
2323	2179
645	1423
2241	2240
550	212
1975	1120
558	369
158	770
2420	2120
208	707
1531	298
317	739
207	201
1319	1282
1370	1579
2501	2364
592	399
1344	1067
1037	2040
367	370
2338	2265
1077	1355
1309	692
1525	496
2203	1563
1313	1315
2439	2411
707	410
350	352
312	310
974	1659
1270	268
1064	1502
349	347
1061	101
356	913
70	1034
1253	1254
2470	2122
1975	1860
2372	2013
1518	348
2216	1849
1856	1950
1271	1410
820	432
1145	95
936	327
619	1115
1567	140
952	284
2388	2189
1562	1697
976	630
1331	2473
404	1579
572	216
556	245
1617	1137
851	687
594	590
570	1552
2207	2206
1193	1194
2173	2077
1876	1183
2372	2039
190	193
2005	1330
2040	2088
936	711
1359	827
2072	641
1447	656
2200	2380
878	248
767	765
1709	1014
1288	382
2095	931
1230	1498
1852	1851
1782	1611
246	855
799	1217
1624	123
708	973
743	102
1448	1447
2142	2472
1854	1061
2238	2502
678	931
416	157
1478	138
1589	135
1013	1016
452	458
2354	2181
1967	1336
94	472
729	1012
595	597
731	617
2203	2176
1434	162
289	200
360	364
2041	1943
652	85
1937	1847
1451	1161
1187	1190
43	400
1349	1107
879	878
711	690
1418	1925
54	58
66	789
263	483
1725	703
2293	2300
363	431
1344	357
64	70
577	208
584	1253
401	14
1449	322
312	404
45	41
2386	688
2109	2294
2013	2372
127	788
1478	114
2348	2347
325	323
1202	290
1744	1092
926	1455
356	435
707	1101
1214	82
600	66
2501	1317
1327	1857
2418	2429
1131	2517
1014	1745
572	512
561	340
1991	1534
1094	1051
1347	115
662	621
2368	1954
2420	1939
1220	601
333	554
2420	862
740	603
1987	794
1788	1477
779	1071
774	1930
424	1398
1056	1057
1040	578
2195	2315
2078	2151
981	686
447	415
2079	2300
921	263
2293	2301
2099	2094
1260	1460
150	139
1903	2201
148	154
762	1398
810	917
168	180
2267	2205
685	962
517	388
815	816
442	1221
2365	2134
1375	1523
1111	1113
391	1991
445	985
436	1344
1127	1550
1977	1036
1396	395
2101	2009
1516	1527
2367	2215
357	983
1009	427
1889	1251
1940	1125
2097	2101
2516	2307
1031	1033
1046	1045
188	1119
2008	2011
1276	1275
644	738
2173	2080
874	1412
2288	2113
92	95
348	14
424	763
1328	128
703	237
1395	1632
257	604
1111	664
1662	852
1608	1449
1042	751
1052	1194
1637	690
1897	983
537	19
770	186
2420	2387
1353	535
1129	131
663	667
308	463
541	539
2373	2357
572	691
1184	428
1243	977
639	1811
1365	331
1470	2077
1536	1510
1067	1039
391	1534
1268	1664
2337	2375
1496	255
2265	2338
110	1350
260	265
1827	72
1666	232
208	1449
76	1057
553	817
136	1034
1406	1154
687	147
2538	2428
441	1256
1462	604
469	1215
284	282
892	326
1955	2084
1740	1741
1653	140
1902	1336
211	1116
1278	426
792	789
1436	902
2403	2328
1300	1724
1541	361
2145	2009
623	626
2269	2055
2078	2412
849	1276
1768	513
1	87
435	442
40	1674
1604	1523
957	548
1357	241
1516	757
1115	339
1513	1512
200	203
691	977
2315	101
2199	2197
979	1670
1874	759
1652	8
608	663
2178	2315
2287	1898
2038	2040
1303	906
1581	1658
1784	1057
2066	1764
806	1451
737	738
163	1452
410	1041
2007	2005
2403	2211
1111	667
1901	399
1761	839
1486	187
124	527
1154	750
147	931
2425	2424
743	927
772	495
2319	1796
67	925
2297	2213
1704	441
410	707
963	505
1997	2003
267	596
350	351
642	644
404	402
1457	1115
1594	388
1967	187
2372	2151
516	940
1651	707
690	305
580	493
597	1069
1113	1111
1856	993
402	403
2116	2102
1042	1046
1695	288
8	1233
780	828
443	899
1871	637
2428	2418
2422	2299
1348	1020
2336	2302
588	1185
2270	2104
1807	790
133	963
1840	1490
2491	2388
1256	441
102	743
236	233
1748	1057
713	729
1070	1099
117	896
1407	1484
76	996
1730	207
2445	2030
776	1274
1877	658
2079	2080
2128	2012
1989	1255
2045	2394
190	197
2187	2152
688	640
2123	69
168	734
2143	2013
1726	1727
687	931
788	370
436	278
1263	1832
1879	254
441	1255
658	776
2387	1330
992	1095
1043	1042
1286	376
547	551
508	219
637	638
1251	172
2296	794
789	997
2292	2407
1070	606
1355	2093
2426	68
1413	1414
2183	2303
747	583
1519	346
130	301
2403	2260
2141	2472
710	713
940	706
828	131
2085	2055
2118	2122
414	573
909	1011
656	234
1348	493
2376	2169
1296	812
2046	2381
1353	1354
1406	123
617	494
25	28
21	24
2264	2082
148	153
149	33
519	576
2135	2459
252	1497
837	840
707	966
348	347
2053	2160
361	1403
313	314
651	655
272	462
166	171
645	1740
800	801
1685	361
1320	220
529	531
2149	2038
197	1335
2079	1093
2363	2240
2176	2079
1397	550
767	922
1796	2144
2299	2309
1598	1867
207	289
1286	762
837	504
820	378
1340	326
1132	219
1663	1268
2190	2032
146	495
1078	1906
1618	1089
981	1024
1639	1550
323	325
176	179
2387	2142
1711	1025
835	687
517	251
1955	2324
833	559
1038	2435
2014	2246
413	1053
205	438
1851	196
1104	46
1961	1014
1761	142
1567	1341
55	230
859	351
906	192
965	514
1795	1050
224	1058
1235	1238
774	1643
1583	786
970	1639
733	1008
1973	123
2292	2417
1939	2144
649	632
1509	1188
982	263
1854	792
2365	2283
2150	1061
1717	432
1229	830
1596	211
673	1637
29	1678
952	700
2008	2012
748	127
1198	776
1741	1740
497	501
1936	925
250	14
41	46
687	997
1057	751
13	11
1763	627
854	271
176	177
1857	1361
791	1084
670	1812
1455	1342
1227	309
373	448
632	655
1958	2164
492	474
329	251
523	525
1341	178
2271	1954
1677	559
1297	1162
1659	806
765	925
1981	1980
2100	807
2474	2393
1916	963
55	624
1588	372
1229	597
1343	1055
147	604
802	804
2235	2269
1290	1531
632	82
4	167
511	515
161	158
1094	663
1275	830
1074	241
2293	1744
2104	2106
1533	2144
806	7
2054	2058
1438	1318
537	808
1314	1317
2011	1955
1669	777
547	550
198	276
2039	2055
510	424
1095	1060
1436	1041
337	247
2126	2249
302	1637
2293	2117
181	175
2205	2125
1874	1678
412	531
877	597
782	881
1712	1713
280	563
1198	1144
2315	2407
419	420
2175	2203
2332	1163
1565	268
635	1217
203	1254
1622	665
157	590
2326	2113
1808	170
933	2275
2354	2491
849	1700
731	494
1055	740
1104	1357
347	345
1363	802
1794	245
336	1213
1396	1243
2123	2459
1473	1312
135	602
1446	1033
565	1420
1488	78
430	428
1985	2055
584	1254
2306	2275
2371	2147
21	1799
924	187
2189	2208
1759	357
574	208
1049	1047
131	305
763	760
829	56
1975	1370
439	443
706	939
1956	558
1734	2121
488	1400
1977	687
1458	1453
2287	1830
123	479
1044	1337
1196	790
247	316
124	397
2179	2323
1067	436
151	148
1800	694
595	321
2060	1755
585	743
98	101
130	300
336	733
267	266
1523	213
2489	2180
1203	460
1048	714
1070	1067
2339	2406
51	52
611	213
347	344
645	1497
2274	2414
1099	681
68	67
812	129
734	224
2437	2204
128	129
222	224
1538	1539
818	564
309	799
1172	170
922	836
1171	1211
2231	2293
436	280
2039	2088
1098	681
585	1320
622	3
2259	1038
1206	1207
1095	1344
2144	2117
848	53
816	815
1025	827
476	271
194	8
1364	123
384	281
132	318
1837	2124
1479	703
244	1449
275	281
1093	2076
811	1497
2362	2268
998	189
1106	476
911	912
2324	2147
856	499
650	659
570	1084
1839	1528
2285	2275
394	717
2202	2371
409	967
414	1836
325	324
142	1761
996	909
2297	1837
2080	2514
662	667
1551	1509
2232	1092
2434	2003
2344	2249
1518	15
350	354
2165	2092
2420	2144
2274	1955
1248	1249
1220	1218
514	424
753	1327
2378	2275
817	359
1768	1693
681	1098
190	195
56	1107
341	597
1064	250
2447	1734
2014	2361
887	145
2434	2095
1099	1254
1024	1345
529	1299
247	253
1668	125
28	330
974	973
722	724
620	1034
748	750
1786	1482
1126	1043
168	505
655	649
986	1467
991	989
1036	1032
18	24
2290	2291
919	856
2266	2036
392	394
1977	526
61	54
1171	1048
907	769
739	858
2089	2148
744	747
1505	1430
749	678
848	952
2503	1163
2247	1992
1523	930
2189	2188
1718	780
2188	2189
1186	482
2323	2315
686	132
129	168
1267	846
768	790
666	664
2387	1899
1883	365
1284	127
1453	1626
1616	205
460	704
980	1266
2326	1903
2110	2112
216	597
8	1560
1097	1094
247	379
559	1339
1747	1305
240	239
913	1977
771	646
1630	644
1613	604
80	87
33	150
845	1026
1818	1133
248	376
1648	1764
550	546
817	303
1562	243
1556	1201
153	1757
836	985
494	1182
81	1232
1065	509
1337	1088
1985	2018
1020	42
1124	1698
2438	278
1561	1562
2220	2091
1065	549
10	15
852	1095
1770	1315
2337	2265
1259	1260
22	23
733	875
658	1020
691	347
917	217
566	321
1798	271
1404	1269
86	80
2381	2378
1968	1048
402	406
149	356
1633	1110
934	783
1844	918
2448	2052
144	1610
1193	1065
428	567
1700	849
1087	1092
577	580
0	4
985	1011
480	483
786	1048
934	177
665	1731
2438	953
23	1835
276	278
1036	957
1737	526
1727	1642
495	678
2458	2094
1275	659
68	64
1796	2142
2286	1955
2445	2341
1794	1796
2435	2012
1143	1141
1770	98
1046	1674
1841	826
637	639
1096	985
24	298
1481	689
210	609
1848	438
2412	2300
2374	2088
232	235
1799	1568
926	102
1492	2010
2203	1903
582	576
2	328
931	147
1883	1210
1580	1243
1897	817
1146	775
2134	2055
2154	2210
1065	172
979	115
2372	2373
233	236
421	93
1282	118
505	734
842	1043
1008	1648
2440	2134
1591	491
2206	2256
667	1111
2148	243
173	522
1334	1043
1341	1631
31	402
232	776
1545	1543
2399	1444
2394	2183
647	847
1563	2479
1187	746
387	388
151	812
246	245
341	931
1261	1693
1044	999
751	610
1759	817
2375	2371
1092	2353
1501	261
1547	1247
2061	2126
205	204
414	411
2248	2057
379	72
2282	2078
1460	782
2151	2088
2287	2075
664	666
2327	2055
1095	607
1319	1318
888	887
50	107
664	663
115	889
1024	36
1991	391
1746	1494
994	1113
2432	2307
2332	1934
1245	1108
1407	1496
1152	332
558	371
663	494
1725	1041
1945	1944
333	556
1303	766
1107	224
228	618
2011	2283
2366	2164
1932	37
1451	180
841	181
1574	133
622	623
570	1551
1508	952
2250	2408
941	939
2534	2300
1368	599
1944	1945
2101	438
1472	1399
1259	1262
1091	2095
567	428
1268	1618
508	507
1376	77
499	1264
2423	2389
1430	1887
590	43
483	501
181	1666
251	138
189	836
934	935
846	848
1377	1376
2449	2334
749	877
1669	770
2400	390
1093	2373
931	687
650	225
481	261
2109	2361
127	1840
1162	852
2122	2459
2402	2426
77	991
1509	583
1458	162
796	458
2097	2167
1344	597
2080	2300
688	689
2327	2041
260	261
650	218
346	348
2283	2011
1391	340
1271	1231
984	784
2395	2357
1037	2116
2393	2394
2519	1742
153	137
2167	2225
1579	817
557	561
1343	552
1345	1675
208	706
2269	2105
780	963
124	654
565	1015
374	373
2209	2431
1197	351
824	907
417	167
1769	840
728	730
2270	795
2409	2122
945	235
1035	136
549	1128
1517	1841
1366	773
525	20
1327	1325
336	170
1176	1254
2052	2219
1351	1352
1800	1393
808	957
2406	2339
1507	189
2079	1903
1090	1408
718	497
1791	185
1580	1107
2305	2092
1704	440
2331	1691
609	313
1282	519
1770	1166
1113	1485
1965	2302
2104	1955
350	353
1028	907
889	746
1619	827
499	1266
790	72
2284	2185
499	826
1697	102
264	261
2101	2102
692	992
2176	2077
676	560
1242	823
2261	2260
673	710
381	1206
1982	2070
1037	2089
1271	1362
522	240
2269	2151
463	307
637	640
1310	75
1443	411
1856	2036
1969	1950
2155	2157
325	327
856	921
518	227
1287	1053
859	42
1660	544
1417	1418
265	260
710	366
224	1200
2510	2262
140	717
270	274
280	1631
1939	2420
1804	180
956	187
302	812
66	147
4	108
2534	1965
142	155
2039	2374
1217	1218
1830	2287
387	139
77	318
795	2052
1950	1938
1364	1089
1903	2211
171	1193
597	1613
1494	205
848	891
80	82
102	926
184	256
1288	728
2368	2201
805	1364
2082	2352
680	685
600	789
2281	2284
1986	1003
2377	2091
2432	445
821	1808
1699	158
1697	440
1773	1771
2196	2354
1164	1339
764	768
1974	684
572	403
2399	2027
1511	476
1686	1177
52	216
1205	978
2118	2121
961	1202
1594	1287
460	459
171	508
1179	285
165	320
974	1231
2469	1810
1178	288
126	1115
2177	2284
2305	1934
2009	1092
1106	1671
189	1112
71	63
1064	251
2006	2004
2010	259
199	206
1497	1075
1300	124
161	593
317	546
597	607
543	995
595	600
731	732
2198	2323
1316	1801
57	1510
1389	891
1056	627
1082	1084
2401	1939
858	170
2208	2357
866	371
2398	2123
156	164
1258	1032
682	951
1445	113
648	645
1569	689
108	233
2370	2203
255	1017
477	1024
389	139
603	70
1144	1083
957	575
1055	644
1364	1544
1347	742
2461	2462
2394	2131
2274	2087
16	347
711	710
1294	621
539	143
655	1007
2180	2173
285	282
956	1594
1824	420
1310	1644
1741	368
2143	2084
142	670
465	601
2423	2425
2301	1093
1728	1942
65	678
2069	2070
344	256
669	1686
543	268
1830	2075
52	220
638	637
1397	835
1845	1582
2225	2263
121	125
2289	2286
1804	219
2519	1857
2383	2193
796	799
1314	482
1903	2207
137	142
2208	2190
925	1507
709	1128
726	368
2146	2040
158	418
2326	2001
1393	26
492	477
664	618
1212	1244
1072	928
1016	943
2315	2256
1652	1410
526	1627
2105	2269
1536	1321
294	368
461	237
1658	1266
2059	2062
236	704
631	636
1752	437
2144	2418
211	783
204	201
778	686
2114	2110
1497	1459
644	909
327	1637
2273	1496
687	495
2099	2093
951	948
1257	422
1310	318
155	742
1613	740
2105	1955
1170	979
1979	2230
35	275
701	124
1538	690
2332	1943
2120	1938
1823	1015
319	321
835	69
1037	1955
1221	93
275	205
538	541
1429	1505
190	192
296	1405
2127	2093
711	692
240	1449
2137	2241
1078	296
1298	23
1115	621
320	322
170	593
1626	1628
1472	1473
65	64
2459	2022
1832	1108
588	907
2204	2205
536	792
1392	1051
1424	769
1144	591
299	216
709	809
643	847
157	334
1328	1057
174	166
52	219
136	1035
416	417
909	930
2177	2390
540	184
146	604
340	561
1545	1281
992	740
340	247
2375	1837
447	1014
496	205
607	835
464	308
1812	1301
2435	2107
1777	1591
1423	1195
1876	740
1851	72
113	276
810	1229
1311	1587
2274	1038
981	1675
71	583
940	938
1044	123
1271	802
1314	910
1014	791
2313	2370
1131	2275
1898	2113
1827	268
1358	867
1220	741
356	1212
921	264
1078	367
1699	1175
127	1161
815	215
1111	989
410	876
2319	1939
819	303
1889	1179
1118	1248
173	161
354	349
1024	451
2410	1938
2258	2173
2025	2023
737	739
1245	1082
1569	877
619	617
2147	2371
1297	819
1251	1252
1040	103
503	302
1197	390
2044	2250
740	739
1256	439
1564	1258
990	808
1017	1096
1356	1525
149	359
937	1944
408	410
719	1201
2323	2455
897	433
103	98
834	1660
1737	1049
930	644
1184	452
1773	905
1778	1240
2219	2128
1672	1477
2078	2001
981	948
341	621
2321	2195
2130	2133
258	1337
1230	1499
351	173
2511	2454
1058	13
2023	2027
2023	2028
817	820
1028	1319
2146	2149
2240	2236
2071	2528
811	593
1479	1100
581	584
2211	2201
2111	2146
1889	1752
349	354
431	432
2125	2126
341	1613
2110	2111
2276	2275
2009	556
1876	683
1262	1263
1388	754
648	811
235	236
377	379
2073	2279
1944	937
392	166
1667	1184
936	131
2468	2507
1668	1442
418	770
2052	2094
698	694
2286	2113
367	371
1817	786
2425	1092
297	101
307	306
1468	645
1371	2099
998	991
1007	1009
1672	1246
818	694
958	749
1459	1101
1510	1887
178	1341
2013	2037
261	1501
2314	2283
1346	1347
220	1041
2185	1163
242	809
898	675
630	627
1798	648
1375	1374
102	227
1838	1088
647	141
2489	2032
1955	2374
217	596
2091	2095
862	34
400	43
818	124
231	215
2167	2283
248	250
2017	2278
2093	2012
1533	1288
909	917
705	708
915	407
2538	2357
1628	1626
34	35
2030	2415
1161	621
2536	2281
232	237
1314	1265
2125	2202
1964	1125
1396	432
2067	2082
2507	2468
1221	441
1359	1674
662	618
1196	1952
1551	570
1057	77
135	1589
1357	173
216	52
2089	2147
1095	436
1075	1498
1777	788
1648	1008
2089	42
1324	1330
1025	31
1088	1112
1823	1018
505	231
128	132
606	596
2470	2143
1677	607
396	398
86	84
363	207
1337	604
1402	1403
772	1454
574	279
974	965
593	170
1077	1255
2299	2295
2057	2056
1533	1532
1225	1601
1007	655
1478	432
1152	1154
1599	1985
919	264
2081	2098
1069	1040
1453	1099
290	198
1646	840
2286	2288
362	1153
1077	439
1653	1082
1351	645
180	215
1585	671
631	632
635	631
1587	1711
662	494
1404	738
1900	1424
192	190
526	1458
1447	694
1876	1004
956	1831
2017	2026
464	1503
749	1157
2090	2101
2396	2477
404	405
401	1194
2160	2162
1260	1691
1052	1694
2061	2091
806	1231
807	156
1249	1981
968	66
144	1665
200	564
834	612
607	987
2121	1728
802	805
1436	504
2527	2421
1324	1331
617	618
441	442
576	582
2036	2204
275	280
1114	111
1093	1950
431	434
1408	950
1706	1203
1267	98
1075	1230
1407	1566
315	1056
1810	1316
2290	2293
1482	689
1182	494
1073	1449
787	132
237	230
387	384
274	1971
285	390
785	788
1596	1093
937	1013
567	569
1612	1108
1574	1575
238	244
2194	2221
2	3
1766	531
2343	2038
1686	1635
476	1135
2190	2188
592	590
1640	1819
1396	144
552	549
1326	299
778	1449
2314	1063
2105	2151
2246	1997
1073	1497
2493	2495
1749	1325
1820	742
2368	2088
5	422
242	1573
1519	1520
1477	1476
1974	974
2352	1400
2220	2219
2426	1728
2199	2187
2282	2089
379	290
574	520
633	952
510	219
203	1389
626	623
936	1538
480	261
563	513
2490	2535
1372	475
1488	76
809	1253
1176	1175
716	844
1934	542
223	1175
1161	835
407	915
1283	1162
899	743
2145	2305
324	327
2186	2188
1743	1347
1613	908
2140	1934
320	237
51	1079
900	901
1644	620
1582	786
1387	235
72	1507
2231	2391
153	124
503	755
1658	312
2352	1744
2435	2128
346	1519
793	2127
1161	878
112	113
225	223
203	1695
1805	958
1365	810
574	972
180	1451
295	788
279	1040
2202	2128
631	634
1314	260
479	997
2	233
1666	1577
1737	1184
1523	604
404	1639
973	291
1954	2040
1093	2282
1396	1394
1406	70
2157	2245
548	832
1197	1198
1047	1050
1577	876
2373	2065
521	72
654	1194
1059	843
56	233
1171	708
116	119
1672	1476
331	194
1565	1154
1698	738
964	352
850	213
729	713
1432	1227
1267	227
169	168
184	183
722	726
450	101
368	788
725	1642
1848	1846
1494	1622
1490	1488
1538	1540
2214	2221
1718	963
919	791
1037	2274
2322	2188
2381	2465
1155	675
1042	1043
881	782
1090	827
2400	402
1698	528
56	1349
829	830
401	817
1923	1850
1381	803
654	968
2064	2259
1250	1913
2267	1131
721	2362
1733	1049
1176	865
1719	851
1410	1271
370	382
2261	2284
938	577
1336	516
2047	2010
2431	2268
1362	805
9	1503
2198	2195
2528	2142
1176	473
1103	46
1187	1191
2290	2262
2236	2008
321	320
1767	1441
2122	2409
2054	2052
1475	87
117	898
256	348
1260	879
366	690
588	1426
443	519
116	120
2371	2324
546	70
1118	216
1032	1258
1130	137
887	769
110	109
1923	90
357	951
322	1449
149	358
428	1561
584	440
1371	807
1113	1748
1991	1580
2488	2254
769	868
165	321
2037	2013
2131	2230
2429	2418
1755	904
1424	212
1339	559
1372	1456
2021	190
2371	2375
198	904
411	716
2271	2089
2311	2159
818	1234
1852	247
1507	790
215	180
61	144
2103	2101
1386	161
789	495
692	303
2129	2125
1529	163
630	735
264	481
1093	2185
767	546
1087	1090
184	16
2129	1936
139	387
1442	125
1245	1105
2055	2234
951	1179
2355	2179
153	1822
2399	2304
1432	1297
319	322
1959	678
1026	1847
196	376
1297	1432
725	723
494	931
2128	2095
56	81
238	239
34	39
2268	2431
151	540
1967	1491
291	203
280	281
450	607
1869	1660
2031	2510
207	431
477	473
813	815
659	829
65	68
87	1475
707	1100
986	924
1148	1149
1897	357
1535	1104
1343	159
572	206
1718	33
491	489
450	298
1888	1927
2254	2184
1388	848
1569	980
1220	1291
259	1899
1665	1610
1433	392
1314	192
133	560
1230	1497
950	803
768	963
436	1342
461	462
300	535
2281	2285
33	889
1459	926
215	1021
2307	2308
948	38
2185	2233
967	587
1452	163
740	1382
1134	969
373	644
1659	1752
1502	1144
1210	982
382	214
1283	101
756	759
1204	1115
2456	2390
1111	1112
1637	1378
2521	1744
230	232
1837	1419
473	57
1422	113
1213	1081
1482	1481
818	1233
922	189
1628	1627
627	628
806	802
1769	1646
652	83
1172	161
2366	2140
2523	2455
665	448
1072	1074
291	205
2293	933
1789	1742
2089	2084
2423	2209
125	1284
496	963
207	203
1486	189
2391	2498
2289	1898
1321	1512
2210	2379
2164	1958
105	1793
339	621
141	1673
1204	619
410	577
980	343
688	302
360	363
452	457
708	378
2357	1131
464	307
2018	2016
1955	2040
1663	806
906	1028
85	83
816	219
1069	436
399	400
2151	2106
973	255
21	18
2489	1744
413	1961
741	605
1044	542
2132	2044
938	706
41	44
555	1279
1052	776
2112	2347
922	187
2524	2479
981	1254
518	520
2210	2509
1330	2111
264	921
273	1009
1217	1219
2121	2091
953	689
1782	85
347	346
2183	2181
1309	750
1473	1517
635	1247
1303	769
652	659
199	200
719	961
2429	2440
1844	1845
1670	473
1473	877
1058	1059
426	427
1118	1432
481	260
2149	1954
998	1489
1968	681
2032	2229
1517	1332
2302	2182
1491	836
708	403
2344	2467
353	1477
472	470
62	55
529	471
2052	795
327	673
2426	2205
2420	1938
58	1576
1830	1898
779	778
972	951
835	790
1605	1387
2208	2173
2444	2337
309	832
1956	1907
881	885
225	1058
1445	56
2470	2141
1429	151
1836	951
1943	2041
842	1515
1058	225
1596	1597
1155	1249
284	823
1194	222
1039	279
2189	2479
948	950
1418	1290
1390	1391
571	271
1774	1775
2018	2345
2226	2228
1091	2093
1163	2293
1311	1929
977	1243
150	152
1448	438
2311	2203
2012	2093
2201	2040
700	654
970	891
2371	2128
1277	1278
304	250
2263	2134
1942	2305
1831	1493
1798	1277
1641	1707
431	438
964	99
1204	1203
929	931
2293	2258
244	1109
1494	694
710	711
1221	1077
959	1022
87	80
2378	2309
2384	2347
270	271
516	1224
1604	2169
2147	1038
973	204
373	376
1203	227
396	397
1130	1822
213	210
2057	2013
1384	347
1327	1742
1522	1135
2269	2271
642	647
1567	1512
66	791
1252	840
2304	2381
876	1041
1141	112
2012	1859
1677	1354
1646	1508
242	577
151	1429
2518	408
2422	2229
1052	42
1176	584
108	106
1060	1063
1080	51
336	1214
1198	1697
707	577
1770	383
2414	2326
250	405
769	766
411	1444
1466	2011
1127	24
2381	2380
1362	889
2083	2086
3	0
126	268
638	913
1494	1047
1172	206
337	196
688	651
2135	2049
2156	2155
123	999
736	877
1663	1665
1083	321
725	1236
1084	588
2396	2397
995	994
328	2
195	190
1699	1022
2270	2091
1202	609
2284	2088
1775	2014
2313	1903
1596	1598
789	678
1670	1605
213	611
583	576
373	257
1626	201
2403	2075
2048	2047
821	819
337	1137
2258	2521
986	1903
2201	2079
1321	1830
1832	1105
386	1287
2161	2160
2168	2143
1782	80
1070	682
2368	2271
1580	417
1930	1755
1826	309
1837	930
2313	2210
565	527
1088	999
477	493
2025	1131
205	291
1446	1322
1348	476
2516	2503
781	782
2244	2001
448	444
547	549
71	596
419	1530
1541	934
2358	1461
1839	366
235	232
1495	249
411	1443
2345	2148
440	578
1508	1570
442	1361
1938	2003
2204	2431
1637	327
1418	1531
651	16
775	232
1767	1227
256	220
162	239
1639	404
764	767
1670	979
2065	2316
1022	164
2451	2182
419	523
1258	1398
2084	2091
252	927
2038	2235
2330	2193
1330	2137
269	1289
277	806
107	82
1092	1470
2307	2309
2183	2304
2189	2491
659	224
2298	794
320	1023
1114	109
2227	2246
2219	2222
2218	2065
1203	1754
1192	1189
1609	144
1210	99
2484	2145
1108	1612
2139	2140
82	1214
1334	1890
1377	1862
1016	1739
1452	162
438	1254
1366	774
227	809
351	594
1358	1360
250	1098
1459	1499
384	835
1804	224
1429	46
2113	2289
110	909
324	142
771	65
2049	2409
43	590
974	972
1580	573
799	12
1005	910
2275	2032
2116	2325
440	410
688	691
332	334
442	441
104	1095
284	283
223	59
2168	843
2204	2282
172	166
1195	1424
661	660
147	69
275	206
2507	2123
2297	1063
322	1752
517	512
1492	1899
2415	2373
1968	1817
291	564
1476	353
1959	494
1737	1738
599	494
424	968
15	1518
402	249
990	997
202	671
1312	446
116	118
1388	405
522	572
2166	2284
187	70
819	1328
925	596
395	253
431	433
1162	900
1346	524
796	798
535	534
890	1196
1259	1261
2454	2102
282	43
2303	2183
661	1107
2429	2249
1140	2183
576	493
1888	734
1788	85
1280	136
563	436
746	531
865	1176
2357	2159
2023	2024
392	395
2288	2336
1433	124
1136	26
612	210
404	249
1669	95
2198	2189
478	123
2061	1322
1051	537
725	1238
1321	635
411	409
241	320
2230	2123
134	1063
204	205
2111	2113
1168	827
1857	442
1002	1006
1623	1624
1707	1641
712	1430
445	444
1277	1280
754	753
1060	134
2058	2038
64	63
291	288
1577	1666
2214	2000
2341	2342
1761	1201
705	706
1285	600
1168	303
2148	2084
2489	2205
905	900
2047	2051
1061	1095
1596	1599
546	1157
139	391
1911	2089
2122	2402
670	668
249	250
1880	639
1320	214
595	599
0	5
617	388
1282	147
475	474
2324	1837
86	87
1366	123
2024	2131
741	607
20	730
1262	879
1943	2076
742	1015
1122	1484
687	607
1452	1455
751	294
1613	299
1091	2086
2082	2292
203	1729
1285	67
2522	2369
2307	2312
8	893
1091	1470
242	1454
320	321
1277	1279
217	299
1713	1712
1109	1205
71	72
16	349
985	835
1287	413
289	33
1565	1407
2124	2061
2220	2222
1436	1014
1996	1295
1228	1226
1037	2148
759	1516
510	509
379	604
896	909
135	331
1903	2208
1716	1591
1378	382
517	214
1006	1715
1248	1117
1965	2065
1386	988
1331	2266
1271	1363
1881	1049
1169	303
1484	1642
1802	432
1376	727
1920	808
179	1340
862	1158
665	1622
917	918
938	940
302	711
1911	2178
48	95
92	777
182	1487
2150	2105
194	52
1139	884
2427	2235
1033	1031
1728	2092
1868	1381
1880	1598
217	257
347	256
1957	933
1889	1514
1139	1222
529	160
2203	2173
2146	2148
2234	2038
733	169
996	644
2061	2129
240	163
1152	628
1018	1012
2220	2012
648	847
733	237
2032	2065
2311	2174
2131	2231
849	702
1093	1943
2221	2128
67	790
1169	829
697	701
1256	165
2215	2010
1544	1621
1476	693
2235	2107
2487	2241
2205	2177
511	513
1058	223
103	102
171	1194
184	142
1605	1648
2383	1950
821	817
444	268
172	1251
130	129
651	967
881	81
779	1458
2263	1898
2320	1744
724	194
148	155
582	777
156	158
1316	1313
1633	880
766	769
936	690
1122	124
1338	986
482	95
1417	718
2330	2331
14	250
990	771
1365	612
1706	894
1867	1598
691	819
1575	133
2360	2304
341	925
84	223
1566	258
1444	2435
276	275
2491	2196
854	1295
2518	1444
2167	1898
1522	1615
841	484
258	725
136	790
2260	2261
1285	68
506	56
1116	450
308	464
1231	1659
2283	2371
797	685
239	240
1203	966
1020	1198
933	2276
1814	1813
2300	2013
1319	1696
1088	546
508	510
105	705
2321	2373
1255	442
2352	2127
964	962
157	1199
2123	840
2175	2117
862	1309
1757	153
2264	2439
1032	872
411	447
1958	1942
86	55
2253	2245
795	2115
1012	1016
1172	733
1187	462
2360	1903
160	529
1713	452
1229	1145
1961	1709
1266	1808
1541	1538
1155	1152
930	1055
958	959
485	483
2302	2323
569	457
112	114
1974	1004
460	166
2449	2035
839	1262
19	836
1264	127
2021	1992
344	346
2144	2332
1433	700
470	94
2008	2003
126	1496
596	68
2339	2132
336	613
790	679
415	1971
417	522
852	213
2435	1038
1183	1361
1509	1551
334	418
126	297
1883	1747
261	482
274	926
2172	2183
963	1028
1903	2205
557	559
701	1200
14	347
291	200
2326	2414
832	836
633	631
2335	1329
1476	1475
1897	553
29	845
816	895
1705	181
547	552
1659	973
480	484
390	229
756	715
1082	1085
419	355
1896	377
566	1401
906	1024
2109	1796
1042	750
1048	1866
2459	2403
379	257
2423	2424
1162	1161
1533	2145
1276	1769
640	639
2240	2241
1466	2289
112	115
2247	2473
593	1456
249	405
55	625
1807	164
1569	1482
669	568
219	81
451	214
2090	2256
603	1644
2159	1507
1476	1481
1074	778
23	447
2369	1830
1308	433
255	1096
1443	2456
271	493
205	206
308	750
309	488
1443	993
2147	2077
1832	977
1931	915
2271	1955
416	334
751	1376
1465	1841
495	1034
1101	775
1728	2067
282	285
1107	1482
613	615
250	249
150	553
408	413
1775	2326
269	1365
1207	223
68	72
24	791
783	438
352	572
859	347
1746	1305
1941	1222
1099	926
2003	2009
231	505
2215	2111
936	673
487	491
2272	2009
1866	2390
1055	1698
2198	2354
1006	396
1052	594
1909	1616
1735	1952
985	1095
1907	2476
28	828
1916	22
1556	186
1013	1012
774	1802
701	1410
1026	1817
932	930
1343	1342
1684	1683
33	1759
1326	620
2041	2372
1074	1452
1327	1324
104	877
401	349
837	838
242	165
1943	2038
1550	1244
383	797
2028	2357
2375	2372
227	159
607	101
830	1229
1787	329
1274	417
1856	1642
166	170
2507	2087
872	871
1703	1068
588	1084
1653	979
25	33
303	651
164	1022
1690	389
2182	2188
2162	2161
1777	1257
1343	575
774	874
317	687
1692	466
2267	2265
1781	44
1565	366
1387	745
261	1500
259	254
633	1797
1288	1125
948	682
1206	256
1642	1727
1774	360
797	393
1325	1743
2440	2441
2042	2055
2351	2110
2179	2036
1238	1235
2497	2344
1753	1755
2104	2107
556	1097
1455	1452
541	576
271	1144
1823	414
1271	456
1047	714
793	2169
580	938
2264	2262
814	849
1901	1710
617	101
998	1125
1533	2084
2339	2382
2371	2125
1859	233
950	575
2301	1091
781	783
938	410
2105	2104
2521	2277
1535	857
2288	2286
2013	2039
2086	2115
2088	2234
883	885
1387	1
924	790
35	383
1789	1790
1286	840
257	413
981	584
144	1577
1486	568
560	1829
686	363
819	1098
2149	2329
1796	1830
1808	16
690	366
1650	1227
599	931
2155	1958
1169	659
2440	2083
1725	493
478	74
395	303
425	1837
2068	2076
613	616
1717	1716
1811	2500
1129	1065
577	162
2159	618
354	935
2417	2174
2474	2131
239	577
1311	121
1298	771
1608	1568
984	438
1723	886
2007	2162
2326	2293
403	347
805	804
1810	2074
888	867
2084	2040
256	1206
1930	774
326	1106
458	177
1173	572
1567	1569
2261	2316
2403	2460
1624	1623
1578	1536
228	226
1077	441
1490	258
847	848
1888	253
814	1519
1743	1910
212	339
527	526
1028	477
1107	660
1135	1522
1269	127
2050	2454
160	158
238	163
654	952
1116	1164
2365	1796
247	138
414	94
1140	1596
14	10
2510	2517
734	180
201	241
2195	2322
973	806
915	597
892	548
124	396
450	379
411	408
1296	673
1267	100
2375	1734
263	921
2404	2362
1332	1335
876	1214
1322	2169
835	217
998	992
76	877
600	790
2377	2095
42	241
104	450
1025	462
1579	405
1467	535
430	569
2154	2380
1220	123
1243	1461
1978	812
443	927
1362	10
1854	445
199	204
1171	1069
1742	542
2399	1331
502	503
1627	1453
330	331
795	2151
2085	2038
1771	1772
693	1170
392	393
986	339
661	489
562	563
1073	240
1077	1221
1163	2185
2066	2473
1287	388
2226	2227
1579	251
987	495
1517	411
2239	2236
1759	33
1265	1733
1633	1021
132	1106
1968	327
1416	124
1140	2298
1940	109
2038	2088
919	274
1943	2373
247	248
1500	261
679	604
1752	806
2107	2192
1170	222
76	78
2080	2176
2287	2286
1215	469
2518	2455
2462	2238
2066	2424
743	585
1693	1768
2148	2324
1843	1731
824	877
717	491
737	646
2237	2038
592	594
345	1434
2274	2040
1448	680
1043	1370
676	1310
345	214
2135	2139
210	612
1114	628
289	291
1897	1819
1328	498
303	329
593	843
810	299
414	1973
1504	968
2340	2294
570	481
810	790
1732	769
1910	206
2271	2259
555	615
776	240
232	777
581	854
1538	1403
1107	1525
322	770
2345	2016
1248	221
599	835
1931	64
1012	1018
1562	521
1913	258
1827	1291
2488	2184
810	1397
1692	869
1300	529
2302	2107
605	604
1985	2016
2194	2068
1369	769
2393	2131
1513	1321
886	1266
2137	2162
2348	2110
413	447
639	70
2132	2200
690	140
203	207
1359	729
337	727
2467	2018
193	300
2312	2191
747	92
692	690
428	1277
1290	1532
364	1515
267	1827
1915	861
1672	1410
90	421
2055	2085
730	1202
879	331
1775	2108
100	779
1922	1399
115	1907
2	0
2154	2379
1031	228
94	470
258	726
444	447
1231	1033
704	702
1296	787
1651	609
1031	1036
211	1598
195	19
2088	2151
1315	1770
1683	903
488	1218
866	769
2189	2187
999	769
2120	2419
1954	2271
292	296
578	899
103	227
2033	2353
2301	1092
1929	1311
1801	1512
1447	355
526	1204
1072	244
2053	2458
655	651
221	320
1542	1630
1361	442
2452	2449
2371	2077
2436	2258
554	203
957	1036
2343	1903
1617	1599
709	1320
12	1250
168	82
1075	1073
1503	308
1016	916
1116	1442
131	710
2152	2046
2458	1929
2521	1163
869	874
1515	842
1055	1011
629	627
628	677
2127	2125
391	139
63	68
1855	1642
1653	1039
2282	1955
1761	1085
193	804
1517	1316
2156	1958
1013	1017
28	827
920	919
1421	873
384	684
1473	1332
297	298
441	1077
2147	2040
2223	2225
1722	882
2295	2299
1185	1186
579	592
605	1736
611	210
703	843
802	32
1798	1084
2521	2027
925	70
1268	1267
601	371
2085	1985
1518	346
299	217
639	1312
142	1130
211	1895
1660	612
1569	78
607	1095
50	763
483	261
646	678
423	1287
910	679
100	778
1773	589
1805	674
1002	1005
1616	1522
1365	269
1826	1827
263	262
1688	166
1325	1742
1792	483
1973	88
203	1730
53	11
453	1302
821	553
2537	2520
1225	1223
2231	1936
681	1099
51	1476
670	514
831	314
210	209
1273	1243
2362	1567
1810	637
230	235
2288	2289
1494	1798
213	209
339	257
2285	2218
1792	1595
2414	2274
1377	347
2097	2246
1824	1823
2134	2248
11	53
714	690
2306	1656
1676	1354
1596	306
1196	67
1844	1543
1247	869
448	665
2127	2128
1770	1954
1580	1534
793	2126
571	1705
977	729
1349	81
76	75
1220	145
1070	352
83	87
775	940
1743	1911
1362	1364
478	479
758	1043
1153	1586
1655	278
2276	933
2147	2249
1822	140
2036	2265
252	578
513	707
1137	315
471	529
1022	390
558	788
2354	2198
132	787
805	697
1854	789
1455	575
2051	2486
1766	1767
1407	1603
1841	1667
1868	528
206	205
2351	2469
864	899
2234	2106
811	43
1502	395
2129	2127
2068	2463
2118	1998
435	686
2031	2033
300	533
1682	1684
583	840
2507	2083
1169	1108
2425	2320
1001	1489
835	987
334	157
1593	372
550	547
96	97
1510	326
370	371
162	226
2144	2319
1417	1289
2410	2244
83	80
1945	937
1182	664
2138	2163
55	626
345	347
73	76
460	733
2266	2082
2290	2127
1061	792
1919	1484
1912	269
1164	1229
816	1729
408	412
130	131
209	212
1347	1325
1298	714
1215	1012
814	421
2069	2071
1097	1517
395	1579
775	417
204	436
2033	1092
680	683
2408	2191
115	329
920	1638
1157	546
1038	2148
583	1252
779	417
1985	2085
1330	2142
2008	2009
2004	2007
2483	1775
2151	2085
936	304
1450	285
1650	365
1778	1602
1135	569
1537	1168
1566	1407
309	1964
1077	442
1909	1438
834	1869
307	464
219	1398
302	304
1239	1018
1540	1538
1985	2288
1585	206
2143	2470
1441	967
1196	620
2118	2119
262	614
2437	2433
572	1174
652	218
275	276
1507	925
449	542
1217	799
299	617
2289	2288
2091	931
1498	279
1384	1385
452	453
1347	1743
203	288
933	2282
1217	1081
1855	387
2040	2235
1589	602
1468	215
1851	290
809	432
1651	786
2315	2185
1644	621
2084	2259
512	574
2195	2065
2029	2034
1559	1158
2381	1903
1025	963
1694	567
1491	189
322	1023
502	504
578	581
2263	2367
1489	187
305	673
2067	1728
701	7
131	711
1903	2209
680	575
65	63
2303	2265
2096	1795
1699	417
856	919
1685	1247
850	851
1112	927
179	177
2360	230
192	101
998	1488
2052	2093
1065	814
2126	2125
2166	1958
1428	1427
1824	1708
579	594
445	792
1592	1540
1419	1418
1714	418
804	802
978	55
836	925
349	348
1459	1458
2288	2361
1017	1238
626	55
1571	153
137	138
1017	1012
1607	1966
473	474
394	1591
1191	1302
1650	1867
1240	705
2326	2086
39	1268
1530	1232
1156	340
127	1668
645	891
1734	1952
856	286
1817	1743
288	291
941	577
575	680
175	177
1057	792
321	165
555	1345
1343	1344
2190	2517
1964	998
1761	1505
1053	413
1229	1230
2229	2064
2445	2265
2194	2126
560	133
879	1260
2046	2027
2027	2399
1625	627
1242	880
693	1246
1265	1317
2220	2093
223	652
2353	2082
2451	2175
2167	2087
1742	287
2509	2379
1974	281
266	267
1112	51
98	104
1982	1656
1636	118
365	1883
202	204
2063	2064
982	501
1694	549
33	552
290	730
698	95
904	290
75	736
904	748
1382	147
2163	1756
1634	1632
1374	1375
460	702
197	193
45	970
2298	2457
712	1079
64	146
1580	194
2185	2262
2082	1093
2207	2078
1987	2162
96	84
494	147
1931	78
2238	2141
361	81
1135	1187
2087	2104
2099	1371
779	173
2004	2006
1364	1369
1700	1213
91	565
2068	2471
273	271
982	1272
512	516
1927	1707
2507	2110
1909	1882
2127	2129
1519	451
807	242
1429	148
1697	1039
909	192
1303	1266
2235	2104
317	990
1769	1275
1903	2203
366	360
2003	1053
816	144
964	136
1532	2318
337	1293
1028	1024
1273	484
1659	1229
2229	2087
1616	814
2187	2198
1261	1129
1411	1529
2083	2084
265	261
1767	1440
1886	1355
2367	1997
636	634
1044	1669
1069	102
945	451
1430	1505
1354	727
1268	1183
1145	591
2166	2164
1711	1962
1518	1520
1985	2235
531	529
595	71
1118	1644
2429	2039
1839	468
1497	743
700	397
2208	2315
2283	2087
2444	2121
2417	2320
2127	2202
1065	1193
1336	1732
395	405
1593	374
1600	815
2187	2196
121	126
1519	1518
1195	1423
709	727
815	1701
2312	2307
2185	2176
1865	1081
371	369
1338	665
2528	2387
1513	529
975	978
19	18
2376	2127
519	578
595	63
1507	70
1410	1411
1768	1452
1164	206
319	320
1642	1843
754	395
1094	1097
740	1613
871	874
1711	1877
828	1098
741	678
1417	127
780	99
1938	2015
254	255
587	516
2000	2001
2144	1898
1955	2149
2209	2423
2534	2036
104	255
2109	2319
2040	2150
908	192
1919	124
169	170
639	1810
675	1068
141	1482
1405	296
2179	2355
584	854
626	622
1667	1568
43	282
1233	115
512	572
85	652
1982	2120
2172	2131
1672	1972
108	944
158	321
395	250
1575	1963
248	198
2113	2215
546	1088
124	1122
1592	1086
1124	67
20	917
138	250
1138	1669
649	652
806	973
2289	2197
1649	1650
751	1057
646	69
1609	1610
80	85
1359	151
2296	2213
2395	2208
2154	2027
2132	2130
576	583
1824	244
1136	692
1153	286
953	1213
1502	1726
2508	2170
1674	1227
170	704
2143	1929
788	1154
1241	1243
987	1644
2088	2085
995	268
35	206
127	122
1224	1223
2125	2169
917	145
602	123
87	82
1941	6
142	688
1456	173
811	252
1343	753
2145	1796
2371	2129
1022	418
2075	2264
1506	1012
2373	2315
993	1547
2480	2145
1735	1734
618	1073
1285	1000
1216	1215
2335	2447
1642	1855
2383	2206
1619	1359
2501	2140
1242	355
67	68
2388	2226
697	805
163	240
553	820
1916	1366
1221	439
661	85
2167	1063
203	357
1388	1389
1549	1127
1192	1190
1001	1123
2448	2055
2139	2141
2008	2010
256	347
85	219
1341	700
1264	497
1275	1276
2400	389
2438	2184
2218	2233
937	1945
145	64
1755	1460
218	652
982	483
691	1297
15	14
607	1061
1583	1089
2276	2282
441	43
1679	1680
1291	123
1551	48
786	1584
1673	141
2072	638
1046	1042
1314	261
164	1199
108	4
746	1187
1241	1242
2048	2326
788	371
351	272
1330	2344
634	785
353	714
73	75
820	553
234	232
701	700
2111	2110
267	269
713	1907
134	985
2192	2193
1053	930
1958	2094
577	706
2410	2434
2097	1419
2332	1950
2534	2266
978	1214
1787	3
897	117
1845	1583
210	611
1074	521
270	272
476	473
2517	2178
1507	101
1858	1674
2468	2110
2042	2039
1939	9
1528	1412
1980	2164
1604	1938
141	1277
1190	746
405	403
1639	1025
1016	1012
2479	2208
398	1609
1885	1251
1676	1118
1024	1440
522	43
1132	328
237	66
537	300
439	440
2045	2043
823	283
105	729
343	1350
738	1055
1397	546
1777	125
1348	492
2098	2096
2113	1898
1876	1184
2203	2175
801	800
475	46
976	1203
239	580
2181	2028
1492	2398
952	1286
2203	2205
393	392
257	606
1836	266
1970	1971
1538	1541
1997	1999
693	62
1100	319
1718	357
689	1481
274	417
299	1457
222	180
1707	1927
1254	1176
1421	885
245	246
2097	2333
1017	1016
1839	151
953	702
468	469
795	2088
1462	1464
1439	1028
1596	754
922	765
1516	378
2315	2193
1146	570
2325	2429
295	368
2022	2135
377	78
1105	220
531	1188
2005	1810
1831	1823
291	207
1398	1782
1615	1135
66	792
2172	2024
439	442
1258	763
1277	1281
690	302
1380	803
1542	257
2470	2472
805	1741
739	1731
249	1579
652	1058
1899	1492
1676	1677
2245	2251
1907	2407
477	1319
1388	141
2200	2295
1202	729
763	761
810	789
1277	926
1560	342
1563	1756
2504	2409
1669	1138
1051	1094
299	1118
1830	1796
667	494
908	1336
1682	1683
2134	2440
1033	1035
680	607
2258	2195
968	1504
1567	402
2177	2523
1331	2320
280	278
2310	1691
1083	161
1505	1506
1666	1663
311	140
1810	2075
560	327
264	982
558	1165
1644	494
2426	2283
239	279
2125	2193
1404	1405
1956	1409
1663	1609
1458	1627
1418	921
1708	886
1477	1672
748	749
1440	912
383	35
1069	780
960	300
205	199
69	835
604	257
2072	913
1737	1320
2206	2352
420	355
703	1144
1517	1097
246	856
2306	2424
1772	431
2436	2428
1531	1958
1953	1317
1263	1261
1282	1498
620	835
1310	313
697	802
501	982
2309	2379
1354	1548
335	336
737	65
2082	2421
1702	1701
1210	1861
802	697
241	857
2017	2037
1713	153
1267	1268
571	178
199	203
227	1499
2288	2076
1042	246
1217	161
436	431
417	173
2511	1939
1426	950
1577	1665
481	1426
1831	188
452	455
2343	2337
2115	2117
285	1023
1537	829
29	1571
556	1291
1162	1076
391	1580
1996	309
523	524
1306	1304
619	1182
812	327
2068	2194
65	66
726	382
2195	2258
540	628
446	448
2382	2142
1629	642
327	690
609	1446
1459	972
1478	124
2021	2022
1126	1127
2270	1038
1079	1081
1425	1423
658	42
1275	1200
1632	1633
1700	815
1585	708
924	70
861	1166
2031	2029
350	345
1649	1651
1079	615
604	608
339	860
286	287
686	1592
1222	40
573	405
2347	2112
334	417
440	443
2058	2376
2150	2106
346	1518
2343	2013
2178	1377
349	344
1705	1917
857	233
675	897
1467	1061
1695	1320
722	723
1975	76
244	208
854	584
833	1748
390	285
1865	1606
1074	1039
353	988
1684	543
1670	222
600	678
2211	2233
1208	1085
2500	638
300	534
2173	2177
2213	2297
1052	222
1276	1256
645	648
2469	2351
1987	1986
2487	2162
424	432
2350	2213
1455	1280
2062	1337
162	410
148	149
1466	2286
1357	1071
204	1171
2449	2451
1179	202
1253	584
819	1297
272	351
1187	1188
2029	2033
1814	178
1980	2190
192	906
1502	1646
987	1326
1979	1981
126	836
1432	1431
1566	449
1216	410
2025	2387
508	171
1176	474
2078	1954
83	85
554	1209
879	1461
1243	1273
1770	146
362	364
984	1528
591	1147
2386	2364
866	868
305	302
2216	2217
1062	2201
1808	1266
2232	2250
816	813
745	1387
2263	2260
1360	1358
15	347
1197	271
563	1631
2328	2329
184	688
581	576
483	485
1190	1192
44	41
2403	2120
231	55
2425	2423
739	740
1360	1915
190	191
548	583
865	1175
2504	2231
2058	2057
1697	1282
618	666
1387	108
2165	1093
173	417
2041	2343
2349	2482
1879	242
592	164
1197	592
1827	63
2126	1936
2105	2235
937	1016
1452	522
995	1982
327	325
1155	536
1675	791
1021	354
1851	603
1468	1200
1527	1411
206	275
653	695
1061	606
426	14
1265	1314
571	567
2352	2353
1660	834
1558	969
688	693
923	790
180	1864
2021	1271
1111	449
686	743
999	1382
135	212
2068	2067
478	128
2060	1999
191	194
1543	1545
25	32
1473	1405
722	725
1625	449
991	492
1362	694
775	1039
621	617
409	411
809	811
1794	1795
1626	1453
807	808
1057	1784
827	1619
71	70
201	199
713	1183
1146	1700
2128	2222
1967	189
1305	1747
228	1034
1012	1015
1490	998
366	1201
955	23
465	1399
1226	1228
2355	2357
2011	2371
2444	2002
2354	2171
1171	202
1162	867
587	588
2426	2091
1053	1698
2519	1437
678	495
2278	2017
1571	140
1067	1071
1598	1872
1452	243
11	14
2402	2015
1323	805
685	1385
1730	203
1938	1950
1568	439
1641	632
2307	2311
2443	1886
2459	2122
234	230
1039	581
2306	2456
1002	1004
886	166
700	1934
137	132
2348	2112
2307	2153
714	131
1303	907
1429	839
1354	535
2327	2037
471	530
587	589
506	1620
189	1491
2409	2149
2142	1796
384	100
1022	322
1550	840
742	418
1877	57
743	1497
277	533
1215	1216
281	1205
712	714
1207	256
1449	942
594	164
1294	1229
2147	1954
2319	1532
2071	2522
965	112
52	218
102	98
1313	1314
81	82
1965	1444
2095	2222
469	1401
2125	2129
1668	296
727	1322
2292	2282
2236	2231
1063	2222
2069	2054
1732	1369
2227	2245
774	1477
284	654
389	390
612	834
1706	978
1117	985
382	1896
2447	1735
1541	304
939	410
1525	1524
1098	787
706	942
2117	1898
2046	2197
667	663
878	877
194	197
789	67
748	76
1736	605
433	1471
304	1272
706	577
2187	2195
1689	1100
1751	1114
1444	2518
1334	1333
1904	1905
811	1099
1186	483
2236	1533
1453	1073
958	79
162	1282
206	964
137	140
1665	1577
2395	2198
2433	2437
859	44
51	50
2219	2221
954	1352
644	1052
2165	2301
1726	1502
1033	1786
1241	52
413	1745
642	645
1992	2060
2346	1443
2022	1652
1892	511
279	1074
279	1101
1458	1459
2270	2040
363	437
2365	2284
1965	2173
1565	1566
603	166
273	407
241	624
1360	870
566	105
655	1059
1274	1456
2400	2343
1799	1122
233	167
2408	2394
1544	1183
1744	2352
1103	1107
803	1379
195	929
1886	777
624	82
2244	2086
2168	2469
1349	56
2451	2293
1282	527
73	78
839	774
2004	1899
473	476
1907	1092
1418	1289
1460	878
634	1908
1581	806
1407	1602
1375	1307
1629	157
786	1581
1257	944
1269	869
1853	1854
275	277
2209	2489
1278	429
1100	707
1090	40
274	158
792	1095
1535	42
1639	1340
1476	1477
1134	1135
930	679
702	237
1639	936
2000	2249
2399	2439
2183	1945
795	2038
582	854
708	1071
2180	2174
2171	2354
776	1198
533	806
477	474
520	940
1795	1744
1498	1282
1023	321
153	148
1022	320
1824	341
2415	2320
235	237
2491	2189
1212	356
285	926
521	1074
1804	82
149	357
1999	2358
442	1255
2402	194
25	27
2353	1092
1210	1860
1125	376
1048	786
2066	2411
1848	1031
2225	2113
198	379
1582	1584
1594	386
926	927
2242	1890
2194	2192
2045	1563
1991	128
2323	2302
2480	1532
1391	1724
796	685
1571	1372
921	499
1701	1907
1417	1419
459	462
2084	2324
1644	1118
606	604
315	313
1850	1221
2179	2178
645	1217
1341	1705
202	1171
1616	572
2132	2133
470	472
2136	1734
418	158
1415	158
1857	453
2287	1899
682	575
308	1953
352	964
2039	2256
926	1458
2165	2356
746	1192
1476	1445
608	606
2134	2441
2157	1944
751	1056
1174	2464
1681	1951
999	449
1505	632
1936	910
1962	308
2221	2435
1329	2335
345	382
492	475
1346	1014
644	1051
170	180
641	640
1332	411
889	457
2514	2282
483	264
1869	834
1668	127
2100	1371
211	718
736	824
2202	2125
1523	618
33	149
2159	2320
1955	2089
151	152
625	624
1487	1594
2190	2208
1580	1588
2027	1958
1885	124
299	1117
887	888
802	694
14	15
772	771
1982	2291
2201	2176
2025	2197
2400	1855
705	522
975	977
816	1928
1278	141
790	495
1936	2231
2003	1936
2458	2086
771	678
2198	2187
146	147
133	1574
2341	2309
216	604
2014	2314
2235	2040
2124	2125
1050	1795
1647	1731
389	1224
1653	1181
2533	2294
817	395
1006	124
960	1162
257	216
1500	991
1319	1695
513	1768
836	1485
1344	1343
2372	2001
1987	2339
649	653
1965	2080
1083	1150
2538	2479
2410	2326
628	629
1254	585
967	969
1800	1801
1221	1479
601	67
925	790
901	1167
1018	1724
869	871
2322	2198
828	714
67	66
792	1124
1080	615
1250	1201
1106	1510
793	2125
11	12
1750	1397
2149	2273
1671	903
644	1054
1819	357
2137	2136
15	348
1097	1096
1721	426
622	82
1674	1650
785	786
979	1612
739	772
1228	435
490	489
498	569
1334	542
206	207
539	1364
381	446
2343	2037
2123	2440
607	687
202	1211
6	8
790	66
1027	1454
798	957
881	1260
1651	947
1430	690
2281	1092
2083	2011
491	1685
951	972
36	1168
2480	1533
322	1022
1829	111
536	300
735	736
1183	38
1807	1382
560	1114
1168	1169
2018	2344
744	745
235	234
673	711
1523	257
1088	1435
87	86
490	486
242	421
1491	922
1522	430
16	344
1733	1735
2478	2197
2269	2107
1934	2305
1807	1769
2438	2304
1938	1939
719	382
817	819
21	644
2376	2129
57	271
1425	1278
1158	1159
2218	2232
2353	1470
1879	1886
2489	2409
582	946
1592	118
154	1143
1712	389
2477	2396
2132	2131
1386	1083
2361	2286
536	78
428	1173
326	1510
1165	1988
382	727
2260	2010
29	25
1576	1622
1755	1867
1172	173
1572	1803
620	619
1327	753
5	0
717	394
1344	436
1354	824
872	873
2380	2378
257	1630
2373	1943
62	1134
2228	2388
63	67
660	661
606	257
1293	1916
710	131
2308	2307
349	1520
565	1874
1129	451
2513	2218
1466	1911
669	422
337	395
107	624
214	220
254	259
763	1069
820	817
2361	2113
1118	299
1211	205
392	359
402	405
1565	835
539	1431
103	843
1300	1299
737	66
622	624
2326	2151
517	511
1495	403
2456	2257
2046	2210
1094	255
1922	1153
2081	1597
77	536
426	428
597	1229
2420	2058
569	1135
52	221
323	263
1388	143
200	288
1071	778
800	782
2185	2300
992	739
522	1497
2166	1092
1101	927
1015	543
2129	2061
2087	2086
476	584
813	814
2111	2143
1242	1605
880	1066
462	459
1397	67
2294	2295
304	264
1977	957
317	1124
967	971
1883	93
608	559
836	19
340	1156
2086	2169
833	1677
357	1344
585	279
2228	2197
111	1391
995	1317
1233	1447
1032	1398
1596	753
2325	2072
2489	2072
694	697
590	164
2528	2366
2403	2205
489	487
1690	252
2401	2403
1812	1570
1772	1053
890	1952
1242	530
924	189
299	1294
196	379
2013	429
268	1983
560	557
2267	2177
475	865
1529	228
1769	1693
1917	1146
2200	2182
2064	2258
646	66
1457	987
765	189
1987	2035
2454	2054
2360	235
704	876
2148	1955
2266	2268
2149	2426
166	174
1538	936
1630	1542
799	1213
1618	39
459	460
1670	1672
511	516
2254	2077
1396	977
573	1495
665	1341
325	1708
1939	1938
1769	1807
2054	795
2181	2182
1203	252
703	702
542	544
994	1027
1	108
2164	2166
951	806
2514	2080
2522	2404
85	223
2369	2370
662	664
1479	237
128	133
1088	1337
838	791
1195	1278
1199	1147
725	1334
440	743
1224	1030
1681	99
1375	1266
647	643
1957	2117
1936	620
2201	1954
2055	2151
2179	2229
184	1541
632	631
2357	2208
92	397
2129	2093
1987	2009
1655	614
1517	1196
1171	434
936	1637
2121	1196
606	644
1422	150
2384	2037
697	804
1356	1110
1553	1555
1957	2258
1955	2259
69	931
2169	1936
121	123
104	1862
1985	2038
175	179
836	187
959	444
25	26
2013	2000
1572	737
1730	1729
829	224
1140	2299
772	678
1898	2117
2205	2074
99	564
1830	2326
146	835
752	754
561	316
629	735
461	459
1817	1026
1752	1229
2149	2410
1198	1498
938	580
1193	171
2093	1837
1802	1803
1830	2359
1330	2319
40	1304
1510	712
1525	1725
1974	383
895	911
2259	2084
1955	2104
788	1264
2346	1790
2001	1997
791	1006
99	742
654	649
1985	2087
1751	1531
1982	2224
2155	2156
107	1307
2398	1492
1257	568
1443	408
1468	1469
1696	1440
866	367
408	409
1384	1052
2024	2172
1099	1070
1378	1328
817	821
877	76
1802	1271
2047	2053
1274	776
1048	1181
1768	1769
521	1099
2278	1900
2138	2385
2504	1938
2377	2221
141	405
2503	2317
174	237
2367	1898
842	1784
2479	1563
1687	823
1312	1042
1449	1204
737	740
654	124
383	682
75	79
690	936
1658	404
1197	1020
154	49
1759	1482
1446	1535
2000	2129
1483	1984
574	966
637	641
241	239
590	165
98	105
1188	583
2022	1999
1855	758
2026	2132
357	981
584	1176
2110	2114
2352	2077
135	1750
1245	1246
1563	2233
885	1421
1192	1187
2215	2110
2269	2270
2151	2234
1719	40
2028	2304
510	1398
790	835
251	1098
1112	1336
1091	2421
1026	271
2171	2436
832	644
2167	2014
2495	308
746	1188
475	1175
1410	1412
1389	643
389	388
256	344
845	841
1855	1680
1425	1277
118	1636
714	353
2364	2240
1565	999
2509	2154
499	497
547	553
1108	131
994	1656
2507	2167
772	66
274	1454
1325	1347
1451	569
1459	436
487	44
438	1231
2429	2419
821	303
1208	1245
969	1189
2038	2085
1849	2438
2523	2357
1192	744
2263	2225
2377	2052
761	952
2503	2300
1544	779
1704	1934
128	134
1854	832
2387	1939
2112	2114
1946	974
2076	1943
2339	2232
1306	1594
1267	240
337	1292
217	987
991	77
1851	379
1039	1040
1462	1466
1793	105
1319	576
2518	414
685	200
1580	391
2110	2106
1187	1189
1618	38
322	165
1058	59
214	1320
894	804
405	141
1710	1151
2284	2206
2000	2372
1173	1278
716	1872
2364	2363
410	1138
1581	205
1488	1931
1645	680
1580	684
507	509
1701	815
836	922
1386	1384
2507	2222
746	1190
2266	2321
1461	1460
2392	2133
2283	1063
88	89
1877	1015
1393	1047
955	1570
111	313
972	974
1184	1737
1973	1221
1592	828
1553	321
354	346
1894	1652
1108	224
1433	539
157	416
788	369
2120	2418
1763	2427
171	947
2409	1938
1486	956
608	257
580	577
53	1804
437	577
2065	2066
1779	243
431	14
998	123
45	160
292	77
520	574
2415	2030
1855	1679
935	859
486	489
396	124
1710	1149
948	17
941	942
821	691
1181	606
782	427
1998	2068
1552	1812
31	29
1698	930
598	1368
441	1361
1887	476
1059	876
2303	1331
479	771
2429	2409
1058	659
728	418
1084	907
1352	954
552	1455
2050	2101
1202	730
2173	2175
2516	2046
279	1752
1331	2415
2488	2082
719	729
1278	144
2024	2171
499	500
2158	2222
2517	2177
1530	1214
810	597
454	515
573	1579
1672	1412
185	186
496	206
1920	1600
215	505
1321	1513
1929	1999
2517	2179
819	347
997	851
54	55
892	895
2195	2321
2499	2292
413	415
2055	2235
1020	271
2109	1942
2090	2049
289	288
2095	147
2324	2129
2145	1830
1813	1631
2225	2129
129	301
1641	1122
294	877
2064	2256
634	405
535	78
2381	2526
1907	2093
315	1408
303	1579
976	1204
866	369
677	855
1259	879
901	950
271	57
1375	171
1418	1546
945	968
469	1873
95	92
857	1456
2375	2391
851	998
721	2475
2379	2188
173	166
357	1729
667	197
2422	2196
1997	2001
264	485
2319	2109
2307	2310
891	1184
2314	2361
2239	794
472	94
1267	252
1784	842
1117	299
161	1454
1927	1064
20	860
310	311
2030	2356
2422	2019
134	992
2047	2050
1557	265
1451	806
564	289
2267	1163
713	1005
1727	1167
391	194
1877	1458
740	987
1136	1138
1456	843
509	508
2400	387
2003	604
749	546
534	533
1553	1556
2265	2267
2531	328
464	1045
1313	1316
2338	2036
565	265
1115	617
1184	1500
2378	2032
1451	438
2466	2061
2286	1603
1687	1688
207	434
409	901
2125	2061
1393	1396
117	33
741	1837
505	155
1146	1145
2129	2202
2074	2094
811	848
1227	1830
558	1164
1038	1954
1372	907
2023	1159
1448	686
379	248
177	176
2061	2125
2302	2505
400	895
761	762
1786	1033
1283	67
2052	2377
2017	556
717	1591
1513	214
130	339
1407	1565
1388	1183
177	1341
213	852
1782	734
444	448
519	580
1101	707
1457	986
2127	1756
1442	1116
1396	1393
693	632
726	1446
2181	2183
313	316
1029	1030
1340	178
2525	2068
2021	194
136	228
1375	1604
2311	2127
486	491
1169	1246
1516	1816
2345	2049
1023	580
2058	2377
981	1028
1020	776
54	61
1230	252
1075	1072
910	192
959	905
338	335
758	1678
84	83
1211	1626
1371	2010
404	980
1098	250
1092	2093
2107	2219
1095	1459
164	400
400	164
1639	1538
1859	1256
1270	1588
1141	114
1524	1356
1337	906
1805	1442
132	137
1903	2176
439	441
603	417
2454	2248
158	1613
1023	322
1942	2002
2519	1642
1613	339
2313	2256
2012	2095
483	1186
1285	1294
2069	2055
1890	2035
765	767
1033	136
313	317
1171	205
11	52
652	59
239	163
1091	2125
1100	1609
1425	1195
216	606
842	1783
74	860
1753	1272
2345	2010
2008	2015
2150	2085
348	859
1770	690
1142	1528
582	410
373	1592
878	665
1562	743
1135	1134
1887	1430
1710	1148
1707	1064
1148	1151
841	845
2084	2270
799	515
2055	2150
513	273
2319	2361
848	846
2016	1985
1959	1459
1806	1924
355	149
2354	2190
665	22
1094	1016
2136	2138
596	1507
2310	2153
792	445
229	2
1273	874
2321	2201
1814	1048
1933	509
404	979
513	915
658	1019
2187	2199
625	623
1628	1211
362	699
1200	1022
1789	1334
608	604
1103	1109
967	395
199	205
279	585
959	266
387	423
31	1658
2150	2088
1028	172
4	1138
231	506
1496	1027
1204	1449
523	528
1656	2260
2425	2515
631	635
2221	2271
772	741
162	577
63	72
303	817
232	657
967	409
12	1121
1859	400
2244	2087
131	302
915	916
1756	2164
481	482
2469	2081
1154	121
437	1039
354	15
678	835
1651	1896
900	904
1646	1657
444	449
48	1387
1652	1528
563	915
2281	2283
2223	2224
1108	1275
1923	1843
511	287
2037	2039
111	1114
334	843
1382	771
1517	408
1628	1172
1967	596
380	381
975	976
786	719
1288	1289
1101	966
1074	1752
390	1147
520	707
257	339
445	617
1122	1564
1362	804
1310	1829
1497	526
1043	807
930	604
1768	403
1136	1139
1658	132
819	1274
2458	1037
1530	1764
958	961
1920	1918
706	940
2153	2159
1395	1493
2243	1754
1784	378
561	1043
1145	1229
1569	1481
708	206
1015	1012
1406	602
2229	2258
2379	2210
1125	449
996	741
2029	2030
395	251
1777	1197
1005	255
2410	2205
1717	1634
1508	1647
165	577
2521	2490
1445	1128
982	264
2197	2289
1039	775
2099	682
866	867
1175	1177
159	243
2314	2244
2310	2308
1824	1207
1453	1627
2052	2095
2176	2174
1654	672
2183	1744
283	285
1399	488
1521	1405
1992	2066
2018	2114
1108	82
2124	2129
2434	2041
2371	1837
770	857
2308	2313
708	379
1088	946
1204	240
1067	1068
1353	216
2218	1163
1577	806
2538	2053
113	1445
1480	671
248	253
360	361
762	1032
1091	2353
658	1021
224	660
2199	2354
828	1718
129	305
2292	2077
1381	802
1361	441
324	131
905	1914
1050	2230
940	208
997	134
22	1613
2105	2040
1823	621
953	461
1550	1639
1715	1738
969	1816
2451	2335
2143	2139
563	1267
2114	2347
1119	1120
1399	1089
2027	2450
1071	580
969	1454
556	836
2482	2372
2013	1903
812	131
64	145
1095	1397
1018	251
842	1678
1282	1697
508	509
2148	2147
1105	1245
2459	2135
2466	2344
383	1266
608	609
85	829
1229	973
992	907
142	1488
68	1285
1502	139
1950	1856
492	57
216	530
954	1689
1837	1943
2397	2443
1153	1587
773	774
2276	2127
1380	151
2040	2038
875	733
303	692
1333	1334
77	79
1199	157
1106	1103
1290	611
1706	1205
1626	1211
1818	357
2311	2205
2134	196
1802	727
933	2201
1579	303
738	1123
1938	2231
635	1321
2367	2075
824	123
1055	930
2404	2031
2059	1952
1536	1537
1991	303
66	495
1349	1128
2411	2117
173	271
987	619
2111	2215
175	181
2231	268
1189	235
1526	1414
730	20
1240	275
2095	2091
924	72
381	18
1873	468
707	972
623	622
604	147
1255	1256
1808	817
23	1440
2220	2067
640	1578
70	662
31	1558
1090	1683
1145	232
429	1278
1283	923
182	1798
1220	544
2206	2264
577	938
150	207
1372	529
499	1265
1668	1137
786	1582
1146	591
1560	456
1327	1738
1304	505
341	1507
2004	1998
2050	2047
471	470
1612	979
190	198
2380	2210
2046	2180
331	878
543	994
2446	2178
1399	1922
567	265
1275	1693
1936	1322
2483	2347
807	811
717	1634
710	305
55	622
841	264
1204	1099
1590	609
172	548
959	1332
1598	1116
481	485
590	865
78	1124
746	702
355	419
2201	2321
1637	305
623	1456
51	1612
1051	606
1105	1641
1135	538
2344	2379
1087	827
968	654
226	228
950	982
494	63
987	445
2348	1985
1057	1378
475	477
390	1022
670	1864
780	943
662	665
925	1034
898	897
132	1348
2	56
2340	2309
1904	1661
989	991
594	864
166	172
2024	2170
2355	2356
1382	907
1652	696
2022	2060
2037	2038
1017	1015
624	241
2175	2177
204	202
2363	2137
2500	913
1432	1806
283	282
2462	2059
294	76
443	1355
367	294
175	176
1163	2300
2435	2271
1887	1671
752	755
882	1635
1294	1196
892	893
722	258
1850	1950
531	746
2300	2301
1376	1378
1038	2259
1004	584
1929	2459
1181	503
1686	1244
2289	2361
383	685
1708	325
13	256
2045	2529
2354	2064
990	1092
488	465
1213	799
1690	1817
711	714
63	71
1913	1722
549	547
1356	1524
1633	1614
1968	174
1605	1884
2521	933
1714	1715
645	1277
1020	174
725	296
363	1381
21	1622
630	736
959	269
147	835
2061	1936
1698	1000
1986	1987
1831	956
1667	402
1305	390
55	223
994	995
2292	2415
521	410
2040	2104
1233	818
3	108
2194	2319
445	986
2013	1936
1491	187
444	450
429	15
930	1011
193	376
761	424
2395	2196
464	287
278	281
1178	1180
1263	879
1763	2039
1119	1121
1378	560
1026	845
519	548
1778	780
24	254
1743	117
306	308
1148	895
775	240
1541	352
1896	77
1336	1573
1390	929
2012	2222
1567	1570
54	56
82	81
689	953
2409	2115
391	1992
1954	2055
1888	758
1055	909
1877	476
2298	2183
833	1111
155	734
1128	1611
565	545
1159	1473
373	375
1508	1188
64	71
495	790
1743	1325
2439	2275
1782	82
138	249
302	692
1117	607
1312	639
1115	619
1082	265
1812	453
22	299
2244	843
2279	2096
335	337
2449	2450
1248	41
2115	765
2056	2057
1279	882
807	574
1886	319
237	702
1975	1302
1004	893
2061	2127
794	2334
1447	1448
896	749
689	1482
2026	757
1798	1891
567	430
700	1341
1079	1080
1802	17
2091	2092
764	766
208	940
556	187
1880	836
1756	2360
824	971
1755	1687
1152	699
242	576
2432	2433
1290	1288
403	402
1138	777
526	1459
1730	288
725	722
14	1401
80	83
1608	1567
2130	2044
398	160
1181	663
2320	1335
2049	2122
199	208
332	333
664	667
1959	1931
1161	832
2091	621
2215	1939
2281	2078
783	984
2046	2262
0	1
1636	1638
1176	1253
545	464
809	709
919	920
1101	1099
157	390
537	534
1080	979
815	1699
13	1274
746	1189
473	346
780	100
2250	2132
1043	758
206	1164
2120	2403
377	382
317	877
2429	1563
259	2134
2273	2233
2376	2125
619	618
1711	919
940	972
1484	1738
1775	2349
655	884
196	1467
1969	1495
2089	2271
2401	2402
781	784
2119	2139
81	84
1869	662
1805	1245
1125	925
1622	21
32	30
1368	598
1294	604
846	847
1885	771
2238	1532
104	1124
418	1022
718	720
1325	1744
2330	1691
2012	2128
548	580
150	817
263	484
1047	1049
38	1183
1781	354
74	339
2292	2499
2014	2039
1293	571
1189	462
481	501
2036	1957
977	1673
2224	2211
936	302
558	370
1856	2144
1416	700
463	464
75	521
1047	140
440	584
1231	1412
2268	2373
1457	339
1640	1321
1449	1147
639	637
2393	2035
804	7
1509	1190
2416	2417
690	327
314	831
2060	714
1936	2126
1494	1799
209	211
2493	2494
384	1287
1459	526
2103	2090
1547	343
1573	242
522	843
492	493
76	730
2171	2114
2535	1992
1564	880
243	1452
2147	1955
2378	2027
1331	2399
2043	2046
2313	2205
272	270
2014	2013
1793	517
2106	2038
428	1710
611	1332
2380	2309
1676	1392
2078	2077
1194	1536
879	1691
2365	2498
1277	928
659	652
1162	834
578	440
2355	2358
546	72
482	261
1245	1085
730	1838
1757	1571
73	74
150	253
575	519
1396	1207
1911	1936
917	1011
2236	2237
388	1456
220	85
1094	1017
2340	2342
1196	687
1837	741
416	418
714	1786
298	1096
513	820
522	173
2292	2193
861	1158
542	543
1018	1239
1203	1204
964	1172
535	1467
1868	1411
228	229
1854	607
2202	2222
2385	2381
993	1546
2518	1546
230	234
904	1366
2160	2116
319	46
34	40
2524	1890
802	803
1489	998
1806	1568
814	1065
1770	1538
2152	2153
110	930
2309	2077
1514	57
1607	1799
146	64
39	34
1026	981
424	507
2418	2428
1332	611
1937	900
1164	833
2258	2229
1753	1754
335	343
1088	550
2232	2406
2488	2080
1080	310
2106	2040
2177	2205
990	836
1807	678
680	687
790	925
2012	2002
402	407
617	620
2142	2141
1326	1542
668	669
2006	2457
1247	1030
2143	2441
200	207
2116	2160
361	774
566	569
792	607
374	372
620	618
22	559
1124	924
278	280
662	663
326	1887
2264	2075
556	1617
1982	2058
1047	303
1285	66
336	657
1980	1979
2064	2036
430	567
1402	1027
437	1752
1642	1680
1273	336
2054	1982
2240	2137
103	775
2145	2045
2503	2185
1936	2086
185	189
115	262
887	766
1239	1041
52	215
1368	1589
1338	101
799	1226
1683	1043
1211	1628
2199	2322
666	619
351	321
748	370
1658	148
87	81
906	1303
597	341
2181	2030
408	415
2531	2151
252	1075
260	262
1035	1233
2354	2188
608	1344
909	644
617	495
1536	1055
1615	453
251	395
585	928
319	165
305	1637
2353	1091
2401	2122
1892	1201
1378	711
53	1764
447	411
953	1214
1479	174
1973	528
38	1268
573	1580
295	1488
1512	357
235	233
2267	2036
2404	2405
1723	1133
559	492
2128	2093
1093	2301
908	22
780	1718
1120	1478
135	406
1981	638
1909	575
828	1048
1719	836
16	510
1744	1911
400	61
1442	1667
1304	1306
931	574
482	821
1530	1597
1328	380
2391	1957
1750	766
1125	379
390	139
119	1862
1871	1754
440	442
613	172
151	1430
2238	1939
196	662
1240	276
1294	1000
963	1027
2194	2220
1043	1361
576	585
2332	1856
480	482
2224	2460
164	592
395	141
315	1407
2470	2469
175	180
1598	1442
88	90
1258	170
1122	1119
1911	1063
1260	878
1558	498
1982	2139
975	979
2459	2107
1032	50
585	1454
2289	2113
1111	494
1589	1588
2	733
101	793
162	928
707	1102
2524	2133
932	972
444	446
2361	2014
1455	159
168	822
803	802
1992	331
1728	1719
969	229
42	107
1477	353
213	1287
1749	154
371	367
2352	2206
2083	2089
1384	1274
1252	1251
223	83
176	175
1301	453
317	550
719	77
2073	2368
2314	2014
1693	1261
649	650
812	673
1468	734
244	1357
1942	2333
2535	2479
1525	1356
415	1709
2371	2082
1162	1297
249	1581
14	16
2209	2256
227	928
1481	1477
794	1419
109	110
505	215
1613	810
2345	2235
2032	2264
1022	1147
2393	2154
877	730
825	1296
2338	2232
521	778
39	38
201	1019
804	694
2058	2054
212	550
1137	1482
1564	215
1184	1850
1516	1167
543	993
1043	730
189	187
738	739
664	620
371	295
473	475
2425	2078
1528	1411
423	139
782	879
192	907
2297	2010
2329	2149
1712	1502
601	418
311	312
960	1309
775	1101
2416	2369
117	897
2011	2113
2231	2126
1436	1439
230	55
1982	2194
98	100
2117	2222
2064	2257
1060	739
209	213
2281	2174
856	260
629	628
106	108
1434	1320
782	880
2161	2096
1874	1873
2138	2384
2451	2077
511	517
704	170
2328	2274
2124	2093
1041	1669
1129	305
1832	822
0	2
85	1475
496	708
272	1199
1048	1047
211	1442
2506	2507
2098	1830
995	1586
1808	303
925	67
767	1319
1477	1475
1283	790
1517	1317
2147	2324
181	1665
1564	1172
2141	2470
2173	2178
53	649
1938	2120
939	706
908	18
915	917
1087	1088
1550	349
2181	2185
909	996
134	792
999	1337
1266	383
1249	1390
2327	2039
2036	2268
341	909
1461	456
720	718
1064	139
1340	981
127	1270
1964	1965
561	313
1424	766
1789	542
921	261
1588	135
1081	1218
2321	2176
776	174
1375	1066
2086	1092
1748	833
1229	605
1740	572
352	271
685	1266
2140	1999
284	530
632	1247
68	63
2128	2219
2326	2087
1004	682
411	414
679	925
612	1869
165	322
2020	1461
50	762
596	925
2328	2167
711	673
1889	437
1940	111
1878	1115
55	231
1695	203
779	1357
1302	528
875	876
1954	2293
618	69
1342	586
876	410
2	1257
1567	1568
835	931
1195	1425
818	817
2055	2106
2530	2140
1961	1745
787	673
1108	1832
331	879
229	55
2091	2094
791	1441
694	695
2048	2328
2242	2243
23	22
165	580
869	873
1273	1272
2481	736
2143	2168
842	757
1651	1649
2361	2075
1786	312
1503	9
1908	1222
1005	1124
1364	824
1936	2169
1042	900
1097	1317
2197	2046
1741	23
707	940
1656	1982
1123	189
1365	1366
541	277
1	107
2083	2038
1226	1227
2447	2335
1698	737
509	507
106	1
2099	2095
1546	8
749	896
876	1059
1867	1755
2282	2201
897	898
1828	1907
854	397
1837	793
2367	2113
132	148
2462	1733
229	702
114	112
2208	2178
197	331
1791	282
99	98
2226	2199
161	548
304	499
134	1060
139	390
1297	1909
1442	450
676	628
448	1392
2003	1604
851	766
293	292
631	633
1605	1242
1547	1011
2490	2485
914	596
1762	1763
1769	762
958	960
1233	804
2323	2321
2055	2448
1258	1257
1545	589
1954	2368
1203	1177
952	884
237	777
911	913
2492	2342
413	1014
424	221
929	196
2081	2096
1315	98
1750	65
11	10
1321	214
244	1230
765	924
756	757
2131	2045
1475	1477
1128	1445
1334	543
760	763
1823	1825
2190	2173
1589	1368
222	223
932	195
2026	1678
2375	2093
2344	2270
926	928
39	125
996	1011
312	1658
1283	810
2388	2208
2133	2451
1497	1230
64	67
2203	2204
2273	2087
813	816
1761	1652
1241	1021
220	1320
2370	2308
1096	1097
2287	2367
822	1398
774	1366
102	928
1953	287
823	284
71	790
2211	2421
233	108
1711	362
208	938
1135	1372
1513	1567
734	231
2192	1470
458	1607
247	337
1769	835
999	997
87	1
1020	703
2037	2040
242	1606
2368	2149
234	235
1713	1821
940	520
204	103
1537	166
2387	2280
1199	592
2353	2421
1085	1082
2053	2102
2155	1691
268	959
643	848
2090	2102
1161	867
1141	1142
1184	891
836	1967
1911	2459
4	235
2416	2063
2327	2234
39	1618
409	1266
480	265
1433	1432
413	1287
620	931
852	1162
1215	1016
1039	244
1733	1734
1136	1137
1104	1039
1677	999
602	1368
63	64
864	43
199	207
834	867
1761	362
1883	421
1041	876
694	699
2282	2079
1779	1781
272	173
1399	463
1576	904
606	1397
1467	382
171	462
1187	1192
619	664
604	339
50	51
354	401
1394	1393
1198	493
918	20
2002	1998
1184	144
1200	1935
14	426
1133	1722
57	476
1535	609
2306	1992
706	707
2501	1934
2531	2039
1069	431
2510	2282
1238	1236
2190	2179
228	1031
559	1338
646	925
1064	980
2363	2027
1734	1196
671	672
1727	901
1666	43
1353	1118
840	583
13	1275
726	63
642	646
2210	2378
2294	1062
403	256
370	788
1043	725
618	617
1542	646
2274	2235
2276	1957
1782	224
673	302
1012	716
2448	2056
2427	2090
1510	57
1917	574
250	251
1270	1835
848	876
854	581
2160	2161
221	1725
1637	936
1846	1844
1857	1212
1848	1849
156	159
694	701
1501	1230
1136	315
288	290
679	1229
2309	2182
1913	1210
680	681
2266	2320
2048	795
764	765
2181	2184
2145	9
1251	911
1988	1989
989	769
909	1055
964	572
1322	2371
1205	46
32	1255
377	129
70	790
43	864
1096	1017
440	943
401	403
2212	2213
207	205
1017	255
780	1069
2241	2239
1354	1467
1132	1019
2009	2158
1023	703
1763	1419
1168	148
1433	1431
1913	1914
1423	645
1317	995
1480	162
1100	1479
1725	171
858	1731
831	1164
2179	2275
2419	2049
601	495
770	320
1756	2185
2244	166
1746	1798
2008	2014
1942	1728
1357	778
702	704
597	877
995	449
204	199
796	800
1761	1464
42	859
561	17
2136	2137
442	1077
827	28
566	7
1675	243
268	269
2467	2090
1016	1026
2394	2045
1678	1516
1525	658
1723	732
75	609
2200	2183
1075	585
1223	1225
584	581
2083	2014
871	869
938	941
2113	2361
2104	2105
1553	801
1577	1059
2527	592
954	1374
1598	1304
1863	203
830	1611
974	707
522	239
1436	1440
2412	2282
2234	2088
256	1207
467	823
1136	33
1359	713
412	1190
788	672
2205	2438
654	284
556	1599
486	490
19	533
1644	1507
1892	26
2030	2445
404	403
32	1656
1426	1099
858	1081
645	847
227	103
171	166
244	1204
1954	2201
348	1520
1936	2038
2468	2088
830	1275
335	341
1230	552
1076	1077
857	241
2365	2015
387	1855
2235	2055
1313	1317
310	312
1323	143
1967	766
1031	1037
225	55
1774	1265
1063	2012
736	735
1378	1896
659	59
1040	809
551	1135
1494	1797
2418	2120
442	854
2534	2270
1125	836
1904	483
1404	1406
576	581
2289	2083
1839	1831
2275	2276
932	1350
114	1478
487	489
592	770
345	618
1117	606
1032	1036
753	258
1117	991
2177	2411
731	68
1143	838
1596	1140
433	431
139	388
1844	1646
1070	169
1488	123
1769	1276
1108	1246
959	268
960	536
444	445
144	1666
1252	583
1137	1406
2134	2263
941	938
1198	580
2250	2130
2286	1830
1071	1320
1453	564
296	725
2089	2001
1663	1149
1666	1610
1087	479
544	1660
2172	2027
2376	2124
53	152
931	494
1700	235
660	85
672	861
2082	2353
1983	268
2207	2046
985	101
2294	2188
347	348
523	527
492	494
623	843
2265	723
911	732
279	1039
968	1295
775	707
1748	1293
1090	1960
2350	2223
2101	2103
1270	499
1704	93
572	1172
1807	835
2275	2277
1481	1019
1217	441
2455	2194
2504	2139
223	84
1075	252
690	714
1779	1780
771	772
874	1685
261	485
65	679
2124	2126
1018	365
81	87
2058	2231
2058	2147
66	646
883	886
2080	2201
339	604
368	371
1877	1510
998	851
1322	345
2035	2036
1116	550
448	373
1200	1295
659	1058
1173	428
1887	1605
918	145
1675	514
2259	1955
1744	1325
123	741
300	532
566	1172
1484	516
514	1081
791	1054
1211	1627
2202	2093
2374	2040
1310	1114
636	118
2219	2220
2162	2137
32	25
532	533
352	962
1867	1650
977	691
1137	125
87	223
297	299
419	149
344	348
2360	1603
2263	2117
814	880
2255	2015
218	87
2374	2085
673	131
1411	1528
1495	1579
2086	1744
2350	2158
116	117
29	31
889	890
1570	259
2166	1091
260	151
1958	2166
2469	795
1076	1078
2204	2390
795	2085
264	483
933	2277
138	252
1342	436
2454	2053
666	1182
373	374
2200	2378
967	968
1481	1673
381	378
1129	42
1186	588
739	1219
1531	1661
804	1233
936	305
127	125
1161	1162
232	775
2097	1371
931	69
2132	2043
348	346
2012	1063
912	1696
2187	2197
748	123
767	1750
1040	621
710	714
623	55
976	164
54	60
856	264
2175	2411
1889	1455
1311	1805
1791	1792
1221	1255
482	1704
2171	2209
504	1183
2509	2210
1285	772
1286	952
25	31
754	258
501	483
132	302
991	739
38	39
2280	2279
1404	122
940	574
2347	2146
774	336
1647	589
925	836
1285	646
1523	644
1742	268
1697	1498
605	930
2107	2435
1365	904
236	1718
2123	1286
1112	895
2413	2293
1977	911
1873	469
647	891
329	631
933	1957
1588	1366
1472	287
1019	658
1155	1298
918	701
1932	1318
2121	2375
856	920
1317	1517
1741	1941
1898	2288
299	1229
219	85
18	20
2073	2256
746	1606
1609	1100
1683	1674
1386	160
1202	792
1746	1906
2504	2502
1287	384
454	12
2055	2038
798	955
1216	469
622	231
1810	2076
49	51
625	55
1104	619
367	369
1577	1610
82	42
83	115
136	923
1018	1664
819	821
740	1397
1837	2012
2492	2293
701	802
2387	2439
1014	23
1818	1819
2188	2354
162	580
2229	2078
2350	2351
1880	542
922	925
464	463
247	727
1576	24
663	70
648	807
510	16
761	763
808	990
1445	1475
850	385
1772	447
667	1614
237	174
1796	838
980	1064
1827	1826
1004	575
1415	884
50	1356
716	903
1273	774
2484	1987
2056	2448
835	97
2160	2053
364	362
1362	1147
977	547
1594	1487
1015	1017
1113	833
2439	1950
1096	298
1007	1010
146	69
1977	1285
2538	2180
706	941
1816	1491
1277	818
568	944
531	895
715	716
1083	1144
230	233
1272	1273
1561	1563
1626	1458
1237	1236
2042	2151
1536	1367
238	242
2260	2065
237	703
927	443
255	104
951	445
567	568
102	780
727	382
734	215
2097	2014
1591	1777
1358	1359
2264	2261
705	206
1528	984
1713	457
1012	1017
846	103
1240	780
1045	971
2286	2287
1874	565
2297	2507
42	857
252	585
2468	2055
426	430
1304	615
1212	1510
1128	709
620	666
128	130
1532	2109
177	175
987	620
1742	543
1136	856
761	319
141	1670
1287	123
1171	204
2390	2523
1302	523
1096	1094
320	770
1839	395
862	861
737	741
751	1377
315	1137
600	646
796	801
389	1594
349	16
1137	1409
1392	1310
231	167
574	243
1389	848
2118	2022
280	1027
436	527
2148	1034
661	659
815	1700
1327	1886
2319	2121
2038	2055
273	347
258	543
583	586
1708	1493
973	1229
370	367
1509	840
244	1071
961	729
1538	131
1393	151
921	856
2157	2490
247	340
1046	1270
798	956
2400	1454
2113	2115
2206	2284
692	817
2246	2436
1038	2270
780	101
1850	93
2364	2501
305	711
1238	1237
1588	1270
2142	2238
2505	2397
98	102
1709	415
1688	172
766	1112
1085	1245
100	99
1484	1122
2309	2380
1657	1646
872	462
1919	700
718	450
2373	1093
2093	2094
2300	2201
304	131
618	1182
859	1052
1712	139
989	990
1632	188
497	498
1944	901
1179	207
398	97
2236	2145
2507	2103
1033	399
1753	910
682	681
2325	2211
169	474
1049	1734
36	807
424	509
674	675
1294	217
193	196
492	495
2085	2106
1883	1018
672	671
2459	2147
739	1843
923	66
24	18
229	1199
126	914
1326	1630
20	19
1142	1875
2093	2219
1426	665
633	1791
1241	1135
2379	2509
1445	1349
206	7
1823	431
2070	1982
1598	124
1282	1459
1230	927
758	1506
693	1105
828	251
1737	957
2078	2201
1734	1737
1066	1648
1784	751
2029	2031
881	1460
622	1019
2053	2180
931	835
1690	1543
1406	596
1018	1016
431	436
302	673
974	520
77	1057
652	225
2474	1945
1799	742
1145	1146
654	700
379	600
2380	2379
662	70
2022	1735
625	626
2534	2080
2115	2087
1146	656
805	694
1824	138
1910	200
1998	2002
2106	2088
2152	2154
1242	746
1067	244
2359	2246
205	275
1609	97
1560	1367
741	909
575	682
1241	1244
914	765
2042	2037
1284	287
1297	691
1842	760
1767	120
970	243
1733	1196
598	1677
389	386
640	637
599	1368
1421	188
1058	652
335	338
2345	2090
413	844
1707	251
423	389
41	45
1223	1224
992	989
2492	2277
469	1216
2420	2458
1668	1097
169	733
668	670
1145	239
1468	231
1774	1393
2401	2386
1092	2086
2327	2085
568	945
372	376
1927	1641
269	268
2452	2453
180	170
2171	2382
1692	1306
2422	2032
222	80
2208	2207
1148	1150
2343	1037
1819	33
190	196
951	1178
1491	925
2325	2224
2182	1062
2411	2210
2234	2084
671	673
2268	2178
1183	1381
393	870
1564	180
597	1457
766	868
2512	2513
2409	2075
2231	910
1194	170
138	251
1318	37
580	5
216	1117
481	570
1845	1846
2202	1092
2178	1911
2057	795
2416	933
1381	729
934	937
1768	256
1516	1678
14	401
1475	1445
1293	1339
41	42
215	509
1771	1407
1457	1644
2381	2256
350	147
710	712
1342	1344
1239	1210
685	953
2320	2295
663	257
2118	2120
421	90
2190	2186
23	1319
1491	68
913	1976
1737	1735
2481	2472
539	541
1953	304
1842	1258
2325	2328
2440	2120
654	651
1061	445
487	842
1926	827
2152	2027
1096	255
2384	2241
436	1095
1857	836
962	646
81	219
1991	77
1633	427
1547	1671
312	1786
1537	1536
1791	288
2146	2147
1202	75
1691	1460
2474	2183
2280	2493
541	1995
2473	2066
612	1368
2011	1038
1778	1671
581	582
2512	2142
1888	251
2431	1652
1850	1923
787	151
2056	2058
1588	1589
991	445
2129	2126
1873	1216
980	1579
939	163
360	366
2236	2238
2324	2371
1249	1980
665	1426
2299	2209
157	164
1782	59
1765	886
558	901
2273	2054
2099	2100
1190	1187
2207	2208
2095	2220
956	1486
2254	2176
755	752
2013	2160
1669	410
2294	2109
907	123
2514	2163
682	460
570	139
1391	1392
1739	1016
667	600
2273	2274
1376	1377
1016	1015
2130	2043
555	34
1044	766
338	1116
698	92
884	158
1432	1183
2080	2185
489	486
1028	1439
459	461
878	1461
224	180
523	526
724	722
1521	990
303	302
130	303
852	867
2373	2292
1370	1812
2325	2403
1165	1576
852	187
1844	1846
2447	2121
1083	271
1698	550
1932	1439
51	1218
584	493
254	256
1711	979
1728	2094
68	1542
1648	632
323	131
1685	774
2327	2151
2395	2189
765	923
1902	901
78	1931
850	187
1106	822
989	992
133	128
1759	482
1856	2332
2304	2317
1202	961
2394	2508
824	1354
1934	1704
1453	1458
2016	2020
1613	597
2440	2442
1486	1488
240	1204
2305	2460
519	575
1705	178
1386	1276
2007	2236
228	136
280	973
816	1782
922	1492
2406	2171
1079	796
2231	2086
609	382
1807	494
1632	1395
1093	2292
1542	217
2316	2206
1616	1909
1644	987
1634	1591
1632	1634
2414	2040
1698	1055
775	103
1280	1031
2502	177
1408	1631
1154	1805
2214	1954
963	1026
1177	1686
1274	161
987	835
1647	799
2409	2049
2159	2311
1393	1395
2056	2060
1095	1061
193	694
1182	618
1288	1290
280	1004
614	1234
1294	606
1511	1513
1106	632
1355	1221
208	1204
2047	2048
2093	2095
1973	1364
568	4
658	82
634	636
1108	1169
962	963
1033	1231
1382	835
2148	1037
285	519
1303	1122
340	337
351	593
1073	743
1087	940
1826	1595
2282	2147
769	1303
47	48
2521	2276
2394	2408
2001	2086
2453	2034
1322	1936
741	1943
2209	1903
340	1554
1942	1856
644	1053
879	1460
1127	1549
499	501
1229	806
216	217
1910	555
2259	2435
1299	1300
720	287
2224	2231
2088	2038
223	87
1915	862
1378	673
799	1372
876	1138
801	1860
1047	261
1115	1104
1188	1509
1829	1117
833	598
1234	1233
2313	2046
1398	219
2528	1691
854	777
666	618
1048	205
576	584
2313	2043
553	691
82	624
42	858
532	300
1848	861
963	981
192	574
67	64
2151	2038
1177	876
1708	1276
789	923
1084	155
1018	1015
1103	822
830	876
832	833
348	15
329	1787
264	265
573	1373
2003	2231
1446	609
1434	1882
2143	2221
886	461
1957	2036
172	1621
749	65
2232	2064
521	1561
1008	1307
1992	2065
768	544
1430	714
169	1172
354	344
2261	2315
194	191
2466	2468
1182	1034
2129	2091
1211	826
304	484
2186	2189
2164	2165
2095	2012
1920	1674
2225	1943
2099	1899
763	424
2126	2129
924	987
346	1520
1094	1096
181	98
1086	140
555	37
2105	2089
361	1273
830	1449
2096	2081
714	1911
2044	2130
1568	1608
201	205
597	1344
229	5
227	208
1741	1787
81	876
1952	2059
1453	778
1266	170
663	1053
360	365
733	1449
1565	258
2214	2435
1057	449
1483	739
63	69
2028	1829
147	618
50	1032
1955	2147
788	866
55	623
58	1577
387	1287
2061	1728
739	134
1708	323
311	979
2238	2421
1918	1685
255	1097
572	1173
215	167
193	802
1899	259
1262	1259
635	1245
749	790
1110	1138
1433	180
259	1492
72	600
1407	24
628	627
1071	743
313	111
143	144
2361	2167
859	348
1581	249
2235	2038
1646	1279
830	770
2478	2030
1420	1279
9	1939
223	80
1456	1274
2453	2522
1073	578
2536	2357
2240	9
2076	741
1639	1378
2259	2055
540	353
1607	1258
195	196
836	1125
62	115
1641	957
2303	2335
1169	1168
929	930
880	849
1231	806
899	98
2446	867
691	16
1854	1397
1656	1992
2246	2359
1459	575
1908	1632
1524	1525
445	987
1346	380
681	1070
1627	1626
769	1369
1442	1598
509	215
227	1253
28	826
561	1391
35	34
1322	2126
370	866
1498	147
1175	87
1547	318
790	1507
516	587
1116	338
2145	2484
256	349
1599	1449
1031	1035
2298	2009
552	1671
1594	1595
182	137
1166	689
1207	1367
685	383
711	302
343	1229
2054	2057
72	1034
1339	1229
649	651
2372	2000
1197	474
1502	1064
1305	1306
801	427
1796	1795
2230	1795
497	500
2300	2016
1264	1284
2478	2226
660	829
1263	798
538	539
1809	1345
422	424
730	719
1585	1480
1767	1333
1001	851
760	539
383	1891
634	1760
1026	202
2417	2284
588	1186
292	294
2295	2320
890	889
2124	2127
351	590
2372	2041
2301	1943
2384	2138
608	1027
1504	1059
2349	2347
537	21
2390	933
2104	2088
477	1028
1338	494
886	1765
2462	1943
1452	1204
2114	2348
828	780
686	239
1878	1392
2465	2475
178	1706
2107	2002
34	38
1005	901
1082	1083
285	578
105	98
534	535
1083	1386
866	766
1363	1254
591	1022
1881	143
108	236
1235	1237
8	342
989	832
950	501
1240	105
2267	2233
2241	2427
1512	1567
2055	2040
1877	54
311	1086
546	147
2130	2131
2219	2012
123	1287
2165	2411
2328	1037
677	140
615	1304
2113	2106
1211	779
326	178
1397	438
254	257
325	250
2097	1907
2038	2234
1537	1272
1005	756
2260	2263
2205	1756
1128	1322
580	208
1047	1048
590	170
731	383
2407	1092
522	102
357	552
402	404
2088	2105
924	68
1171	1175
594	592
1538	758
2072	2090
1249	100
372	373
1085	1208
1410	874
2194	1656
1946	1947
97	1148
2120	1982
304	936
199	201
252	1040
1226	799
1939	1847
619	1204
2089	743
97	946
2448	1728
157	163
15	1052
429	1689
1211	585
1950	2332
688	692
1661	1662
979	404
429	426
304	1098
2086	1091
2259	1954
1414	123
4	1237
1933	507
305	692
525	922
1426	1731
624	107
1270	497
772	1285
1275	1769
2054	2055
2345	2419
546	1397
156	160
334	416
13	1276
2268	2473
1561	521
2210	2380
953	876
1838	1959
2379	2380
2323	2229
447	454
1039	172
805	1271
1334	1327
1756	2205
463	465
1109	46
458	452
1213	1218
1772	1228
2195	2323
1583	1584
2180	2407
2175	2205
2408	1910
2300	1163
1154	788
1684	1098
817	16
714	711
2150	2040
741	930
208	1215
1137	1290
1115	1457
57	492
880	1065
350	46
1829	1118
101	795
1964	309
1472	464
1470	1091
1967	836
2397	1886
1361	1355
1197	1200
392	178
64	147
758	1025
2259	2235
584	582
381	395
1159	1404
1806	1039
337	335
821	399
440	577
1056	751
1840	900
381	377
2420	2143
1217	439
2532	2180
1372	588
935	345
2380	2154
1473	1472
2149	2500
250	136
1135	1241
107	42
1438	1654
2296	1999
2268	2391
1239	1240
2011	2086
1257	1258
1571	1572
1266	1385
187	922
2086	2326
1014	1709
1103	1106
1744	2293
712	1525
1453	1452
1500	1501
442	1256
1711	1918
1723	1606
1410	336
8	696
2142	2528
1651	603
748	294
2246	1899
1131	2357
2384	2235
1656	2346
1390	1392
2466	2467
262	826
978	1021
810	1196
1123	1125
290	203
2179	2389
1604	1936
152	151
2045	1958
802	701
765	922
2284	2287
719	896
1055	737
2260	2225
1930	1643
1297	523
320	174
28	825
1968	1115
98	99
1448	708
1786	1612
2511	2102
1260	1461
1507	618
1155	554
2037	2042
733	2
1399	1153
1759	480
579	530
2147	2000
1911	2091
86	1475
1101	1458
1357	239
1716	1717
494	835
1989	1990
2513	2381
1075	102
707	208
789	687
1463	1462
1199	321
476	1020
1484	700
1431	1433
386	388
1378	609
166	167
2310	2307
1495	405
836	1111
1016	1013
1044	1111
835	494
2396	2130
1014	415
144	1726
1799	1607
2407	1091
448	1333
1086	311
131	129
976	978
219	82
1329	2447
2071	2512
495	63
1046	750
445	217
846	849
1202	77
1630	257
649	218
828	395
311	310
54	59
264	263
1958	2156
848	1135
338	1442
2250	2044
1163	2001
1592	1048
595	598
328	329
2439	2246
1406	1404
1623	1327
148	152
1213	1640
548	549
88	93
535	300
972	706
51	49
16	17
1349	1232
1973	1994
1072	443
2310	2183
1629	714
803	1381
1324	1326
2136	2060
295	371
1452	779
546	550
86	83
231	419
2187	2188
1839	1411
792	1061
525	610
473	477
851	999
734	219
1287	389
438	1271
2144	2367
1639	1640
2150	2151
1744	2320
1247	1721
1808	880
313	311
250	395
45	157
1039	1041
2043	2044
1931	877
1670	1671
558	258
1021	1241
1324	1042
1701	1702
15	346
1652	361
1611	830
2113	2288
1636	1637
689	353
186	321
950	948
2089	240
1683	971
1759	1185
2264	2065
125	1668
1179	1071
2373	2301
262	260
550	1116
452	454
1296	671
961	303
2122	1929
1791	1793
1704	482
709	382
1395	694
1129	1693
673	690
192	910
2246	2439
2221	2091
748	751
1309	303
2322	2199
1458	1101
2377	2126
1283	596
2293	2174
669	668
163	157
113	112
2088	2150
1152	330
2337	2444
983	1138
128	136
2439	2421
1883	1275
1169	979
1921	1133
422	425
1644	1117
153	1821
604	607
1389	288
978	1706
927	899
347	16
2247	1899
124	1484
503	662
1709	1184
817	818
747	95
702	461
514	882
526	1498
283	43
694	696
1175	473
1490	1489
162	208
2126	2231
1154	1311
657	656
1252	747
537	374
2426	2149
716	413
1012	1014
183	184
453	703
646	600
2367	2119
431	281
1939	2120
450	604
644	1055
992	792
1866	2266
481	264
374	376
239	162
863	531
689	462
1399	1472
2245	2252
2121	2093
281	436
258	1566
85	220
2211	2290
323	324
1578	1577
1866	2389
1955	1038
373	372
455	452
986	559
996	930
2271	2201
174	703
1965	2164
1792	386
271	1020
910	906
1188	1508
160	1219
883	884
700	217
2173	2179
1391	109
2037	2041
634	1737
2428	2120
666	620
599	832
172	955
2229	2173
718	721
509	510
2402	2409
2239	2162
1104	1109
1306	823
2409	2419
511	512
531	471
2099	1322
2177	2030
1341	1814
1850	1821
2323	2178
1206	259
643	891
1553	1554
19	23
1391	1118
251	1064
327	131
1020	43
42	770
876	704
1584	1583
2204	2178
1802	16
526	527
1589	406
1447	1102
1791	289
1418	1567
1086	1592
381	21
2201	2282
2538	1365
1231	438
906	1336
1092	2125
760	50
2004	2005
1911	1604
2229	2032
730	729
806	1659
1799	458
2194	2222
193	1350
2067	2095
945	568
2176	2282
2138	2386
271	270
1174	1980
412	889
1434	1128
1746	1567
1035	1033
2033	2233
659	218
476	57
1870	1871
1282	572
405	402
155	1957
2455	2456
1822	1130
1874	984
1714	1012
1424	550
1381	713
460	174
1851	198
1639	1510
697	694
1368	808
146	606
2067	2093
516	1336
1074	928
108	422
793	2128
2350	2015
339	1457
986	445
1475	85
1674	684
297	126
2340	2188
725	258
175	178
2398	1944
533	277
697	1271
2038	2151
218	80
1383	268
80	84
1418	1257
2300	2077
1147	1022
712	1633
309	1523
2374	1954
926	1454
2464	2154
1135	551
62	54
1812	152
2205	2127
439	93
891	848
1562	1072
979	1170
135	1776
2247	2030
1098	132
2088	2040
2402	2401
1006	1720
1819	1640
2208	2189
429	1815
445	988
1645	1449
352	274
976	894
717	1257
1144	237
372	375
1109	1104
607	281
1466	2283
1574	1044
2406	2208
321	322
1788	979
111	314
676	557
101	794
2230	1050
2196	2229
614	1655
1128	16
752	70
1057	1328
1033	1785
324	1129
2386	1588
2339	2309
2107	2221
686	1204
1916	115
1455	1345
1436	1379
1486	1487
1413	466
833	832
289	203
2234	2151
2368	2195
1757	1758
1517	1715
443	243
2361	2010
2516	2313
417	843
2538	2509
460	186
1343	97
431	437
2198	2322
1742	444
2287	2368
161	156
877	878
782	62
2469	2168
1328	819
1198	577
91	566
18	19
2040	2055
1720	1721
86	53
1812	142
1491	924
2469	1796
1749	801
1138	944
2264	2229
1796	2359
603	987
813	237
1824	1833
2467	2344
2232	2171
274	1725
2457	2427
192	665
551	547
417	775
1169	1170
268	266
1020	1340
1364	1362
44	859
1832	1275
145	1323
198	143
1366	739
2366	1958
2508	1979
711	301
907	824
325	140
1139	684
517	1707
1493	325
1009	968
2162	2160
1725	1028
768	67
1202	719
345	1322
2215	2246
128	131
1429	1558
1543	1126
1338	559
2043	2045
187	1491
851	769
1024	1675
2156	2164
1387	4
2139	2142
749	1196
466	467
23	1834
491	394
1891	383
492	496
1926	841
1419	794
2188	2196
2428	2436
135	128
518	522
2076	2288
2426	2440
619	621
889	115
2456	1443
2237	2041
2269	2104
2039	2085
992	1061
2010	2215
736	1748
2303	2336
191	299
371	788
2192	1907
1032	432
356	823
2248	2249
390	1454
2274	2148
925	679
1685	336
1559	406
2391	2268
1892	1893
871	1560
1531	1289
2220	2128
2347	2114
1296	672
1552	1949
2199	2188
872	271
1997	1998
1042	644
2358	1983
2028	1174
1099	1101
1144	703
2232	1091
84	55
164	157
282	283
177	1534
484	1168
1139	1993
521	243
1692	429
1514	548
357	420
1170	1612
1698	1124
799	1647
2197	2226
1795	1796
1262	1261
1326	617
1934	124
198	290
1172	169
664	619
700	694
121	127
538	540
999	1593
430	1522
1489	189
1485	836
1016	1846
2282	2148
2414	2107
2135	2123
313	318
2189	2315
864	590
2263	2075
1812	1370
2297	2467
2295	2425
201	1452
284	952
1794	1050
409	525
847	645
2297	2137
1284	1025
2500	1811
1511	1514
2385	726
746	1219
1359	30
985	1229
232	234
1357	1067
1953	1569
2417	2276
33	117
731	646
1953	1684
1342	575
452	456
404	1658
1146	589
2007	2102
2452	1331
1107	1804
1989	1832
254	258
2130	2045
256	346
1175	476
1936	2471
2090	2072
2106	2055
595	596
309	666
895	892
1763	1762
2109	2075
1259	1263
1969	2027
2499	2079
2047	2049
1807	923
927	1230
1714	16
296	1078
380	1011
2028	2181
1263	1262
516	178
51	1525
2486	2053
1293	337
1868	1206
2059	2060
1170	1168
1795	2230
2012	2094
2140	2095
1459	527
2423	2276
804	697
749	368
726	1000
377	381
1553	1330
518	519
673	936
1654	203
1523	832
82	107
1514	1752
1766	419
2101	2090
1440	1439
2492	2378
272	274
837	825
2274	1037
1561	1173
749	1195
226	229
1410	1363
2413	2366
179	175
2386	1934
243	521
1168	1170
221	232
794	2183
2302	1965
37	1455
1735	1196
2520	901
320	165
2296	2297
281	278
712	1510
1348	1510
348	344
2483	2349
2378	2210
758	27
2408	2512
975	253
1579	395
197	194
2412	2078
316	77
938	208
1666	174
2206	2290
333	555
656	657
950	981
471	531
812	302
317	78
734	155
139	385
972	932
1147	1199
952	763
1946	1185
240	622
1409	144
2232	2407
876	233
801	796
1372	1135
2226	2044
1014	447
604	69
1494	1746
1284	520
2225	2167
214	451
2103	2102
1061	1060
1512	1513
1616	869
973	288
216	1118
2114	2112
154	148
1641	1064
146	600
1310	337
908	1613
1153	1152
316	727
939	942
1674	1183
1391	1548
1072	1073
1699	848
2410	1830
1486	428
435	276
299	833
1269	750
1182	790
676	1312
2056	2055
1045	1046
1035	14
38	943
348	57
1587	1312
703	453
283	108
259	2010
2046	2152
1404	292
2517	2282
853	143
911	895
1233	1234
155	1084
978	976
2375	2121
2221	1936
2495	1400
2113	2110
536	960
235	230
2219	2093
238	243
2115	2116
2192	2194
344	16
2321	2266
2354	2310
348	1518
414	408
2083	2085
2084	1037
1814	1341
1087	1091
940	707
1100	1255
1737	1734
578	519
1127	1126
1423	1425
795	2314
1831	1824
1092	2095
133	691
2410	2418
970	45
1515	1516
316	313
2257	2399
1493	1494
732	911
2032	2173
1871	196
1204	162
1612	329
1931	492
1495	1969
580	519
1099	1458
2478	2009
2290	1744
21	537
2451	1903
266	269
1670	141
1434	345
2148	42
1900	2017
1205	894
576	586
357	289
703	174
526	575
321	577
638	639
1061	740
566	1035
778	1452
1276	1609
309	21
1204	686
1741	805
639	640
76	294
2461	258
2297	1943
1299	529
2441	2440
165	1256
2201	2195
577	519
1128	1349
2019	2208
2194	2022
2470	2168
1240	778
691	651
88	92
2245	2227
2038	2106
1757	1348
1475	1107
1711	1587
1481	221
1980	1249
1061	644
1481	1482
234	237
961	719
1840	1652
342	335
85	59
2377	1322
1837	1011
1293	368
1902	1369
1237	1235
631	329
2133	2293
1276	1100
179	176
342	1560
1118	1115
2491	2354
1943	2012
156	161
1069	280
2396	2251
2048	2327
2158	2094
979	1169
118	1638
318	77
1160	1098
2213	2296
2384	1532
2249	2000
2197	2388
2463	2430
6	9
1740	1277
1333	258
104	98
2368	1936
567	571
1793	98
1141	1143
654	1451
1547	300
2499	2299
2091	2093
324	1130
2134	2075
2003	257
1189	124
1153	487
1659	1231
317	1083
64	65
1168	484
174	1725
837	839
2077	2078
1556	1901
206	1172
2138	2381
182	26
1225	1224
443	577
861	862
1630	663
99	743
586	1621
1285	810
660	1107
280	682
2010	1492
1826	1828
834	1572
2479	2267
10	13
673	305
2195	2201
443	440
775	235
2511	2090
43	1255
2227	2247
1007	1008
2230	2060
848	847
789	66
1484	124
603	925
636	812
519	579
1638	118
2299	2304
1562	619
685	980
2173	2174
1507	621
2315	795
1304	1307
134	454
927	1073
692	673
2512	2408
2330	2172
852	189
2254	2201
2393	2396
210	213
1521	1078
1941	1942
660	659
1852	253
2167	2361
461	702
1045	1951
2535	2205
1954	2374
554	1208
954	798
2197	2177
1320	709
1852	254
1263	1259
1663	1666
772	739
1256	442
1679	1681
2309	2210
907	1382
464	1472
1272	224
1769	164
329	328
2019	2517
685	797
785	688
136	1497
2195	2178
832	835
1268	38
215	734
2349	2483
2348	2106
1845	1584
1481	651
1256	43
1810	2073
1254	431
908	1206
1644	607
2488	2514
1109	894
214	1322
1467	196
2071	2506
1842	502
1366	824
70	925
1649	1619
2038	1936
891	407
20	915
2534	2183
1248	1118
931	600
208	410
401	344
2414	2001
1647	1218
1478	700
228	790
2429	2149
1587	557
1743	120
294	730
540	1538
2248	2192
1462	644
2451	2133
412	890
1704	442
351	592
102	927
646	737
1409	1610
358	184
56	663
913	453
1759	1760
738	1698
1444	2205
181	949
1482	353
985	836
2186	2131
431	10
929	933
1355	441
1800	188
327	1296
1973	531
2261	2065
1189	319
1974	280
2199	2189
2366	2131
354	1449
1270	1834
1377	609
2149	2259
453	895
2149	1955
80	81
2217	2216
1946	1948
2395	2393
483	482
1690	384
2533	1958
2322	2187
214	84
2060	1460
1130	949
1214	1530
1767	1024
2402	2418
832	834
706	519
1568	687
1488	1490
1991	819
1083	732
220	1803
1431	1432
153	131
501	1185
566	1033
1879	1496
1059	1504
363	1802
2517	2355
1014	1379
2188	2465
650	658
315	877
2230	1796
699	77
1434	618
796	452
1348	981
795	2055
78	317
779	1452
1345	1809
1339	1293
1917	707
717	1777
1442	211
798	954
1451	700
1716	1515
996	110
369	370
827	1090
192	559
2186	2187
1084	1798
1290	1533
146	66
992	1060
1838	730
2506	2466
620	1182
2317	2185
507	508
2149	2058
812	305
1841	1249
2506	2280
1159	1158
156	165
2066	2306
823	282
2320	2159
975	148
1550	1549
750	1154
54	62
71	67
2538	2154
856	500
138	253
491	487
2298	1140
1591	717
1502	1713
1609	43
2511	2015
2354	2196
1152	1155
504	902
2041	2037
970	279
846	174
2466	1532
227	102
1009	1007
1114	1117
1851	987
100	780
958	212
159	162
897	1308
2202	1091
2306	2065
1704	1355
2119	1898
1698	1123
2258	2032
569	430
1411	1527
1051	644
120	1690
552	547
176	137
1600	1601
1114	1116
1551	894
465	463
909	217
168	218
593	161
1827	266
1369	1732
1622	1576
816	1689
1705	256
1809	1030
1077	93
1977	732
1348	473
1604	2167
1900	2278
525	523
1675	1341
1775	1774
2489	2185
1662	1661
1418	856
753	1343
904	198
156	162
483	480
1906	1652
2016	2018
882	1722
504	1379
1662	997
778	243
1604	2168
937	1575
1324	1328
1175	475
202	434
618	66
372	374
1478	952
1942	2332
134	1095
619	1109
660	658
1692	1693
1271	438
623	240
1217	966
1115	1204
2399	2159
1748	1113
2381	2210
1002	1003
1253	1176
2110	2113
601	602
751	1042
1039	437
111	1354
1677	1392
1649	1167
2016	2017
1103	1110
1669	174
2323	2195
552	778
1254	584
1207	80
490	487
1079	49
1699	591
2169	2376
10	14
2336	1965
501	482
1024	1028
1802	1349
1114	75
765	604
744	746
1488	998
243	320
2517	2173
2197	2381
800	796
1061	1161
207	288
1992	2067
399	401
225	80
1100	1256
741	901
1083	237
1060	792
526	1073
2171	258
1324	132
952	1508
2049	2077
222	59
1904	427
193	248
1890	2164
2231	2169
1125	248
2275	933
789	792
269	128
1616	1887
241	42
2044	2132
488	464
1442	1668
170	590
139	389
168	170
900	902
343	679
794	2394
225	218
88	91
2056	2054
2075	2287
1228	1772
174	1138
268	294
322	320
829	59
1189	1192
1635	882
2432	2340
298	1051
798	654
228	1036
1690	227
1592	1652
445	299
1132	1
718	719
2504	2419
578	242
783	781
1414	1526
1514	476
135	808
1696	1028
1986	308
1543	1544
1829	1310
972	938
334	165
491	717
1036	807
1137	1313
1865	274
2264	2287
2232	2131
83	223
1959	64
274	843
602	1589
1807	606
1898	2264
215	231
1748	598
657	232
1195	749
2182	2201
2089	1955
1382	931
381	259
979	1788
1103	1108
190	194
224	80
1917	14
776	1020
470	471
498	501
1132	107
1339	492
563	927
2118	2123
1046	1951
1722	514
792	66
365	1018
878	1460
379	904
608	255
650	661
2338	2390
1069	18
2331	2408
570	260
9	2074
1468	713
1641	1105
2172	2306
580	410
535	146
15	136
1913	1116
281	1631
2465	2336
1314	109
1968	411
2076	2301
735	629
2409	1936
571	551
629	246
2478	2209
678	66
2393	2395
571	1135
1092	2421
1638	1636
1633	208
1462	1465
295	546
768	764
2314	2270
1541	1403
609	727
306	307
382	1611
1681	844
8	1410
2168	9
1130	1568
687	835
210	610
2098	2081
11	13
1957	2391
465	1472
1336	1112
1635	945
1178	207
636	631
680	684
705	707
2448	2126
447	413
356	113
2332	2093
762	507
2368	2040
1493	1495
726	71
2060	2022
2032	2078
513	407
763	762
2522	2453
2169	1322
168	686
1420	1421
679	343
324	323
327	936
622	233
2079	1957
2269	2038
438	431
2358	1999
52	217
13	7
1896	382
263	264
1812	1552
1221	1256
690	673
1316	900
1224	1225
1913	515
507	510
1277	95
1021	1179
365	1650
2198	2196
2165	2254
939	941
941	947
828	963
935	256
1752	1659
1442	1474
148	151
1814	1621
759	757
22	908
2068	2377
2361	1898
508	432
29	1578
1340	1341
2137	1952
1074	1497
1096	607
1210	1160
1026	584
150	148
2057	2058
2023	2025
2265	2337
18	22
1181	1184
94	1279
2138	2364
2327	2259
1859	43
721	2465
2517	2019
776	232
868	766
1175	1176
1153	750
791	838
435	413
1132	1133
1082	328
1663	1664
2080	2079
1491	769
1131	2180
1043	1371
2485	2415
1507	1034
1589	128
2370	2313
150	33
1071	1452
1452	241
2219	2091
2495	488
1810	1811
369	866
694	700
662	666
88	94
650	651
1290	1289
164	165
1271	805
2054	1943
612	1660
1370	386
60	626
1491	766
1084	385
1040	239
448	196
1006	1439
1677	448
2370	2251
1750	1011
627	629
1324	1325
281	141
526	524
178	1705
626	625
1105	822
1767	298
2411	2264
1060	992
1078	1264
381	1076
795	2040
751	1784
2468	2344
1750	67
935	348
188	1800
1820	1685
2493	2496
1892	1084
1941	1341
1071	1067
1796	2230
726	370
2451	1174
2235	2106
2219	2094
620	1955
350	344
2215	2286
820	707
596	1397
98	103
1351	411
1038	1955
1187	1135
2418	2402
2126	1322
2422	1958
1673	221
21	1051
2487	2427
1751	550
2293	1163
2217	2064
1564	1122
2036	2267
1887	1510
1734	1735
1285	604
1868	1428
2215	2414
1801	1800
1392	1676
490	1086
1651	75
809	227
1637	302
596	67
1929	2231
1189	1187
1303	1251
793	1936
926	864
1561	228
1156	432
1427	1428
1900	2427
1656	2194
238	240
400	399
2096	2097
857	42
2209	2309
1852	1879
1302	524
1278	1173
316	1548
2162	2318
2009	2008
1035	1031
2434	2093
496	204
33	1254
900	903
834	832
469	468
2207	2407
2073	2309
2163	2138
1264	900
793	2093
2189	2199
1196	217
2077	2079
697	698
1684	995
1819	1818
1017	1094
48	1551
2438	1062
2347	2349
2271	2221
972	973
407	513
1665	61
1749	1820
631	303
1287	1594
2308	2310
2365	2460
320	1022
519	285
125	40
2491	2179
486	488
1535	1109
125	121
665	178
1501	1178
607	575
2204	2301
1254	196
1968	1181
129	300
1750	68
2003	2222
2357	2180
1887	1832
308	1880
1806	1925
2173	2176
34	37
1370	1747
764	67
1107	1475
246	629
641	637
1123	1124
140	1571
1122	1303
531	1189
1318	1319
2144	1950
526	926
1544	1543
195	197
760	761
2473	2177
2439	2359
2370	2175
743	1454
1283	1284
1977	913
647	345
1495	979
528	444
1196	607
692	305
663	1630
1747	1113
1901	1570
1145	1102
1004	281
2389	2179
1408	20
351	591
246	735
2253	2252
501	485
643	647
1472	309
692	991
1130	148
175	182
814	451
214	1321
1174	1131
257	663
1552	409
72	71
998	1490
221	83
2284	2264
1105	214
719	609
2281	2282
2119	2126
736	79
2376	793
799	1081
444	192
705	105
369	367
61	1665
2108	1775
1408	205
661	1058
2057	2037
1160	691
1923	88
1084	791
2062	1952
236	108
1189	1190
689	1483
1433	1695
1967	907
371	368
48	47
673	304
1756	2163
1087	1093
752	753
1522	428
506	1885
1346	991
986	1115
1708	1468
1968	1043
2077	2080
1274	173
18	21
2010	2134
257	1053
2112	2348
618	620
1500	1401
1510	1605
2249	2372
634	141
1690	386
796	797
437	279
915	563
974	1146
701	697
2468	2151
1697	743
377	378
1295	1200
307	309
778	1458
24	1576
959	298
1743	1539
230	231
734	1385
374	537
1901	1556
729	730
2304	1957
2511	2098
2400	2337
906	910
2027	2447
1069	572
1566	1565
809	410
877	879
2109	1532
242	578
2513	2229
2196	2189
2150	2055
660	1475
252	1230
2324	2089
2237	2409
379	198
1604	2022
2304	2378
1304	40
935	833
2373	2000
1039	574
1450	1305
2378	2421
1371	2057
1694	1304
768	248
952	761
2343	2041
577	321
547	548
2016	2019
2325	2213
2108	2109
681	682
650	649
655	632
324	1131
177	395
1312	1376
1916	258
1041	1039
2161	2010
225	659
523	145
600	65
1278	1277
2193	2233
2004	363
303	631
302	305
2065	2078
1247	796
1055	738
901	1853
1676	1643
255	450
392	5
1482	1445
1116	1667
