801	427
130	817
841	844
1807	678
714	712
1478	124
1883	1210
239	162
320	1023
1953	1569
517	511
1781	354
2538	1365
592	594
631	632
591	1146
905	900
2113	2115
85	219
1284	127
741	605
2401	23
701	1410
924	189
254	259
1283	790
1405	1521
92	698
790	1034
2225	1943
2246	2359
1138	4
1931	78
486	490
1876	683
403	405
573	1580
13	1275
1982	2386
511	516
1941	538
1958	2164
2274	2414
137	138
678	835
1256	43
230	234
953	876
395	251
464	1045
2122	2409
1394	1476
560	557
835	69
1667	1184
603	166
2219	2093
2238	2141
748	294
1616	814
2468	2507
1051	537
851	1000
2188	2191
2109	2319
2452	2449
2113	2106
2209	2423
87	83
2164	1597
1019	42
374	372
149	356
84	87
2090	2049
2139	2140
102	927
2219	2220
1514	1254
830	1229
2060	1999
2274	2040
1711	979
1282	1697
889	746
309	307
255	601
171	462
447	1745
2134	2357
1055	930
700	1934
644	1053
258	1333
846	848
667	600
1193	1065
2371	2375
746	1187
1692	506
875	733
67	596
1558	969
1198	1144
2365	2417
1126	1043
25	31
223	84
1113	598
1023	1609
667	663
398	582
102	743
635	631
2097	1371
244	1109
256	347
561	1391
52	216
430	567
1343	1055
230	235
2266	2036
209	213
296	1405
762	1032
41	46
1348	57
1103	1105
488	464
814	880
2057	2056
392	393
2209	2256
1357	173
1426	950
24	791
1252	747
1598	1116
396	397
1690	389
440	442
2313	2205
475	473
952	284
142	670
1069	280
1269	1270
2143	2139
643	847
108	236
828	1098
1919	124
1522	430
795	2052
1718	828
1059	1058
815	215
1033	399
1137	1290
1472	1473
2196	2229
832	604
300	536
1980	1790
2377	1322
82	81
758	1025
2238	2421
345	1434
231	505
163	157
199	200
400	43
1770	146
1132	1019
2328	2211
298	1051
821	1897
871	874
1596	1597
302	812
570	1084
1407	1496
2364	2240
1022	164
1460	881
1999	1461
1040	899
2263	2075
2297	2010
1067	580
714	1911
713	729
1274	1456
1108	1832
391	1580
2187	2195
1942	1934
391	1991
2080	2079
2324	2202
1088	1112
877	597
216	1118
2008	2014
681	1098
38	1183
308	463
834	612
450	101
2047	2051
2467	2466
1109	1104
2274	2148
694	697
2039	2256
625	623
388	1594
924	765
2375	2067
1224	1223
2264	2075
1044	766
2370	2203
2286	1899
2186	2187
1480	671
33	1254
2247	2439
1080	1212
1868	1206
1507	790
549	1065
213	1287
181	175
1452	163
2048	2047
649	53
360	363
1867	1650
1433	539
2535	1992
1063	2052
2172	2131
66	646
129	131
1160	380
2124	2061
1181	606
1812	142
111	1829
473	346
1667	1568
379	290
1449	1645
789	66
2307	2308
200	289
188	1119
807	809
2107	2435
951	806
1769	164
1022	320
1169	1246
1171	1211
836	1485
519	576
1525	1197
660	661
1844	1389
819	1328
256	344
788	369
2143	314
555	34
88	90
1581	786
2418	2120
35	383
2534	2181
1957	2304
354	1021
906	1028
470	472
909	917
1425	1423
190	197
1698	737
351	272
123	479
2108	1775
1561	1173
906	1336
862	1309
2040	2038
1108	131
355	149
743	927
2189	2188
263	921
2226	2229
475	474
1189	746
607	835
566	1401
1108	224
907	123
1220	601
2199	2197
2284	1163
442	1077
1647	799
782	881
51	1612
514	882
985	1095
1743	1347
273	1009
2317	2300
2395	2393
743	585
686	1592
2245	2227
2386	1934
2501	1934
1060	739
2370	2181
2144	2418
1365	810
317	990
663	667
153	137
51	1525
374	993
1767	1441
1061	1060
2046	2027
29	25
356	435
780	1718
38	1674
1507	1034
91	565
1037	2274
2101	2009
1074	778
2121	2375
1881	1049
298	1496
1837	793
1278	1277
2052	2094
195	196
1087	1093
62	115
808	957
2281	1092
654	284
1804	734
2087	2283
2220	2094
2429	2256
1817	1026
1157	999
628	629
2054	2058
168	734
1868	1621
390	1022
2011	2283
2387	2439
1058	13
156	160
121	126
22	23
2231	2293
811	43
163	1452
574	208
35	34
2423	2389
1968	681
816	1689
1794	245
2264	2261
2304	2381
1943	741
1744	2293
710	711
501	953
395	253
2323	2315
280	281
1654	1438
572	216
959	266
1468	231
2242	2243
235	237
351	173
2179	2229
392	395
2041	2372
1769	1275
268	543
1004	1217
1644	835
592	864
361	81
897	117
2325	2328
1743	1910
2514	2080
1129	131
148	150
157	163
2269	2038
1885	1251
35	275
292	293
618	66
1162	900
1455	575
1451	1231
1749	800
1826	309
686	132
3	0
381	378
2381	2183
2018	1985
251	253
2162	2160
830	876
242	1606
1899	1492
2177	2030
2062	999
1300	1299
1239	1018
460	733
1708	253
2087	2104
1936	1322
987	620
856	499
2507	2110
599	494
2276	2282
932	1350
1938	2120
138	252
2028	2032
2446	2411
861	1167
2313	2210
8	456
991	445
1746	879
963	584
1328	128
1104	275
549	552
799	1081
2379	2380
1483	739
2354	2188
33	552
1014	1709
871	872
1827	268
1148	1149
2377	2126
4	108
1118	1644
1604	1936
1409	1610
1868	528
179	176
606	147
981	686
2500	913
1100	1609
875	843
2410	2205
2037	2038
991	989
299	833
711	714
1998	2068
1567	1568
1824	1708
1079	796
65	678
1315	1166
1453	1099
2403	2328
51	1079
2202	2012
602	135
1851	987
1058	659
279	574
2177	2205
661	659
645	648
1654	203
1690	227
2288	2076
1775	2014
1580	1243
248	138
1171	1069
1248	1118
373	257
424	221
267	266
2365	2284
619	666
2271	1954
861	1158
790	1507
2293	2300
1445	16
1604	1523
1173	1278
604	606
982	263
2536	2029
2150	2151
2059	2061
2047	2050
124	527
2181	2030
998	992
2507	2167
915	597
2491	2208
1851	1852
1942	2332
1169	303
1481	1673
881	885
2289	2083
2332	1856
2426	1728
2185	2300
481	264
647	345
309	666
2339	2166
858	170
1300	614
737	66
1080	51
2144	2332
2487	2427
883	885
1417	127
63	69
780	101
1429	969
911	913
1965	2164
659	224
1112	895
165	321
1221	93
1674	1650
725	723
107	624
1518	1519
1215	1012
1015	543
2209	2309
1273	874
1327	1886
289	207
274	926
658	42
1039	574
1293	368
174	166
1798	648
1880	639
494	835
2352	2127
1883	1275
1957	933
2326	2001
16	344
1503	9
1176	1175
2459	2147
329	251
659	652
1006	1439
2064	2258
1896	727
1183	1268
517	388
876	1214
922	1491
205	275
2360	1903
1917	14
830	770
1517	1196
540	184
2072	641
412	1190
560	1829
543	89
241	624
658	1019
2344	2466
1677	139
2106	2040
1075	585
1521	990
264	483
1907	2192
687	792
665	1338
1683	1090
284	952
1370	1570
1559	406
1627	526
714	1629
1888	251
1744	1911
1635	568
739	134
1528	984
1823	1015
709	1128
1115	1104
2173	2177
864	899
1685	361
2519	1742
63	70
103	522
2169	2376
1060	1063
1954	2201
1253	432
45	41
1977	526
829	830
2311	2203
1002	1005
585	928
901	126
775	940
680	687
2234	2084
230	237
791	1084
771	678
1355	2128
2376	793
2378	2309
98	102
948	950
1170	1612
1931	749
2144	2319
1332	1335
772	1454
1778	1069
1326	217
2311	2174
1630	217
1128	1611
371	368
1229	1231
1945	1944
998	1489
2363	2365
2111	2215
2129	2091
1796	2142
339	196
2091	621
1169	1168
1101	775
419	149
2178	2317
2229	2173
975	977
1312	1114
263	484
87	223
1676	1117
577	519
972	706
193	379
1299	1300
673	302
158	161
978	1205
125	1137
267	596
2354	2190
176	137
2113	2361
546	687
815	46
2150	2088
57	1510
1761	142
795	2315
1125	836
1734	2121
700	124
249	404
861	672
1804	219
712	1525
173	417
492	494
1622	1497
2397	2443
665	448
129	305
1684	1043
905	1773
2149	2426
2145	2045
291	201
2057	2037
2003	257
595	598
374	537
1310	1644
1473	1312
510	424
2373	2000
2289	2288
2306	1992
868	769
354	345
1942	2092
1761	1201
72	1507
80	82
1955	2374
775	707
1053	1698
1061	101
2354	2181
1973	1364
1023	322
1396	1243
649	653
1639	1538
2403	2075
2064	2229
1637	302
1725	174
2420	862
882	1722
372	373
313	315
383	1043
981	1675
1006	1715
1317	1313
1360	867
436	527
716	844
189	836
987	445
859	256
349	59
763	1069
299	1294
531	1189
407	891
2412	2078
1721	635
1365	269
619	1204
238	241
1588	372
2308	2307
999	997
620	1182
2061	2129
814	849
77	78
1100	1256
1273	1272
758	27
141	1277
964	572
1182	618
607	575
1014	415
706	941
2236	2238
1099	1070
475	1372
606	596
2211	2290
2469	2081
1260	1460
828	1718
36	1433
1479	1100
33	1759
269	1289
1903	2201
1616	572
2090	2151
1773	905
1199	321
1047	1048
588	1372
31	1558
461	703
13	7
1331	2373
1449	1199
2444	2337
1684	1683
1742	449
1046	1045
483	264
2042	2085
987	740
414	1823
1896	1446
84	80
655	1007
1637	673
1598	1442
649	218
2031	2033
2232	2231
481	261
268	959
1675	981
22	559
807	242
2428	2418
1977	1036
2176	2282
1429	46
689	1481
1690	386
848	847
2467	2090
1028	477
196	932
364	1515
31	402
663	257
1876	1004
1331	2399
2154	2381
665	178
344	16
535	1467
1889	1251
1368	599
1802	17
1689	1815
1348	493
1977	913
1148	1150
1929	2430
357	981
2036	2268
1314	482
1852	253
2173	2174
1442	450
157	590
56	81
734	1385
721	2362
426	427
74	339
692	688
2202	2091
1447	656
250	253
2378	2380
480	485
2425	1092
164	157
956	385
2126	2125
848	891
2043	2046
269	959
1683	1674
680	686
166	173
1462	1465
758	1043
517	815
2259	1038
345	1322
992	1095
859	1052
1877	476
1837	741
1837	930
646	678
2361	1898
1644	621
2085	1985
1020	42
566	1172
1287	389
284	654
442	1256
2288	2336
1256	1221
1146	1700
990	836
1809	37
509	215
573	1495
1407	1484
2298	2183
2056	2054
987	1644
149	359
250	1064
1153	1586
2012	1859
147	69
926	102
1596	1598
87	81
1844	1646
1184	645
23	1319
789	678
2187	2188
531	746
436	1459
133	963
1770	98
1704	482
481	570
806	802
2350	2223
1392	444
1257	944
1017	1094
751	1056
1314	109
2107	1998
779	173
1820	742
1275	1200
125	1284
818	456
925	790
445	985
998	189
2327	2085
990	997
1450	1305
460	166
1296	131
760	762
216	530
116	118
1062	2077
2211	2233
2354	2064
2348	2110
1442	211
798	954
2403	2211
588	1426
673	304
2375	2371
249	250
1093	1943
188	1831
335	340
981	948
1967	836
1202	719
795	2314
1707	1927
2297	1837
735	627
786	779
1593	376
823	467
1321	1673
243	521
1220	544
232	776
1115	619
2137	2162
973	204
2278	2017
1103	1108
495	835
1632	1633
619	664
505	734
1535	1261
76	996
2225	2129
1957	2117
319	321
2518	1715
1094	255
56	1107
945	235
546	1088
85	83
201	199
305	692
142	184
2325	2403
1964	998
1001	1489
1628	1626
1006	124
1391	1390
1859	233
905	1053
526	926
1530	707
258	1337
634	141
409	967
1698	1053
2258	2521
275	180
76	877
1798	1891
1280	136
1549	1550
377	78
1190	746
2024	2131
911	912
2459	2403
1322	2371
2297	2213
1144	237
1105	152
917	145
1886	319
1939	1938
2301	1091
497	500
1742	542
1814	1341
139	386
425	308
613	614
512	573
2226	2227
2402	2409
2210	2379
886	461
1705	181
1950	1163
1470	1092
636	634
2381	2378
2104	2055
1047	1050
1965	2080
387	389
1103	1107
1747	1305
970	243
2016	2018
2039	2374
1591	1257
66	147
2449	2334
981	431
772	739
480	484
1408	1631
933	2201
1145	232
226	229
1108	1246
1189	1190
307	306
1663	1268
779	778
2097	2333
303	692
1932	1438
1199	164
1268	1267
550	1157
680	684
2107	2192
413	1772
833	1748
707	1101
536	300
452	457
2079	2300
243	159
290	203
1591	491
1809	1345
2229	2064
2079	1903
1368	1589
2099	682
580	5
2231	2086
940	706
706	940
2207	2206
1370	386
2120	1938
768	544
1160	692
475	477
739	858
2489	2180
1017	1097
23	1835
2130	2044
1179	285
1562	1697
1075	1230
980	1064
1944	1945
1771	1773
1444	2518
522	239
1433	124
605	604
1458	1254
1598	40
1522	1615
1885	808
884	432
1118	216
1038	809
1794	1795
2400	2337
1312	1042
941	577
2082	2352
563	1267
413	1287
2126	2231
1194	222
1985	2055
1135	538
2141	2139
748	368
78	1124
1576	24
2	328
679	1229
691	1297
654	124
2414	2001
22	18
2315	2256
1184	1500
1500	991
32	1255
1217	1219
1091	2086
45	875
410	208
800	801
1652	1410
2348	2112
2154	2378
2344	2467
959	269
2481	736
250	395
1152	699
1044	999
1786	1482
2001	1997
1585	1480
1041	1039
2420	2387
2368	2040
2246	2436
2179	2355
1699	848
1127	1126
1338	101
1646	1508
473	476
822	219
1115	621
856	264
2294	2295
141	1278
161	158
156	162
2177	2175
2125	2129
2208	2189
70	1507
132	1348
581	584
1328	819
1144	1522
1418	1546
857	770
424	1032
2220	2222
748	749
2287	1899
940	707
1669	95
774	1477
974	1231
2477	2478
1298	771
1410	804
565	1012
1038	2084
672	862
1690	1817
105	98
1231	1412
1287	1053
692	991
930	644
595	600
974	972
959	268
578	581
2095	2093
1020	271
1518	348
981	1028
1660	768
1801	140
1169	1108
1087	1090
1022	1147
692	992
404	979
294	368
1448	686
607	687
1748	1293
101	794
1967	1491
1536	1510
31	33
19	18
1511	1512
464	287
1896	77
65	63
2448	1728
1633	1179
764	768
2314	2014
717	1257
130	301
2478	2226
1529	163
2126	1936
2192	1470
1098	1160
1977	957
374	448
2118	2022
1375	1604
1869	834
793	2169
1863	37
1550	1639
2521	2399
2207	2407
2247	2302
1508	1509
1676	1643
344	347
1073	240
522	102
917	1011
2347	2146
2197	2388
1725	1041
849	186
880	1066
690	673
1759	480
1687	823
2071	2528
1294	1000
1290	1531
1078	1076
437	577
190	198
214	1321
1260	1261
169	474
1172	170
2171	2382
335	342
1099	1254
2275	933
395	1502
416	417
852	867
685	953
145	1323
436	278
2352	2292
1070	951
461	702
100	99
242	578
2321	2176
85	223
872	271
2469	1796
339	1350
798	356
220	214
228	618
199	202
1271	1362
2324	1837
2417	2320
1877	658
1961	1014
435	276
1358	867
985	1196
2148	1037
2524	1890
1458	1453
187	70
354	1449
1632	1395
1767	420
2423	2276
1987	2162
2492	2378
832	836
2064	2259
935	347
469	1215
2205	2125
2360	2028
86	84
799	1372
216	597
1148	1151
537	374
1001	851
127	1264
534	300
1432	1431
1488	1490
2190	2032
608	609
781	782
629	245
460	459
571	178
1116	550
557	560
1114	628
2140	2095
104	255
793	1936
104	836
1028	172
2068	2471
1850	442
1093	2076
1111	766
1613	1614
606	217
523	527
1173	216
1152	330
598	1298
503	302
536	792
2260	2262
123	824
748	76
1028	1440
1451	1659
177	179
967	395
1120	1119
357	951
173	522
650	659
1517	408
925	679
1839	468
1213	1081
2031	2510
352	275
1229	597
1876	1018
535	534
1392	1310
133	26
2218	2233
300	532
1823	1018
1018	365
2104	1955
1936	925
965	966
438	1254
335	339
2319	1796
1742	1738
604	607
1407	1566
1442	1598
2142	1796
1404	292
817	553
520	940
1890	1334
2079	2080
1964	309
2395	2196
61	144
483	260
603	925
85	652
2451	2133
192	190
305	131
2100	807
1074	279
2121	2091
1705	949
104	1862
907	769
859	351
326	178
323	253
1145	95
952	884
246	856
963	1025
1692	429
945	568
1907	1092
644	1051
915	513
2518	408
1176	1253
2439	2359
660	85
1035	14
1581	249
260	265
510	432
1547	318
288	203
987	607
2246	2439
1429	1558
2247	2030
1274	173
1058	225
400	164
181	1692
1677	559
319	165
1384	1274
974	520
349	348
469	1873
87	1475
1929	2231
1362	889
1082	1083
743	98
1202	730
1588	1589
2188	2078
2355	2356
2315	2264
772	495
595	321
1242	746
2303	2131
239	240
1753	910
1750	1011
16	347
2270	1038
141	1670
55	626
835	1644
13	1274
817	395
450	379
1666	1255
305	690
386	1287
956	1831
875	43
1386	988
1032	1258
2521	2490
1145	1102
1396	1207
1585	708
2260	2264
164	400
227	809
986	1903
835	987
1313	1317
341	597
2249	2372
1709	415
1468	417
1287	1594
241	770
72	494
1309	750
1190	1187
2335	2447
929	932
2296	794
1955	2147
2523	2369
832	834
1344	1067
1073	604
322	1449
283	108
1313	1316
1626	1453
2509	2380
319	186
632	655
1287	386
84	55
1325	1347
690	131
174	1479
2273	2274
476	492
1604	2169
866	371
81	87
1581	7
321	1022
351	321
2119	2139
1189	1192
554	203
2488	2514
817	303
513	549
295	1488
1848	438
1492	2010
1111	989
576	584
673	711
1245	1082
1141	114
2309	2299
1673	141
989	769
2488	2082
2188	2465
2205	2438
77	1057
2157	2245
1023	320
1126	900
1073	899
1770	383
740	603
1051	998
2148	1034
1684	1915
304	936
1293	571
595	599
1009	1007
682	575
1187	548
2470	2168
144	1610
604	257
1242	530
235	232
2384	2235
2232	2131
481	483
1488	78
2195	2179
1666	43
602	1297
722	723
2393	2394
438	1231
347	346
1241	1135
494	1182
741	909
579	530
1510	1887
1064	385
1067	1039
1418	1531
281	951
1168	827
1883	1747
2123	2440
1337	1053
1542	1095
1104	1357
793	2126
741	607
138	248
1220	1291
842	1043
1807	923
311	979
963	1026
767	1614
632	1247
136	1497
1663	1664
304	1098
2125	2202
1741	368
2147	2249
2014	2361
2026	757
1384	1052
1658	132
817	692
2016	2017
726	71
2512	2142
1652	1906
408	410
1069	431
567	569
1982	2058
2171	2303
1211	204
1275	659
2171	2436
2434	2003
1711	1962
431	433
208	707
1562	243
558	369
2238	1810
2176	2077
234	237
1877	57
257	216
379	604
1396	395
2528	878
1039	244
996	909
763	50
1973	123
2126	2091
327	692
1204	1115
1840	127
262	826
1305	823
686	743
2414	2107
1430	690
2018	2016
1753	1756
681	1070
1533	2297
2332	1907
816	813
1944	2408
214	1320
1675	1341
257	339
1546	1233
1051	21
348	347
52	218
835	97
1491	766
707	520
1436	1041
1633	880
431	438
2426	2440
576	583
1271	438
1717	1716
2269	2055
2203	1903
1221	1077
831	1164
2416	2369
1087	1088
587	516
1349	81
237	1144
1827	1291
1096	1097
1484	1122
1712	389
899	743
2486	2051
918	20
1837	2012
273	270
2399	1331
646	1182
2510	2031
1327	1857
976	1203
1312	111
1347	115
1968	1043
1146	591
986	339
16	349
1187	1190
1662	852
662	618
718	497
1033	566
402	249
1257	422
2215	1939
42	857
1550	19
2229	2258
349	354
2088	2085
1726	954
668	670
540	1403
1111	1112
2099	2094
2110	2112
1042	1044
2299	1093
1203	460
221	83
516	178
2057	795
197	908
660	658
690	327
1024	451
2300	2262
331	878
818	694
256	346
1700	1640
1859	1255
1946	974
2011	2146
1109	46
1632	188
1698	930
703	1144
1938	2003
465	601
1912	905
249	1581
2538	2428
494	617
15	1052
232	230
787	673
1582	786
338	1332
1052	859
233	236
756	759
2008	2009
1832	1108
2234	2088
5	422
829	85
1642	1843
18	24
1587	1711
219	1398
2073	2234
1161	867
1750	766
1413	1414
404	403
603	790
632	82
2407	1092
202	671
1630	1542
1744	2352
1397	835
1353	77
1634	394
1113	1748
1911	1604
535	146
2055	2234
1043	807
2293	1163
104	450
805	1362
1137	196
2528	2387
2145	1796
2394	2408
1746	1305
1550	349
134	1063
2220	2128
1455	519
526	1458
922	765
1258	1257
2120	2419
147	620
959	1022
486	491
1804	829
1561	521
517	1793
623	625
647	847
2319	1939
932	195
850	213
1135	1134
1911	1936
428	1522
72	1034
1225	566
650	661
1390	1391
255	450
2090	2072
1271	802
1618	1089
1177	876
2198	2354
1453	1627
516	940
550	1116
782	879
1311	1154
2132	2043
2313	2370
973	1229
601	603
1080	979
61	54
1460	625
951	445
1743	1911
2303	2265
819	1098
214	52
2427	2151
1676	1677
799	1213
2129	2093
2017	2016
647	141
1903	2208
1071	1320
201	1019
1377	1862
854	584
2259	2435
2235	2106
1334	268
2351	2213
2008	2011
482	821
1376	1378
2380	2154
2346	1790
2269	2235
1898	2329
1854	1061
2448	2126
1332	299
751	1784
1123	1124
2190	2208
511	513
222	80
1700	849
1071	1449
643	647
2447	2304
232	235
2517	2019
127	1270
2446	867
2332	1934
835	931
661	489
1475	87
2310	2153
572	206
1550	1524
1252	840
2517	2179
125	1668
256	349
239	279
526	527
2264	2082
2057	2054
1699	158
2111	2110
950	501
1761	1652
787	785
252	585
2095	2222
1532	2319
1891	700
1314	910
2152	2153
1225	1601
2039	2151
228	1031
1347	1743
340	561
574	520
585	580
2478	2009
473	474
630	627
1235	1236
1513	1511
337	340
2201	2040
1283	67
1531	611
1039	437
827	1619
1364	1362
1112	927
795	2088
982	264
314	130
1183	38
43	282
2038	2234
1690	1543
739	1219
2323	2302
995	994
349	256
1293	1916
1160	304
642	646
2373	2357
323	251
2289	1898
132	572
2117	2222
1382	907
2125	2086
1460	782
1013	1017
2309	2077
8	1410
2105	2055
1917	1146
2314	2283
238	243
57	476
97	96
939	706
11	13
976	164
1197	1200
463	464
396	398
1343	753
1987	1986
1866	2390
1876	1183
604	69
1791	288
351	593
1607	1120
2088	2039
1937	1938
1163	2293
1577	876
687	66
1992	331
2134	2328
1130	184
1700	815
938	580
938	410
622	623
1831	1824
2426	2091
1943	2373
1446	345
2412	2300
1694	1212
334	157
703	1479
168	180
816	144
187	924
1067	1068
271	579
2022	1652
452	453
2258	2173
416	334
1505	1506
1353	535
909	192
1362	694
2327	2256
1155	536
1672	1246
1026	57
1903	2210
2535	2479
1	107
747	583
22	908
2168	2122
2289	2361
719	896
1204	619
175	178
176	179
1090	1683
450	1116
986	559
1800	1801
979	115
775	232
1750	65
11	12
2012	2095
1777	717
313	111
216	52
2093	2091
171	1194
2364	2501
1343	575
655	884
1033	1786
2131	2230
1253	36
2470	2143
599	1368
1217	1220
2469	795
2109	2075
704	876
175	176
1140	2183
1494	1493
1187	746
2076	1943
979	1170
789	495
904	198
523	526
353	988
1634	1591
765	646
1987	2009
2323	2179
2086	2127
2308	2313
135	406
985	621
1229	1145
220	59
1871	196
2400	402
2281	2282
717	394
967	430
176	177
1434	1480
1052	857
2165	2092
1107	1804
1706	976
1497	1499
166	167
1228	1226
165	1256
612	1869
961	719
791	1337
2185	1163
800	427
470	471
193	248
2507	2222
171	166
1353	1354
722	724
992	1061
2109	2361
1609	43
2014	2087
2058	2231
1211	1626
972	951
2064	2039
1698	1124
361	1685
2332	1943
1217	799
1024	1028
866	868
1857	1077
1547	1011
322	321
1290	1289
1547	1247
651	16
240	622
2379	2154
259	254
334	321
350	351
2130	2132
210	213
302	711
217	299
445	299
1848	1846
693	632
1740	1741
596	68
1296	446
792	1124
542	543
210	612
967	663
1459	436
714	1786
583	576
673	305
444	192
605	930
334	165
1346	1347
707	208
2275	1957
267	1827
1885	1706
229	733
2247	2268
1577	1504
1075	927
1879	621
139	387
1810	2074
1484	1738
2203	2173
92	397
2214	2221
1629	976
1130	137
1616	1909
52	217
1117	299
2183	2304
1418	1290
617	494
913	911
193	694
1541	304
1982	2194
1096	985
1514	548
925	187
872	873
987	619
577	706
1565	268
51	50
1819	1818
50	107
324	692
264	982
543	268
153	1822
1652	8
1495	405
995	1317
1309	692
194	191
2506	2280
792	789
1197	1198
2244	170
930	679
2422	2229
1693	1278
634	785
431	434
832	644
747	95
2263	2367
1653	362
926	1455
662	667
1160	819
146	495
1699	417
234	230
2312	2307
1886	2146
1135	551
150	207
900	902
71	63
1624	123
404	405
2029	2034
2149	2058
2489	2032
1954	2368
206	275
519	548
14	15
2445	2341
2151	2106
1123	189
1982	2224
1885	95
781	783
19	1643
1656	194
1511	476
165	1023
0	4
963	1028
977	1243
833	1111
1777	1257
704	702
327	690
1705	806
2135	2459
2204	2218
306	309
1006	396
2297	1943
1061	740
795	2115
2519	1857
2116	2325
299	1229
2136	2137
210	595
55	622
1492	1899
662	664
1248	41
2241	2240
1117	216
1277	1279
160	529
925	1034
2367	1997
764	67
390	229
1364	824
494	70
2235	2038
1370	1579
18	20
486	487
510	509
260	263
1389	288
1580	391
726	368
1253	584
1139	684
41	42
2358	2355
1259	1260
1734	1952
659	1307
6	7
2042	2039
1769	762
1902	1369
597	341
2105	2040
1055	1698
147	604
1104	1109
1230	927
2503	2300
876	1041
1376	77
889	115
617	621
1375	1307
1761	1085
506	1692
235	233
377	382
768	790
2282	2147
1616	1522
1274	776
520	707
1644	987
2023	2028
2036	933
247	337
2281	2211
373	374
1517	1317
11	53
1473	1332
2198	2199
2189	2186
29	845
1065	549
1744	2086
778	1071
2087	2327
584	493
1581	1658
1718	780
725	722
533	277
2200	2183
2127	2125
2395	2309
335	336
708	378
559	492
450	607
1538	758
68	1542
1653	1181
236	704
1101	279
1264	826
1278	144
1651	947
931	574
1704	440
689	953
2286	2115
2536	2281
952	1286
1449	1204
921	263
1566	1565
236	108
2194	2319
1187	1135
925	836
321	577
1138	777
2018	2114
1670	1671
921	499
1378	1376
1247	632
1161	621
733	237
147	618
2344	2018
1670	1605
1749	1325
2004	2005
327	673
1991	691
1182	931
442	1255
2489	1744
2082	2421
372	374
1633	427
441	442
648	645
2260	2263
2123	840
2393	2396
1832	977
137	142
476	271
1212	356
2226	2228
237	1479
2095	147
1362	1147
326	1106
1286	376
2512	2408
2101	2090
64	146
522	240
2372	2041
353	1266
1576	21
438	1271
2234	2151
246	629
1574	133
277	806
2044	2130
2485	2035
878	248
1304	40
1071	244
1162	867
1997	1998
1568	448
2274	2084
1612	979
1106	693
2337	2343
337	395
352	962
1033	1035
1850	1950
628	676
878	1461
1523	618
1393	1395
227	208
927	252
795	2040
851	687
1366	773
2504	2231
1461	1460
1271	1410
96	84
664	618
1138	704
1823	621
2409	2419
2181	2028
1196	596
2521	1744
1359	1674
411	409
492	496
1623	127
901	950
563	1459
2082	1091
1473	1405
796	452
2043	2045
1408	950
901	1902
2004	2006
2402	2418
15	348
1073	743
620	835
443	519
765	925
1874	1873
1879	1886
791	1857
2393	2154
806	7
106	1
269	602
2195	2173
2099	2100
1129	42
1543	1544
1633	1614
1447	818
547	553
689	858
280	938
1867	1598
1446	382
1689	954
725	1238
2219	1063
518	520
1276	1496
1376	382
2261	2065
1132	1
1188	1509
1190	1189
2456	2284
2215	2289
1390	446
2150	2055
1635	945
765	922
1699	1175
178	1706
691	16
727	1322
2479	2267
1768	513
2289	2403
704	1138
802	694
184	1403
1230	1075
749	790
478	479
236	233
526	575
563	513
1486	428
1755	1325
1129	1065
1851	617
315	1137
1885	531
856	919
196	1802
1018	1823
280	563
4	167
2388	2208
1090	1408
1390	1392
2235	2234
1457	1118
726	63
1192	746
960	536
633	1791
1802	432
2345	2049
414	411
279	1752
676	1310
1188	840
680	682
63	72
356	516
238	174
1108	1612
2344	2102
483	485
1617	1137
2302	2182
612	1660
1290	1532
1302	528
2106	2088
788	1264
1814	1813
1447	355
482	261
1389	891
2491	2189
462	459
2166	1091
1605	1884
1879	242
1264	127
180	1864
828	251
892	548
969	1816
2414	2274
2289	2113
128	133
440	577
1823	1824
1267	1268
1370	1812
1280	1277
550	547
753	754
919	838
1504	1059
2534	2287
337	1137
1508	1646
854	410
791	1441
933	2282
847	648
807	156
1004	682
547	548
2013	2039
845	841
1114	1115
1910	200
162	159
2020	1461
1396	872
2466	2467
1184	891
888	867
1632	1634
61	1665
561	1354
1728	1942
102	227
352	274
1399	1472
2134	2075
1197	592
341	1613
740	835
442	43
1959	1459
1260	1691
9	2144
252	1497
578	242
2136	2060
2188	2196
1397	546
2204	2431
117	897
1493	1495
1848	861
2325	2213
2408	2394
161	548
2297	2137
2284	2264
1172	173
1657	1646
2386	2401
1953	1317
68	63
1812	1370
2128	2219
1020	1340
1241	52
1039	1041
2327	2039
1958	2094
146	64
1369	1732
178	1705
2181	2182
904	1366
1517	444
1653	1039
2532	2180
1283	1284
1204	240
2075	2264
1152	628
667	1111
292	296
1787	329
590	157
2448	2052
1965	1444
980	1266
2000	2001
2440	2134
472	470
650	660
2313	2256
986	1467
45	970
1022	322
1046	1270
2166	1092
1363	802
1366	123
1651	609
2235	2104
484	1168
371	295
1629	157
1840	1490
540	628
1362	1363
1669	1041
2046	2197
151	1429
1685	1247
1453	1073
304	1534
852	1095
1852	1851
198	379
1220	741
952	1508
19	836
207	205
168	218
1330	2319
2161	2096
2123	69
1	108
626	622
526	1073
2295	2299
917	810
1814	1621
66	792
1794	1291
1472	1474
710	714
1590	609
961	729
225	224
738	1698
1020	1256
1176	474
443	577
1312	676
2016	1985
2452	1331
491	394
2011	2371
661	652
2245	2253
828	1048
2357	1131
2243	1754
2147	2000
566	105
725	1162
40	1304
1698	1123
1908	1222
1523	213
413	1014
416	418
1594	388
1443	1546
734	155
116	117
822	1398
2093	2219
807	811
2157	2045
748	370
1347	1210
2444	2002
1271	456
2438	2185
1609	1610
1899	1371
2239	2162
1855	758
2325	2211
289	203
2263	1898
679	930
2462	1733
2045	2529
75	521
1411	1527
1397	67
237	702
731	68
2337	2265
164	1199
2005	1330
1987	794
599	835
1056	751
1629	714
511	512
586	1621
2073	2256
1950	2332
321	322
2362	1567
2215	2286
1541	1538
1097	1317
2093	2128
2463	2430
1777	1154
416	165
76	78
1049	1047
1791	282
851	1001
830	1611
475	57
749	896
1639	1340
2223	2224
841	264
1084	385
1522	428
411	408
1980	2164
743	899
1024	1675
2188	2190
215	180
1629	642
709	686
1991	1580
2088	2040
1901	1710
139	385
1786	714
294	268
1459	1458
797	393
2049	2122
2401	2403
1095	1344
1476	1481
222	180
1889	431
1475	1476
1418	921
724	1585
1766	419
557	559
2288	2286
935	833
733	1449
1228	1772
21	24
583	840
1781	44
1166	689
492	474
290	288
707	577
1070	1099
2408	2452
155	148
2385	2381
2195	2065
1320	709
2065	2315
2462	2062
1065	814
1887	1605
989	877
1490	998
396	124
954	1689
362	1711
517	1707
2149	2329
1041	1669
374	373
2183	2306
637	641
395	141
807	574
2027	2447
694	695
1975	1370
285	519
1085	1082
1750	67
1388	1389
2480	1532
1824	420
2126	2061
1358	1359
2370	2313
2084	1955
2199	2354
1456	173
688	693
237	230
663	1111
625	624
2331	2408
1911	1063
746	1219
2082	1093
778	1357
909	1055
1095	1397
1064	438
413	415
42	859
561	313
2187	2196
742	418
1944	937
714	690
1285	646
1235	1237
2206	2315
1332	900
259	2134
125	40
178	1341
1628	1627
2139	2142
76	1057
1577	1059
733	1021
837	839
64	145
108	233
1420	1421
574	972
1696	1440
1245	1246
1854	792
645	847
1712	1502
170	593
430	428
1932	37
2282	2078
1169	659
709	727
1811	2500
204	436
2263	2260
1604	2167
958	127
401	344
260	151
685	980
768	1125
932	930
1927	1641
780	828
1066	1648
2093	2094
228	229
2528	2366
2199	2188
443	1355
577	208
1381	1441
1101	966
1330	2136
1106	1510
2001	2086
2046	2210
345	214
2314	795
2082	2353
217	596
892	326
1734	1737
333	555
207	203
126	1115
1182	494
2329	1898
939	938
2484	2145
998	1125
173	166
522	572
1725	1028
645	1217
810	299
460	186
1892	511
1516	1167
2514	2488
751	1057
2311	2127
509	508
1213	1640
2077	2081
1695	289
2419	2049
1626	1627
956	1486
2523	2455
1141	1142
269	128
1037	1038
2367	2113
2470	2122
2254	2184
995	268
148	155
1154	1311
1807	835
250	405
2137	2010
1805	674
66	789
883	886
1493	1494
2305	2092
2106	2055
2377	2095
772	771
2329	2115
275	277
833	294
1831	188
1955	2084
2462	2238
568	4
887	766
1535	609
622	82
2052	2377
1067	1071
1372	475
476	1020
705	708
193	1350
948	682
2343	2037
1130	1822
548	583
508	219
644	1054
1896	377
464	463
235	236
139	390
978	1214
1154	788
702	237
2474	2183
720	287
2400	387
824	1354
1849	1848
2306	1656
2124	2093
748	750
2384	2347
1705	256
387	388
1183	1381
325	323
1569	78
2150	2040
278	280
1563	2233
1685	336
157	334
1727	1642
38	943
2186	2131
667	662
905	1914
1940	111
73	77
1316	1801
77	992
1795	2230
1561	1562
1450	285
1256	442
2534	2266
1364	1369
1792	1595
1458	1101
805	697
1944	2398
1153	1587
85	220
373	372
476	584
2207	2285
644	1055
2220	2093
930	1523
970	891
2149	2500
1283	596
29	31
2538	2509
2134	2248
2119	1936
2229	2087
1481	689
2124	2126
622	3
1589	602
1502	1144
1844	1543
665	192
494	667
2171	2209
116	119
1859	1256
1248	1117
731	383
1017	1012
477	473
275	279
162	1282
383	685
1655	278
2091	2095
936	305
1711	362
506	1620
830	1275
2093	1837
2382	2142
570	265
2269	2151
1249	1981
1713	1712
882	1635
1967	907
1426	1101
749	1196
1579	251
2352	1744
71	790
1824	1831
2	3
1160	1098
1989	460
247	379
1800	188
1759	1760
1909	1882
2276	1957
662	663
185	187
1888	1538
13	256
460	174
512	575
879	878
2413	2366
2509	2154
377	378
547	357
2276	2275
676	1311
1457	986
348	344
1055	738
2248	2249
1889	1514
913	1976
2370	2308
1670	1510
783	781
435	732
1726	1727
2261	2260
1147	1449
1197	351
1361	440
503	662
886	1266
1214	1530
663	1630
1453	1452
2432	2340
126	765
243	320
2525	2068
1985	2087
251	1098
1519	451
258	542
1002	625
1262	1259
2451	2293
174	320
480	175
2208	2178
222	225
309	832
1786	312
1910	1181
2403	2260
2157	1944
349	347
1155	675
1538	936
1225	1224
754	753
612	1368
8	342
1058	1059
410	162
1959	64
2176	2174
11	10
47	48
2214	1954
1476	693
935	14
2489	2205
212	550
78	1931
1939	9
590	865
1067	577
1974	1004
2297	2467
2278	1900
975	978
2209	1903
2219	2128
371	367
1210	1622
1647	1843
398	97
1979	1981
592	399
1930	1643
55	230
2416	2063
2157	2443
836	925
2022	1999
70	494
2517	2355
1567	1512
2189	2315
2276	2127
2313	1903
661	85
1200	1022
558	788
240	1204
633	952
1877	54
1615	453
851	997
1136	1137
103	775
1514	476
1325	1743
1618	1268
2431	2268
113	1445
489	487
1114	1118
642	645
2329	2222
561	340
1902	1336
1354	339
564	289
170	590
373	376
733	702
1293	337
2146	2148
2083	2085
2268	1957
2022	2135
2211	2201
115	889
1806	1568
1541	352
2152	2154
2188	2187
918	701
2095	931
331	194
1512	357
2357	2208
1646	1279
1062	2184
360	365
1406	70
927	443
1276	1769
1377	1376
909	1011
1929	1999
1297	819
2010	2083
812	131
445	988
83	87
1228	1227
2061	2125
1827	63
996	644
447	844
2247	1992
1830	2075
1025	462
872	462
1351	411
526	1498
1311	1587
921	264
117	898
1806	1039
1240	105
162	239
781	100
1042	900
216	1000
803	1379
780	963
584	581
2300	2013
1923	1843
1800	26
1349	1128
622	231
2123	1286
933	2275
2434	2041
104	98
1103	1106
2388	2189
799	954
1533	2144
1912	269
68	72
523	145
908	192
805	694
495	790
1584	1583
54	55
1078	1405
2269	2084
2052	2095
2044	2250
2354	2491
404	1658
2381	2380
592	103
967	587
1899	2286
1170	222
1405	296
2091	2093
582	584
198	143
1982	2291
1179	1071
266	269
1529	228
840	583
1489	189
2268	2178
1393	151
2014	2083
2255	2015
1967	1336
1234	1233
2435	2271
2293	2174
1755	1687
980	343
837	504
526	524
717	1634
1853	1854
400	399
73	78
981	584
334	843
657	656
1653	979
405	402
1204	1099
218	652
646	925
741	1837
1310	313
599	832
182	1487
25	32
13	14
986	597
1208	1085
733	169
1638	1636
779	1452
181	949
435	431
211	1474
1497	1498
465	1399
1607	1966
2492	2277
102	928
323	325
43	864
171	508
1061	606
1418	1925
227	103
2345	2090
285	283
1354	1467
1163	2185
538	539
2321	2195
44	859
1655	614
1038	1037
546	70
1055	737
2066	2078
1546	8
866	367
275	281
1176	473
1306	1594
1436	1440
1489	998
770	857
1786	1033
145	64
1484	1642
2533	2166
1814	1048
125	127
1453	585
431	14
1029	1030
1115	617
636	302
837	825
2306	2275
2142	2140
1012	1017
694	699
1611	830
291	203
468	469
1916	115
545	464
1057	294
2050	2454
2005	2007
2234	2106
2114	2348
1278	141
1804	1200
1359	713
1189	319
192	559
1135	569
572	964
1131	2357
595	71
2403	2460
578	440
416	390
1361	441
1497	811
1032	219
2378	2210
350	46
816	1782
1384	347
1261	1693
652	659
885	1421
1259	1262
2415	2305
770	186
964	962
1317	1841
1714	418
1633	208
562	563
399	401
2199	2189
1619	1359
42	770
2207	2422
825	1296
2263	2134
1306	823
2206	2284
1793	105
1491	187
88	91
2028	2357
1287	384
2246	1899
1084	588
1468	1200
817	16
1074	241
1277	928
631	303
649	655
2522	2404
851	996
1187	1191
772	65
1543	1545
191	194
2259	2040
585	743
1323	805
2347	2348
805	701
1622	21
1188	1508
2056	2057
1838	730
2208	2190
1530	1232
640	639
91	566
699	77
725	1236
1608	1568
1784	378
1107	224
1127	1550
1569	1482
802	805
117	33
2089	1955
1728	2094
1980	1979
63	65
2344	2249
864	43
2087	1063
519	285
2215	2115
1874	757
792	596
100	88
1851	603
766	868
295	371
660	1107
1199	322
2197	2381
837	549
834	172
2061	2127
1208	1209
778	440
1903	2209
412	889
1493	325
1782	219
1665	61
2293	2117
1321	1830
1897	817
819	1274
2482	2372
1747	1113
1991	128
440	943
1254	1253
1753	1755
41	43
2497	2344
2049	2077
1881	143
296	1078
2396	2397
1867	791
350	347
165	580
1429	148
1239	1012
1050	2230
2253	2252
2320	2159
1296	671
65	68
1014	23
1659	1102
348	346
2220	2067
1175	1177
1198	580
1193	171
1153	308
1284	520
1200	1935
567	570
1333	1334
1919	700
2235	2269
1865	459
2403	2120
2225	2263
1522	1135
887	888
481	482
1057	1784
1388	141
1037	2116
2023	1159
1462	644
1514	1752
1485	836
200	203
269	1365
2113	2215
1451	569
712	1079
256	1207
240	239
126	1496
133	560
806	1231
1828	2144
649	654
1124	67
2145	2305
501	482
1672	1410
1045	1046
2026	1678
1749	1820
1148	895
80	83
348	1518
2374	2085
935	348
603	70
592	770
24	254
2474	2393
1850	453
176	175
891	1389
1381	729
2286	1955
384	100
111	314
568	944
685	1266
2513	2381
1294	604
2012	2002
2143	2441
1233	804
1021	354
800	782
51	1218
763	761
98	103
618	666
968	1295
2025	2023
1690	384
711	131
1058	59
2268	2391
2208	2357
244	243
1181	503
1854	1095
210	609
2445	2265
2387	1330
1589	1588
2309	2210
1937	1939
604	146
1623	1624
362	699
2340	2199
1288	1289
1060	992
1609	1100
413	1053
133	691
1618	38
1887	1671
1424	769
2396	2251
1452	1453
24	1407
1277	1278
2306	1062
1982	2120
2317	2185
764	769
1859	1177
1154	1136
2320	1744
1371	2010
2429	1563
2366	2131
1954	2293
619	617
2359	2246
2381	2526
124	397
1174	2464
2144	2117
1186	588
1051	1095
1195	1425
759	1678
1338	665
1026	271
190	195
1791	289
539	1364
2206	2290
1305	1746
2046	2152
2260	2065
1282	147
1810	2072
726	382
2486	2053
1444	2205
701	802
407	513
1545	1543
80	84
2339	2132
710	305
487	486
580	410
393	392
1768	403
1824	1833
2201	2195
2361	2314
2292	2407
921	856
664	663
1973	528
1152	1155
1535	42
2265	723
2326	2087
1868	1428
639	640
108	944
2363	2027
566	138
50	763
1519	346
2211	2033
1405	1078
1442	1474
1077	439
273	271
590	43
442	854
2221	2128
2364	2363
1035	1033
570	1551
1989	99
1888	1927
1468	645
1143	838
2298	794
608	257
2280	2279
1458	1627
633	631
354	346
1125	449
2141	2142
478	74
2154	2379
1172	733
691	347
1331	2415
1692	466
685	680
428	1561
1339	492
1489	187
2007	2236
798	654
9	1503
2187	2198
410	1138
221	232
2089	2001
1004	893
1019	658
2098	1830
391	1534
2147	1038
247	316
162	577
1242	1605
436	431
1969	1495
1840	960
2464	2154
526	1204
111	313
247	727
713	1005
2007	2160
517	214
857	42
2237	2041
1457	1117
39	38
210	610
1146	656
1774	1393
1533	2145
2324	2147
2378	2032
1368	598
39	1268
1098	132
1842	760
2349	2483
193	973
1589	128
552	547
2423	2209
881	81
1230	577
1684	1098
260	264
974	1659
2375	2372
150	152
1364	1089
2374	2038
31	1658
1911	2169
1202	75
960	1162
1045	971
184	183
1566	449
2135	2022
583	586
1746	1113
2300	2016
1451	438
2124	2129
2286	2113
658	1021
1118	1115
1421	885
1630	644
866	788
1782	85
23	1014
1492	259
762	509
697	1271
2372	2038
815	1699
2435	2012
2375	1734
1585	671
325	251
1055	739
1493	1395
2537	2520
1404	738
447	411
769	1369
2279	2096
1841	1667
1014	413
906	910
1231	1033
1240	276
109	110
86	87
521	243
567	265
264	261
2036	2082
631	635
1282	1498
307	464
2480	2145
1740	816
854	582
1225	1223
690	302
1808	1266
2244	2001
1282	519
2522	2369
597	740
964	352
282	284
349	16
1718	1719
994	1113
1329	2335
2240	2236
2440	2083
2099	2093
1772	1053
756	758
1157	767
926	1458
2055	2448
1837	2093
629	627
1581	806
2078	2412
36	807
1378	560
898	675
1285	66
1932	1674
384	1295
2105	2235
1841	826
1109	1205
1596	306
184	1541
2190	2186
2282	2148
2245	2210
322	1023
69	835
1124	1698
2154	2210
2343	2337
1308	433
531	529
318	77
1355	2093
305	1637
108	1387
2327	2259
2177	2284
1199	592
236	1718
1979	2230
1436	1014
2422	2256
2058	2376
1042	246
666	620
1874	565
1426	1731
1887	493
853	143
1064	1502
2145	2461
2203	2204
2120	2403
1763	627
2385	726
556	187
1304	1305
1111	836
581	582
1869	644
1341	1719
2236	2237
1836	951
308	1953
807	810
1794	1050
1324	1329
187	1491
1432	1433
102	926
1138	591
232	777
1513	214
1164	833
2508	1979
99	742
2128	2222
776	174
341	909
1973	88
796	797
1065	1193
2287	2368
2290	2291
444	445
363	1882
2008	1939
2148	42
2163	1756
1414	1526
1673	1481
1399	488
2240	2137
2164	2165
1904	483
2451	1174
2203	2206
1506	1012
92	95
697	698
480	261
1826	1827
2204	2390
1016	1013
691	651
310	312
2456	2257
2095	2012
829	224
24	18
135	1750
992	739
62	55
1005	1124
2399	1744
1837	1011
2124	2128
2420	2144
135	1368
1730	207
806	533
1396	1393
428	1710
1967	187
2046	2381
1183	1674
719	729
1768	1769
13	10
879	1461
433	1308
546	147
633	1797
1714	16
1789	1742
2167	2361
1321	1511
725	1334
1829	1118
1676	1354
487	44
783	983
1939	2144
1662	1661
1567	1570
1637	1378
82	42
934	937
2066	2065
641	639
678	931
1804	86
1468	713
1851	379
2248	2192
1851	198
1708	323
15	136
414	573
768	1397
1824	244
2148	1955
552	1455
481	1426
2061	1728
370	788
1017	1016
2117	1898
2257	2399
2167	1898
170	704
915	917
158	1613
883	884
236	235
1635	882
574	243
1565	1566
1888	758
51	1476
1728	2092
14	10
1560	1367
2351	2347
422	424
28	827
34	39
687	997
458	177
1723	732
601	495
2411	2117
1387	95
537	534
1946	1948
896	909
760	50
1332	909
146	147
2041	1943
619	618
280	1027
2173	2179
2491	2179
492	63
688	689
285	578
206	205
906	1024
1931	492
2483	2349
1383	268
206	1164
1987	1400
2320	2295
1187	462
1020	776
2227	2246
1654	672
297	126
2147	2040
936	1538
1266	1385
1483	1984
1186	172
1091	2125
554	1209
1974	281
1368	1123
1896	1378
1725	171
1871	724
1311	1805
225	173
2338	2232
285	1023
2139	2141
1802	1271
1955	2149
2466	1532
658	82
1298	598
495	923
722	258
985	101
527	1459
627	628
865	1175
509	510
2136	2069
973	255
2323	2196
940	208
2459	2123
150	253
151	152
604	147
2013	2151
64	67
1406	1404
711	302
1215	1216
1247	1721
490	486
1264	1284
1838	1959
1372	965
401	399
805	1364
344	346
2455	2456
2409	2122
1779	1781
2261	2315
2207	2256
2084	1037
436	280
953	328
1131	2180
2081	2058
1408	205
513	1769
901	1853
572	1172
1932	1318
2474	2131
702	461
2066	2473
1393	26
2165	2356
481	485
1211	205
1265	1314
1807	790
326	323
23	1834
514	1081
72	600
2208	2207
2081	2096
230	236
1956	1907
1013	1016
1242	355
708	973
888	887
1329	2447
2406	2208
390	285
1346	143
218	168
2118	2120
673	690
2017	1900
226	227
646	737
388	386
1582	1584
560	133
1172	166
345	618
1426	1279
460	704
2221	2271
862	1158
136	790
950	948
1987	2339
834	1660
2429	2418
2523	2357
953	689
1553	321
887	867
2055	2085
859	347
2150	2038
1577	1666
1637	936
1053	930
2229	2078
1007	1010
963	1024
563	915
953	1214
2216	2217
1162	834
2017	2026
909	217
740	1644
1020	1198
1647	589
2096	2081
1831	1823
1160	787
2453	2034
1037	2148
1742	287
1341	1705
422	423
561	1676
2079	1957
259	2010
858	1731
1569	1481
749	1195
208	706
1014	447
894	804
322	1022
2339	2490
2181	2183
963	505
669	422
1903	2203
2166	1958
1257	1258
1965	2065
1954	2259
1728	2067
1759	817
593	1456
1871	559
996	110
978	1706
2091	931
356	1212
208	410
1118	1248
954	1374
1122	1303
2292	2282
352	271
2393	2035
127	1840
1371	2099
1324	1042
2538	2154
1544	1183
1071	1067
1448	680
1639	1640
1290	611
569	457
828	963
2089	2147
2022	2060
2200	2295
1396	144
169	1172
2057	2410
1508	1188
511	515
2032	2173
972	974
2426	2459
1276	1100
609	727
1558	614
1756	2185
627	629
219	85
1693	1768
2130	2131
692	817
522	1497
605	1736
1327	1324
2226	2044
1372	1052
353	714
507	510
1737	1735
356	823
652	83
1452	241
2274	2038
721	2465
1823	414
2061	2091
88	93
310	311
930	1053
2086	1092
479	997
166	169
128	129
1083	161
693	1246
1820	1015
836	1967
1306	467
297	299
1807	494
2372	2373
2435	2107
1765	886
429	1815
1009	427
172	1039
601	67
1992	2068
652	85
2516	2503
2084	2259
2372	2151
341	1034
2306	2424
1940	109
2013	1903
2513	2229
959	444
1704	1934
1185	1186
2060	1755
689	1483
1666	232
1018	1015
2203	2205
307	309
2267	2205
2303	2336
2178	2315
1750	1489
80	81
1158	1159
1660	834
933	2277
959	905
1865	1081
246	735
2156	1958
716	903
57	473
125	121
1290	1288
1330	2344
2426	2283
2098	2083
1107	660
414	408
1772	431
677	140
1064	980
1317	1517
119	116
2345	2010
999	1337
507	508
336	1214
1531	1958
1593	374
2345	2235
975	980
1665	1663
81	80
1504	876
1887	1430
1411	984
1495	979
2377	2221
2305	2415
44	881
1700	1213
2089	2282
680	683
325	250
2527	2233
71	596
1285	810
2384	1532
439	442
1906	1652
609	1377
164	592
2001	2087
989	600
2287	2075
1139	884
1722	514
1291	123
1012	1015
1800	694
1953	304
2353	1092
2046	2313
1331	2266
1440	912
978	976
556	836
2469	2351
1267	98
2410	1938
2056	2060
930	1011
2012	2222
964	1172
2489	2397
1305	1306
1538	1539
1497	526
895	911
754	258
681	682
1285	604
288	207
649	632
1104	46
9	2074
2384	2241
63	67
1	83
1830	2113
146	69
1128	709
258	1642
1544	1543
623	1456
836	922
665	1341
1267	846
34	36
1006	1720
196	376
151	812
371	369
49	51
155	1957
2390	933
204	1659
382	1896
1229	1230
2078	2001
1170	1168
1542	1630
309	799
364	362
2534	2183
930	604
642	648
680	607
1732	766
1588	1366
2275	2032
2368	2088
2147	1954
235	234
1388	143
819	303
1496	1027
1189	235
2477	2396
1168	148
498	501
445	987
1517	1316
984	438
335	343
373	1592
925	67
1851	196
982	1272
1484	124
1384	1385
1820	1685
255	257
548	549
2341	2342
927	1112
1161	835
815	1701
2375	2129
2302	2323
958	960
897	1308
487	491
1491	882
2127	2129
10	16
2160	2162
2459	2022
2531	2039
169	170
1197	271
1162	209
1667	402
1683	1043
168	822
1433	1432
10	14
1639	936
794	2394
1270	268
1714	1012
2062	2059
1981	638
1550	1244
1670	1672
411	447
553	691
1538	690
1196	1952
929	682
2052	795
1106	1671
934	783
1942	2002
2435	1038
2202	2093
1827	266
1649	1650
1957	2258
1283	101
2155	2157
1532	2109
1339	1293
1563	1756
1977	732
200	564
53	1804
2423	2424
2198	2187
192	574
1889	1752
532	533
1161	1162
2044	2043
2517	2282
1711	1587
2519	1437
2201	2077
931	687
753	258
1257	2
1087	1089
2179	2323
2374	2088
286	287
175	181
2086	2115
1416	700
413	1745
1371	2057
1215	469
53	11
1651	75
810	1229
1135	1522
846	849
166	172
865	1176
148	132
2427	2090
41	44
2375	2391
184	142
1902	901
2193	1163
1283	1162
1260	1461
2425	2515
1436	1439
1092	2086
42	858
536	78
2172	2306
968	1009
325	140
1337	1088
1122	1564
1530	1597
1832	1105
2332	2093
786	1582
2062	1856
1134	1135
317	1750
455	458
1122	124
1360	378
2131	1330
762	1398
785	688
2013	429
1706	1203
1516	757
2069	2071
23	22
34	37
2501	1317
1043	758
607	1061
87	82
292	77
399	400
8	1560
1886	777
1913	258
1311	1929
714	131
1311	121
205	206
222	223
1596	1140
2456	2390
839	1262
255	104
2492	2176
2212	2213
1686	1635
2438	953
1982	2070
791	838
1172	1564
669	1686
551	609
656	234
693	1170
1239	509
304	250
1120	1478
617	101
739	992
254	256
1502	1713
998	1490
1929	1311
343	1350
646	69
377	379
1704	93
1953	1143
1119	1121
158	321
414	409
2507	1532
55	625
383	35
283	285
358	184
2138	2386
2059	2062
187	189
510	219
2454	2102
1256	165
2341	2309
1117	606
2066	2306
2021	194
1147	1199
796	458
1040	239
1355	1221
1675	243
180	215
71	70
1058	224
619	621
2165	2254
1359	729
1341	1814
625	622
577	162
312	1658
2073	2309
821	691
651	967
990	808
88	92
160	158
2201	1954
2194	2126
2065	2066
1456	1274
753	1343
265	261
2125	2061
130	824
753	1327
411	415
1354	824
576	493
1830	2319
1432	1297
180	224
1983	268
155	101
1651	603
1411	1528
2283	2371
667	929
215	167
2357	2159
345	382
178	1707
886	1658
2068	2076
634	1908
2054	795
1553	1556
2377	2091
207	288
1876	1184
2510	2262
1930	774
1583	1584
0	2
624	241
2271	2089
2330	2172
1277	926
16	17
2438	2065
239	577
1337	906
311	1086
1497	1459
2512	2513
1920	1600
1046	1042
2024	2172
1357	241
541	1995
2008	2012
718	721
1397	550
932	929
317	550
2167	2115
630	1391
1980	1249
1488	877
1801	1800
2037	2041
1866	2389
582	946
810	597
1008	1307
1858	1674
384	281
841	843
1486	189
2339	2309
1195	1278
727	382
1553	1554
272	274
531	1188
2311	2205
32	1656
719	609
103	227
2440	2442
1888	138
211	1598
1768	1120
1406	123
1532	2318
1589	406
645	1497
414	977
2245	2252
443	927
1114	560
1270	497
573	1534
816	895
664	620
1705	951
340	1156
147	835
424	763
1476	1477
2085	2151
291	288
572	403
1046	1951
1443	2456
1171	202
127	788
849	1276
496	963
2536	2357
572	1173
367	294
1476	1672
1371	2100
1422	178
2360	1603
2348	2106
932	972
2511	2454
2286	2288
2165	2301
692	305
939	580
2107	2371
1317	414
1079	49
367	369
1357	1071
729	713
262	260
313	316
2106	2150
293	292
1302	523
2084	2040
2374	2040
2260	2225
618	617
390	165
2192	2193
2513	2339
2031	2029
315	1408
2194	2221
1399	463
2167	2225
2283	2087
852	210
2234	2235
1769	1693
2462	2129
2050	2101
708	379
1267	100
995	475
162	226
2104	2106
395	250
572	691
1986	1003
956	1487
2522	2453
700	397
194	52
846	103
1082	1086
275	205
2368	2149
180	170
1909	548
1718	357
1458	1099
580	519
2221	1936
881	1260
304	484
112	115
842	1515
1763	1762
739	991
58	1577
1856	2144
426	429
1497	1230
1372	529
766	1470
121	124
1697	1039
2483	2347
1513	1321
147	931
618	69
263	262
900	904
2462	1734
580	577
2215	2110
635	1321
437	1039
2028	2304
2107	2219
1004	281
856	500
1510	1605
2267	1163
650	651
956	187
741	930
20	19
941	942
1840	900
1417	718
1840	1652
175	179
1866	2266
2418	2428
2052	2220
743	1497
403	256
449	542
162	208
556	1097
1487	1594
31	29
986	924
344	256
1999	2358
1567	140
289	288
710	673
2381	2342
670	1812
629	246
575	519
1904	955
1305	1747
172	1251
1207	256
177	395
381	377
150	139
778	243
1342	575
365	1883
987	835
1879	255
2303	2335
1808	880
931	147
544	1660
1264	900
2081	1597
620	1034
542	544
1453	778
717	1591
1336	1732
563	927
2039	2327
1438	1654
2337	2400
440	743
400	61
1202	77
776	1198
719	1202
2461	258
780	943
271	476
623	55
1988	1989
2240	2241
1931	64
201	1452
1666	1610
644	909
338	335
687	851
1193	166
708	496
1282	1459
1718	963
761	762
2039	2088
706	279
199	201
1818	1819
588	1185
566	569
272	351
2053	2458
1365	904
2399	2304
1939	1847
2155	1691
948	38
1322	2126
1425	1278
985	1229
146	604
387	1287
1020	43
2299	2295
2248	2057
2190	2173
110	930
211	1442
876	704
2501	2140
305	673
119	1814
2149	1955
1759	33
1522	1611
1214	82
411	414
283	823
2422	2281
991	1060
1719	40
842	1783
1049	1881
1152	332
878	1460
1020	1456
1106	476
1775	1774
1254	196
1082	1085
2289	2197
418	770
442	440
2103	2102
981	1254
1713	1502
2196	2208
1769	1646
2207	2046
1702	1701
1763	1419
2374	2150
2264	2065
2169	2127
1507	70
224	56
1810	1316
664	619
952	761
130	300
1507	596
1254	585
1819	1640
1707	251
2061	1936
2261	2316
1512	1321
2393	2395
1278	429
2448	2056
962	964
588	1071
2116	2160
2323	2195
2270	2040
717	491
977	1673
461	459
223	85
1075	493
1682	1684
1129	451
2524	2190
242	576
963	1027
1541	1403
129	302
1124	924
1075	102
1845	1846
2111	2143
968	654
1352	954
1874	984
523	524
2171	258
1956	826
1945	2437
613	172
1624	1623
2265	2267
565	527
930	1055
203	1729
842	1678
1026	584
1519	1520
161	776
625	626
2448	2055
281	436
497	498
1288	1290
2381	2465
975	253
694	698
1275	1693
1818	357
1142	1875
728	418
2328	1037
1883	365
1733	1049
1337	999
975	976
1486	1488
1511	1514
841	181
1991	819
2198	2189
762	424
1354	1676
1798	1494
1743	1325
1684	995
217	987
1479	174
745	1387
2425	1091
701	92
469	468
489	491
28	828
1898	2115
2361	1899
373	375
1140	2299
719	77
556	1617
1132	107
956	1594
48	1551
1917	707
340	337
2349	2482
2293	933
2096	2098
1080	615
1392	1114
958	961
513	820
114	112
1136	1140
824	123
2439	2421
854	397
2162	2137
967	409
1687	1688
2293	2301
875	876
978	1021
94	470
1094	1097
2495	1400
1376	727
2307	2310
159	243
1708	1276
2451	2175
2241	2427
726	370
132	318
1136	1138
1088	546
1516	1816
1085	1208
2295	2412
309	1964
996	741
821	303
151	148
336	613
1535	1446
2352	2082
1208	1245
1466	2283
737	646
1415	884
52	221
809	227
1241	1021
0	3
102	159
774	1366
650	218
1552	409
391	194
2018	2344
1806	1847
2373	2292
2205	2175
996	930
1336	516
2323	2178
809	709
992	989
1859	43
1715	1738
21	1799
1808	16
654	651
796	685
1133	1722
669	568
508	507
499	1264
1031	1038
746	531
1446	609
153	148
1557	265
1930	804
2230	1796
1081	1213
304	131
477	493
395	337
1058	223
2399	2439
876	233
879	1261
2083	2086
2352	2353
984	784
2187	2197
1692	1693
1286	840
321	320
1568	439
2224	2460
1171	434
2136	2138
1677	1354
1171	1048
1786	1612
2148	1038
2067	2091
2194	2192
1091	2095
809	811
14	347
1132	1133
199	205
1456	593
1069	1040
2371	2125
1957	2391
1517	411
124	700
1526	1414
2209	2489
705	709
2365	1796
1904	1905
1093	2185
1254	1176
303	651
1757	1571
1048	714
2336	2302
2151	2085
1712	1713
1216	410
1578	1577
2188	2208
360	362
370	866
1509	1188
270	272
2137	2241
571	271
769	1303
2426	2061
488	465
2300	2077
604	608
24	298
2074	2094
2528	1691
442	1221
715	716
1376	1377
1083	237
724	722
795	2038
501	485
2179	2032
2175	2177
576	585
1271	805
1224	1030
1407	1602
1429	151
1396	432
1636	1638
2533	1958
1233	1447
154	1143
2003	2009
2288	2289
126	297
195	190
1091	2353
1482	689
878	665
1070	682
529	160
1830	1796
1047	303
1212	1510
1043	1361
1043	1370
135	1776
734	215
501	950
2518	1443
2140	1999
175	177
360	364
1562	619
1777	125
2150	2105
431	432
680	200
659	1058
660	659
1824	138
1501	261
207	201
2327	2234
1286	952
1361	1355
273	347
941	938
475	139
1898	2117
1696	1028
792	687
18	21
2404	2031
1353	992
1699	1022
1941	6
2221	2091
1536	1537
922	189
1593	372
2376	2169
2079	1093
435	1681
2500	1811
1039	581
2201	2079
1992	1656
739	1731
804	697
62	1134
1265	1774
2133	2293
2136	1734
2272	2009
2418	2419
1038	1955
1992	2067
719	961
799	12
2386	688
1708	1468
1314	261
2353	1470
1361	442
409	525
76	75
2058	2377
2217	2216
1416	124
2422	2299
1810	637
1070	169
817	819
1910	415
2335	1329
1390	929
2189	2208
1472	1399
2384	2037
689	462
1303	1251
1491	189
1165	1576
2266	2268
2313	2046
1997	2002
1802	1803
134	1060
115	329
1354	727
347	345
116	120
1720	1721
1619	827
67	63
1898	2264
1020	174
1217	1218
687	835
308	750
337	196
371	788
1197	390
611	1332
45	157
1410	1271
2190	2179
1381	802
1069	572
2084	2274
262	614
1270	1834
78	317
1503	308
257	217
182	137
39	1618
642	647
2129	2202
604	339
1808	821
2282	933
1380	151
351	594
513	407
1991	303
467	823
2123	2459
1360	870
2198	2196
644	1052
1541	361
53	649
1627	1453
819	821
1067	410
2360	2304
1430	714
302	305
2231	910
655	632
2381	2304
2073	2368
1325	318
157	390
4	235
1261	1129
2517	1131
806	973
113	276
1669	770
1572	1698
760	761
579	592
1285	600
51	49
2298	2008
1944	901
620	666
1378	673
2236	2008
573	1373
560	1637
1832	822
10	11
244	1071
811	848
85	829
1505	632
665	1622
934	936
1788	979
1748	833
464	1503
246	245
833	299
2028	1174
192	665
2516	2307
1916	1366
2049	2409
2200	2182
1848	1849
953	1213
1580	1534
174	1725
1330	2142
640	1578
270	273
1075	1072
2371	1837
275	276
402	141
2159	2320
2269	2105
2473	2411
790	66
229	1199
811	1497
667	810
2038	2040
426	430
2258	2229
215	231
1059	843
864	590
698	95
1973	1221
597	1344
957	575
13	1276
2121	1196
2082	2277
913	453
148	153
613	616
559	608
2115	765
1317	1097
1748	989
1365	878
1616	869
546	1397
366	690
934	935
1955	2324
200	288
2229	2032
2395	2189
1249	1980
2469	2168
2425	2078
1376	78
1075	252
1342	1343
1978	812
1904	1661
323	178
1357	1449
538	540
571	1135
887	145
2202	1091
1649	1651
2389	2179
283	43
1324	1326
2394	2045
2234	2055
1057	78
1114	75
199	207
1628	1172
574	931
1079	51
57	492
1279	1277
576	582
1243	1461
2045	1958
1967	189
518	519
2152	2046
606	257
495	66
1516	1678
353	1482
2459	2122
1115	339
701	700
658	473
350	344
1700	235
1932	1439
1587	557
25	26
2264	2262
2329	2149
2040	2104
736	735
603	987
2507	2123
1387	4
284	530
1303	1122
1094	644
1901	1570
1159	1404
1088	999
909	930
2178	1911
1968	1181
666	619
288	290
2203	1563
541	277
269	268
1059	876
2420	2458
842	845
890	889
792	1060
2274	2235
1134	969
608	255
1462	1463
1565	999
760	763
1049	1734
1459	575
1668	127
368	788
506	1885
135	331
1668	1137
1794	1796
667	1614
64	147
165	1449
741	996
788	371
2180	2407
1060	1062
662	665
97	1609
992	907
1856	1950
1424	212
196	195
1801	1512
1766	1767
635	1247
459	461
1001	1698
1230	552
737	741
1658	1266
796	799
148	151
2125	2127
2172	2330
2075	2287
779	1458
1024	37
327	1296
808	990
1980	2190
2372	2039
631	329
1584	1582
2352	1400
1455	1342
769	868
667	664
740	1613
437	1752
890	1952
2295	2320
247	253
1343	1344
204	199
1773	589
1022	390
1303	1266
523	525
1090	40
1004	242
908	22
1164	1339
1991	77
2151	2038
414	1973
2158	2222
50	51
264	260
1551	570
69	931
2250	2130
908	1206
711	673
41	45
929	931
803	1380
1413	466
1852	254
203	288
436	1095
892	804
21	1576
1389	848
2019	2517
1175	1176
666	1182
1822	1130
168	505
1823	1690
1106	326
782	62
317	739
1332	1333
1659	1231
2175	2411
1035	1233
1052	1694
1653	140
1855	1642
1398	1782
1233	1234
365	1018
387	386
804	1410
1956	1409
1890	2035
149	357
2499	2299
1612	329
2353	1091
2288	2361
1269	127
1659	806
2458	2094
2402	2015
24	21
1220	123
1096	1017
976	894
425	1837
732	911
104	1124
14	1401
1288	728
950	682
1494	694
1001	1123
496	708
2206	2456
2454	2054
54	57
2305	2460
2153	2159
163	240
2089	2271
302	304
2303	2323
1808	170
1748	598
1253	1254
1544	779
1107	1349
2441	2134
66	790
347	344
532	534
886	1765
1598	1867
296	725
1065	172
56	1349
50	762
1199	1147
2347	2349
383	681
2514	2282
2468	2151
321	165
899	279
848	1135
92	777
987	1326
1206	256
973	1659
33	150
1911	714
1192	5
2300	429
82	624
2175	2203
1641	632
2468	2088
2310	2180
1744	2320
238	244
2012	1063
2121	1734
707	1102
694	124
51	52
1071	778
1488	123
478	128
2236	2145
44	41
1830	1898
1017	1018
45	160
2126	1322
429	15
876	1138
1519	1518
1079	1081
1641	1122
110	909
708	206
649	652
224	80
1294	1196
2296	2213
1175	87
496	204
929	933
1888	734
67	68
477	474
2104	2088
960	1309
643	848
1025	31
1839	1411
775	103
1283	923
317	1124
1565	366
226	228
1106	1108
73	75
990	771
1605	1387
38	1268
1175	476
789	67
1451	654
813	816
561	316
2241	2010
805	1741
1903	2211
1761	839
1798	271
2492	2342
2387	2280
357	289
1891	383
335	337
2323	2455
772	687
1652	361
793	2128
1682	1683
1142	1141
1359	1381
1589	904
367	370
1466	2289
1288	1125
1580	684
1004	575
148	149
874	1412
506	56
1613	810
701	697
872	869
275	280
752	753
172	1621
134	1095
111	1354
278	281
1831	956
1169	979
2003	2222
1793	1791
791	1054
178	516
1092	2421
170	180
1083	1386
1770	1954
854	1295
411	716
700	654
805	1271
951	948
424	509
1344	1343
1558	498
986	1115
2065	2314
2039	2085
88	89
1342	586
1109	894
1378	1896
1806	1432
1789	542
336	733
1436	1437
810	1397
242	577
2226	2197
81	82
98	105
77	536
2354	2196
678	495
280	973
2310	1691
793	2127
973	806
227	1499
891	407
1359	827
282	285
1061	792
1111	449
2072	913
1883	421
1410	1363
1726	1282
2368	2235
771	772
217	257
352	572
1762	1763
1055	1011
495	678
1672	1972
2340	2309
367	371
2420	2058
2384	2138
2181	2184
471	470
819	347
2411	2264
1002	1004
2325	2224
2352	2077
569	1135
929	196
739	1843
128	135
2306	2164
261	482
1016	1012
899	927
690	140
1103	1109
2371	2128
2135	2123
1137	1406
1343	552
2337	2375
2324	2129
128	131
584	576
2409	2115
549	547
1216	1215
1623	1327
1431	36
581	576
423	386
3	108
630	735
2225	2125
1868	1381
1391	1724
2315	2193
85	1782
2016	2019
2029	2032
87	84
1787	3
2368	2271
381	18
560	1378
647	643
1262	879
2204	2282
483	1186
23	447
1792	386
382	727
2324	2148
1658	404
1039	159
1051	606
482	95
421	205
250	251
120	1690
2095	1053
1901	399
979	1670
1122	1119
257	1053
1324	1325
2169	1936
1381	713
1961	415
2481	2472
1482	1481
392	394
628	677
2454	2053
433	431
1324	1328
258	1565
1455	159
636	118
935	934
520	574
1025	1381
638	639
2518	2456
1501	1500
1713	452
1706	1205
483	501
1855	1167
982	483
501	483
1798	1084
2014	2039
812	305
839	774
252	1040
926	1454
2058	2054
453	895
670	668
1498	147
1419	1418
856	920
2312	2191
2427	2235
264	263
2021	1271
740	739
936	673
268	1983
987	495
1359	151
447	413
1829	111
1240	778
2232	2064
315	1407
2147	2371
2009	2008
2099	2095
384	684
1625	627
1916	22
254	255
160	1219
1173	428
1659	1752
2227	2245
1326	299
2033	1091
620	619
1461	878
1443	411
1956	558
2187	2152
789	997
2399	2159
63	66
440	410
1964	1965
1524	1525
1536	1055
1523	930
1106	1103
1692	1135
1047	1049
403	402
2004	2007
985	836
292	295
8	696
2143	2168
2156	2164
255	1094
778	1452
195	19
2142	2141
1651	707
1596	753
1975	1008
516	587
1386	1276
938	942
341	925
737	678
1198	1020
1723	1606
1340	178
2451	1903
1031	1037
1873	1216
1111	494
1332	258
112	114
304	1272
1096	298
654	1451
111	109
43	590
2380	2210
1126	1127
1428	1427
1112	51
2150	2104
1182	790
1957	2268
1395	1493
204	1171
1449	1147
2357	2180
2105	2269
1468	215
539	143
1394	1393
4	1138
280	1004
2137	1952
2296	2297
2164	2166
920	1638
1245	1085
1509	1551
1404	1269
2479	2208
1581	205
2098	2081
2025	2197
1269	869
802	32
1007	655
1017	1238
1312	1376
846	847
602	123
2238	1532
763	760
2214	2000
379	72
617	620
430	1522
1507	621
1083	1144
775	240
1368	466
401	349
2491	2354
485	483
2159	2311
469	1401
415	1709
1354	216
1124	78
1498	526
1024	1440
1182	664
1227	309
1409	144
945	451
793	2125
395	405
1240	705
1481	1019
299	217
2458	2219
2274	1038
452	458
1294	621
1045	1951
2273	2054
405	403
2369	1837
2286	2287
470	94
2440	2120
950	982
2182	2188
1836	266
1713	457
254	257
2354	2198
722	726
691	349
756	757
390	139
2361	2286
1857	836
1099	1101
189	1491
1390	1090
1671	903
662	666
1571	140
2399	2320
1203	252
560	1114
836	1125
347	349
402	405
303	817
848	53
124	1122
2396	2023
2197	2177
2524	2479
294	877
1200	1295
539	1431
204	103
1071	779
1651	786
2408	2512
144	1577
612	834
1692	869
809	432
1022	321
1726	1728
639	1810
541	576
1235	1238
2504	2139
1723	886
1410	336
392	178
1476	1475
2012	2128
1255	1256
1092	2125
680	681
1095	607
1579	405
135	808
2000	2129
1508	1647
577	321
315	1409
1517	1715
2513	2218
834	1869
1946	1185
2339	2382
737	738
379	257
1231	1229
98	99
471	530
1938	1950
933	2276
576	586
316	1548
1916	963
149	33
803	1381
197	331
748	751
2194	2022
2143	1929
8	1233
1458	1459
832	835
1179	202
206	1172
1806	1925
1858	1206
447	23
2468	2110
1181	565
408	409
339	604
1093	2373
2112	2347
291	564
832	833
631	633
2398	1944
349	1520
2083	2084
1802	1349
974	1146
529	531
1206	1207
177	1341
452	456
1248	221
1240	780
2118	2123
1585	1434
2462	2059
1877	1015
249	402
2355	2179
2409	1938
2459	1911
413	844
341	1507
94	472
1186	1401
919	856
1633	1019
1841	1567
1767	1440
2400	390
994	1027
995	1982
361	774
1048	1181
2391	2268
1896	382
98	101
447	1014
2314	1063
528	444
2128	2095
263	264
661	1058
975	979
1873	468
1021	1179
763	424
1391	109
1077	442
2084	2148
2171	2114
2084	2324
206	496
1751	1531
2259	2055
2416	2417
1028	1439
2129	2127
572	512
1076	1077
224	1058
210	209
225	218
329	631
1457	1115
650	649
1810	2076
2189	2187
257	1630
1207	80
1117	991
2143	2013
625	55
1146	775
2518	1546
2103	2060
1082	1084
1187	1188
1735	1196
575	424
2083	2089
157	1199
147	606
2038	2088
897	433
981	1024
1968	174
143	144
816	219
1122	1484
346	348
10	12
73	79
1386	1083
1033	136
351	590
2052	2219
2	733
736	824
2179	1957
2326	2089
892	895
179	177
2267	2233
393	870
856	260
2367	2075
2230	1795
617	619
272	417
483	261
48	1387
940	520
1084	155
2447	2121
1857	453
2097	2014
1542	67
2206	2352
121	122
234	235
1959	1838
881	1460
1959	494
2157	2416
2377	2052
2427	1900
2458	1929
709	1320
451	214
1007	1008
765	923
521	1562
2032	2275
2371	2077
768	963
674	301
741	901
270	271
1952	2059
643	891
441	1256
1793	517
82	1214
1777	1591
97	946
1198	1498
2042	2151
2114	2110
761	319
199	208
1296	672
1273	774
921	920
581	854
1730	288
712	714
2330	2331
847	645
729	730
340	247
1077	1255
232	657
303	631
2409	2075
1175	473
910	1190
1572	1803
1331	2320
1128	345
2414	2326
1351	645
812	301
171	947
520	972
2468	2344
454	515
876	410
2165	2082
153	1757
2042	2055
1452	1204
2265	2337
820	553
2088	2151
1270	1835
1564	880
2304	1957
1090	1960
185	186
1057	792
1404	122
912	1696
1768	256
153	1713
1274	161
1192	1187
866	769
414	1836
1855	1680
1101	1099
2281	2078
967	970
1782	1611
315	1056
2470	2472
874	1685
993	1546
1846	1844
845	1026
2186	2189
2507	2087
1824	1823
154	142
1115	1457
164	165
115	1907
2011	1955
141	1673
1581	707
1479	237
849	814
1362	10
936	302
1491	68
2309	2379
2088	2055
2000	2249
1690	1203
2315	101
1871	1754
1490	1949
582	581
900	901
904	135
2157	2490
773	774
907	1382
1300	529
1190	1192
1642	1680
932	196
42	241
1876	1598
1674	684
1545	589
2148	2084
1327	1899
701	1200
193	804
1085	1245
161	1454
1741	805
1677	999
201	241
1326	1630
419	420
2237	2038
1530	82
383	797
2096	1795
2319	2121
917	375
1052	222
1135	1241
2088	2105
2071	2522
410	707
197	193
2239	2236
215	509
2343	1037
2376	2011
232	775
1359	30
2429	2419
2238	1939
776	1020
169	733
1274	843
1992	2065
1369	868
18	23
330	331
767	1319
1434	1882
1294	217
1451	1161
1067	1069
1247	869
339	621
1301	453
68	64
1607	1799
899	926
1297	523
328	329
1989	1990
1509	1508
1818	1640
1591	1777
1196	67
770	321
824	1364
1569	980
131	714
1593	373
742	1015
1341	178
1677	386
1844	1423
450	604
2228	2197
1665	1610
2100	1371
1749	801
2219	2091
2336	1965
1061	607
121	125
1275	1276
694	700
1930	1755
2155	2156
559	1339
354	344
611	213
1295	1200
2128	2202
1829	1310
939	942
374	376
20	860
2306	2456
1033	1031
2087	2086
2086	2169
444	449
237	174
2493	2496
469	1216
2400	1855
1746	1798
597	1613
338	1442
798	957
401	14
2307	2312
1078	296
154	148
919	920
2132	2131
948	17
1509	1190
1903	2205
1819	357
608	1027
1069	1071
1528	1411
1890	2488
914	765
1551	48
2423	2425
1495	403
700	1341
299	620
1753	1754
279	585
2208	1903
448	1333
510	1398
980	1579
2434	2089
136	1035
1568	1607
2373	2065
606	1397
1433	700
2345	2016
1114	1117
1393	178
518	522
2038	2235
2270	2104
1645	680
2429	2149
302	673
392	359
857	1456
177	1534
712	1510
745	744
1273	336
2014	2327
1391	111
2172	2183
1478	432
592	164
394	1591
1050	1795
2110	2114
1576	904
868	766
55	624
1883	93
1359	1233
2207	2208
969	1189
1364	805
1061	445
28	25
967	971
710	690
2361	2113
1634	1632
1155	1298
418	321
2267	2177
1666	1663
1370	1747
819	691
1589	1368
939	163
413	1961
472	94
2019	2208
144	1726
334	417
900	905
174	237
251	1064
139	389
129	300
1365	1366
660	1475
324	131
1710	1151
2037	2042
1424	1900
1897	553
1587	1312
871	1560
1626	1458
1690	1394
241	42
1224	1225
483	480
149	358
679	604
1316	900
10	13
1100	1255
1290	1533
2493	2497
552	778
1319	1318
2246	1997
2401	2386
431	281
654	700
1802	16
1013	1012
53	1764
2271	2435
1203	227
869	874
1100	319
1472	287
722	725
2358	1983
982	1210
219	82
2101	2102
2173	2077
573	1579
1241	1242
776	658
619	1182
28	826
129	301
458	490
834	832
1205	46
661	660
1060	792
1294	339
1479	703
492	493
361	1403
2453	2522
61	462
1327	1898
1792	483
206	207
1035	136
2381	2256
1442	1076
1436	1379
1451	1229
788	370
281	280
2148	243
2283	2011
63	68
1276	1275
1923	90
2143	2221
2298	2457
2280	2493
2151	2055
2012	2093
627	630
994	543
1763	2213
1502	1064
297	298
1353	216
1958	2156
2328	2329
662	494
513	915
878	877
1130	1568
609	382
185	188
1313	1315
123	741
1338	559
1936	2169
1424	550
273	407
1816	1491
1880	836
499	826
2069	2054
395	1579
2202	2125
849	702
1260	878
835	494
792	607
438	431
499	1266
2021	2022
1078	367
2054	1943
195	929
203	1254
14	401
2454	2050
1714	1074
302	132
851	769
646	771
1987	2298
1268	1664
1282	118
2351	2110
2428	2120
521	778
741	1011
105	729
990	851
272	1199
131	936
369	866
1985	2038
2047	2048
56	233
2509	2210
2382	1886
621	617
924	70
2499	2292
2348	1985
347	348
829	59
1518	346
190	192
405	1579
2527	592
128	132
1799	742
2045	2394
754	1297
1451	180
2086	1936
1577	806
774	1930
1082	328
685	1172
646	600
1093	2523
634	1760
1270	499
477	538
2033	2353
55	231
570	260
2059	2060
756	715
157	416
917	217
1042	644
410	1041
1552	1812
1344	597
1648	1008
1014	791
139	388
1710	1148
570	481
821	399
1807	1382
1619	1090
1490	258
63	71
914	596
267	269
815	813
244	208
1812	670
939	410
2059	1952
600	790
231	419
2095	2091
2061	1322
2082	2292
1756	2360
1266	1808
1053	413
2315	2185
1057	449
1073	1449
2068	2525
2093	2012
1357	1067
391	139
1354	535
1672	1476
878	879
2297	2507
828	131
1679	1681
2365	2283
540	151
1088	1337
889	890
2219	2012
1271	1363
1761	1464
2109	1532
1101	707
2071	2512
21	1051
813	814
531	895
67	66
806	1659
2376	2377
142	688
1194	170
342	335
1128	1349
1226	799
2425	2320
1939	2120
2189	2196
1531	298
671	673
290	730
193	802
2060	714
1418	856
1837	1943
2086	1091
2104	2105
576	581
1294	1229
1525	658
1556	1901
700	217
2470	2469
857	233
453	703
555	37
1033	1785
785	787
1427	1428
1357	1109
1127	1549
1439	1028
1769	835
1210	982
1387	108
1140	1596
989	992
2259	2201
2111	2146
431	435
381	21
910	1936
898	897
600	789
76	730
2213	2296
1640	1321
1918	1685
446	381
267	687
836	985
728	730
2440	2286
2205	2127
1500	1401
2224	2231
348	1520
2084	2091
448	444
1476	353
1375	171
1468	734
1436	902
320	174
1360	1915
2177	2523
408	412
1501	915
1676	1392
2076	2288
55	62
832	599
408	415
759	757
1346	1180
157	165
2079	2077
1310	196
1694	567
1184	452
672	861
2350	2158
1478	138
1923	88
691	133
574	966
1885	771
2080	2185
1705	178
255	1017
1670	141
1938	2231
2343	2013
1184	428
2511	2015
2141	1183
1627	1211
901	1167
1341	700
1537	484
2489	2185
2510	2282
1945	937
1752	806
192	907
2036	1957
1494	1797
357	1344
1856	993
2270	2091
1665	1577
2415	2222
324	142
1985	2018
2426	2149
2230	2123
197	1335
2124	2127
1472	309
2404	2405
819	1297
229	5
260	262
852	187
1157	546
155	1266
355	419
1325	787
1697	1282
2269	2104
2422	2032
1259	1263
635	1217
1172	206
2267	1131
1356	1525
997	134
187	925
129	304
1204	1449
527	526
771	65
99	743
512	574
1426	665
802	803
316	313
311	140
1743	120
654	952
2386	1588
1511	1513
2009	2158
802	701
127	122
1494	1746
2368	2195
1096	621
831	833
446	448
835	687
177	175
529	471
2110	2113
2106	2038
1880	665
1504	968
1959	678
711	305
264	265
792	66
1563	2479
1878	1392
473	477
1492	2398
565	545
1138	876
126	268
1782	80
351	592
1431	1433
2055	2038
2150	2085
1513	1567
1084	1798
639	641
1968	1817
2115	2089
1600	815
1445	1349
1137	315
967	969
2076	1093
637	639
2372	2001
1108	1275
1072	1074
561	17
957	548
1580	194
2367	1898
775	235
895	892
148	154
172	548
837	838
1426	1099
978	55
2410	2414
1125	248
601	602
1549	1127
899	102
348	15
2328	2167
2025	2387
2307	2309
2151	2088
2410	2418
704	170
2384	2081
424	1398
1541	184
2399	2027
1859	1609
76	294
877	247
2126	1355
423	389
2431	1652
426	14
906	192
2150	2106
666	618
1675	791
1753	1409
710	131
1162	1297
1407	1565
807	808
2138	2385
566	1035
665	1731
1241	1194
1959	1931
1553	1555
1755	1867
2041	2343
964	136
2119	2126
215	505
174	1138
1375	1374
1695	1621
141	1482
187	922
2303	2164
951	972
1247	796
368	371
744	745
24	1576
847	643
239	163
558	1165
110	1350
2406	2339
2445	2030
1513	1673
976	978
1591	1634
1713	153
620	617
833	832
98	100
2211	2281
1304	615
1217	161
2429	2039
805	802
1382	147
766	836
2415	1331
659	1275
1583	786
424	968
850	187
1423	645
1327	1738
2133	2451
701	7
1722	882
2387	2142
363	437
2290	2127
1777	788
1213	1218
2076	741
907	824
2183	1744
424	432
760	539
884	1415
1739	1016
2051	2486
379	198
1592	1048
464	1472
1338	494
841	842
275	206
2017	556
2511	2090
1069	436
1768	761
204	201
101	793
2093	2095
1673	221
1737	1049
1231	806
716	1872
769	766
20	915
737	740
1224	1300
750	1154
1771	1407
2374	2259
1613	597
1052	42
2190	2188
2395	2198
1388	754
191	299
403	935
1012	1013
225	223
19	195
1830	2326
975	148
1686	1177
1844	918
1658	148
2376	2127
1135	1187
424	762
1689	1100
2081	2098
1182	1034
2116	2102
2144	2367
2196	2189
970	967
2467	2344
2284	2287
2432	2433
973	288
1892	214
34	38
1521	1078
155	742
2310	2308
1827	1826
919	791
1756	2205
1505	1430
389	387
12	1250
1941	1341
1933	509
1923	1850
948	949
1249	100
1058	652
274	158
2195	2178
300	534
404	1639
1544	1621
2162	2161
1328	380
2432	2307
909	996
2490	2485
2022	1735
1908	1632
1342	436
2146	2147
2521	2163
2383	2193
2279	2280
1859	400
2289	2286
1818	1133
203	357
436	1342
1399	465
267	268
1727	1167
1974	383
1470	1091
740	1397
1365	1367
596	925
1365	1368
673	936
1782	59
2439	2246
6	9
2011	1038
1502	1646
923	66
958	212
2259	2084
1016	1739
1564	215
1560	342
938	706
534	533
184	688
2195	2201
1092	2095
299	1118
1753	1203
585	1454
2499	2079
1164	1229
139	384
1448	708
2426	2205
1078	1906
766	1112
486	488
1002	1003
1768	1452
1332	411
243	577
1271	1231
915	20
1564	180
1486	187
2379	2210
39	34
1583	415
2205	1756
1839	1831
535	300
2091	2092
2108	2109
1721	426
1567	1341
2327	2151
538	541
504	1183
836	189
435	686
1778	1602
165	320
705	572
213	210
1263	1260
207	431
1446	1033
1663	806
2225	2167
1326	620
2027	2450
1607	1258
789	792
619	1115
311	312
2147	2148
276	1240
1584	786
682	681
935	859
1227	1830
2420	2402
2444	2075
1175	474
1679	1680
2271	2201
1452	162
1647	1218
2101	438
743	102
768	764
1101	927
735	736
900	903
1309	303
1015	1012
1562	492
1453	564
652	1058
1044	1586
269	266
1669	777
1674	1227
2323	2275
729	1012
1793	1066
1065	1686
266	267
211	718
1888	253
859	44
1078	960
295	788
2447	1735
1716	1717
1165	1988
1562	1072
1796	2359
218	80
1561	228
447	454
325	1708
1694	1304
2030	2415
219	81
558	76
1929	2122
556	1599
985	835
1191	1302
2073	2279
2271	2221
1556	1201
2481	1297
1038	2270
1388	848
2451	2182
1887	1510
634	636
1887	1832
186	770
1536	1367
2086	2326
740	1382
1255	442
1104	619
866	867
1986	1987
1187	1192
571	1705
2113	2289
207	289
1675	1024
194	8
2439	2411
381	256
2394	2183
346	1518
276	275
597	877
889	457
2165	1093
1325	1744
223	83
1051	1094
848	876
2132	2133
711	301
1445	1475
2023	2024
521	1074
2406	2188
99	100
1737	1734
415	1971
951	1178
1911	2091
448	373
1110	1524
4	1237
1038	1954
1055	740
229	702
1410	1411
1717	432
440	443
473	475
504	1379
2449	2035
1695	548
1065	1129
2411	2210
1369	1489
522	173
2446	2178
1321	1513
959	1332
1550	1036
217	835
1721	1720
2079	2282
1512	1513
600	931
476	473
1742	543
709	1611
1514	57
1215	1016
1004	280
2250	2132
794	2183
1391	1118
2013	2160
835	217
2077	2080
204	205
1285	1294
2160	2161
1475	85
866	368
720	308
448	665
2306	2066
1566	543
2373	2301
880	814
83	115
993	1547
1750	1397
1857	1850
1929	2459
939	947
2427	2286
1015	1016
245	246
838	791
1751	550
1128	1445
1465	1841
2146	2040
1607	1568
608	606
230	232
1399	1089
2219	2094
221	320
1104	1039
1958	1942
220	1320
2344	2259
267	1095
796	798
584	1176
2478	2209
410	876
16	510
277	533
2229	2256
765	924
547	551
1147	1022
555	615
2259	2235
1363	1254
1938	1939
2138	2163
1017	255
1775	2349
445	617
677	855
1448	438
1087	1091
1985	2085
2287	2286
2057	2013
713	1907
1698	738
2305	1934
1382	835
772	66
2188	2189
2032	2229
1904	427
1220	479
128	134
647	273
441	43
2088	2038
213	209
818	124
387	139
585	581
2220	2012
1537	1536
1206	259
1806	1924
1197	658
1221	442
2314	2270
2386	2092
591	1144
423	1287
712	1430
1573	242
600	678
1551	894
601	418
910	192
2298	1140
1263	1262
2479	2189
1462	604
1395	1632
917	918
2244	843
1425	1277
1423	1195
1364	1544
1525	1725
505	215
2300	2001
1377	1477
992	740
2489	2072
1646	1657
1304	1307
157	776
172	955
1819	1897
188	1800
331	190
1072	1075
642	643
1005	756
2167	2014
315	313
1094	1096
2037	2013
1280	1031
203	1730
25	33
410	580
2125	2193
2210	2378
734	219
676	1312
1826	1828
2138	2384
2057	2058
2192	2194
1736	605
317	78
921	919
1946	1947
688	691
1220	1218
1211	1628
1322	2169
233	108
37	1455
1088	1435
2141	2470
335	341
2107	2002
12	620
1870	1871
686	1204
1443	993
1536	1321
340	335
1761	362
781	784
691	256
1997	2000
1883	1018
568	946
653	695
156	163
1441	967
1328	498
1736	339
444	448
1283	1285
1039	172
2371	2147
1024	36
911	453
1233	115
461	830
1767	120
1547	300
2438	278
1026	981
1639	404
877	76
419	355
553	820
1387	1
835	790
692	690
2106	2110
555	1279
1452	243
417	775
136	228
142	1761
697	802
228	1036
1812	1301
2264	2439
344	348
1031	1036
1812	152
645	1277
765	767
1377	347
1931	922
1583	1089
1378	382
1656	2194
1974	974
1418	1257
1220	145
43	400
248	198
1410	874
86	55
2304	2378
2223	2225
1125	379
598	1024
476	1135
775	1101
664	662
1968	1115
1705	1917
2070	1982
1735	1734
314	831
130	303
2330	1691
2326	2086
936	304
2381	2210
2156	2155
193	300
2307	2311
1282	527
543	994
753	535
962	963
968	1504
370	369
188	1108
2292	2417
1238	1237
1717	1591
1040	621
200	291
933	2390
725	258
1395	694
1202	609
858	1081
1744	1325
2360	235
793	2093
220	1803
1698	550
1063	2222
969	1454
1880	542
2454	2248
1741	1740
972	938
2517	2178
1698	1055
1727	901
1152	1153
1408	20
1181	663
1755	336
436	281
2324	2089
2080	2173
711	690
1259	879
1203	1109
1570	259
889	412
2455	2194
2462	1943
295	368
725	1642
1240	1495
1297	1909
2030	2356
384	835
1941	1942
2142	2238
29	1571
1365	331
2298	1934
2259	1955
350	345
762	507
1433	392
794	2334
1737	1196
131	305
137	141
1083	321
2339	2360
342	8
1199	1022
1195	1424
1055	909
2484	1987
772	741
1324	1331
1440	1439
1336	1112
1273	484
175	180
104	877
224	180
1918	1711
320	322
582	854
121	123
1808	303
707	1100
325	327
764	765
1372	588
1207	1367
1340	981
1123	1125
1114	868
1324	1330
938	577
995	1586
2275	2276
1710	1149
1285	68
761	424
631	636
558	1164
1979	2088
1262	1263
578	519
251	138
1447	1102
2083	2087
441	1361
158	81
566	7
1273	1243
461	462
2511	2098
1178	1180
818	564
739	772
634	1737
423	139
1063	2012
284	283
1599	1449
2315	741
25	29
1263	1259
193	196
2355	2358
244	1204
316	727
776	703
221	1673
146	66
2239	794
2518	2455
1239	1240
1649	1619
1909	1438
1145	966
50	207
435	439
2232	2407
2096	2097
2299	2309
1321	968
2071	2493
2215	2414
83	85
429	426
1074	1752
2122	1929
1982	1656
593	843
1894	1652
938	208
1386	161
2229	2033
81	219
950	803
2387	1939
571	567
146	600
1775	2326
62	1972
320	165
1975	1860
1104	1205
1137	1409
724	639
842	757
1740	572
1239	1041
703	843
308	464
1691	1460
84	223
1153	1152
465	1472
1753	1272
71	72
1522	551
1037	1955
936	690
212	339
32	25
152	151
2503	2185
242	809
2344	2379
1353	1118
1077	1355
475	865
113	112
1802	727
779	1071
1347	1744
1096	255
1392	1051
229	2
1856	1642
283	282
1552	1949
701	124
1086	1082
1060	1061
648	807
1580	417
2447	1734
2287	2264
809	1253
429	1689
348	859
25	27
736	79
1266	170
2514	2163
1969	1950
936	131
1466	2011
1036	957
856	286
2347	2112
1796	1830
1419	794
1681	1951
1613	908
479	123
552	779
2198	2195
1380	803
1005	901
2149	2038
288	289
2219	2221
2107	2221
1276	1256
749	546
244	1357
1042	1045
575	432
1743	1539
1033	1280
1921	1133
1755	904
1105	220
2337	2444
220	966
1065	509
639	1312
714	711
1958	2166
2225	2068
650	225
2072	2090
991	492
2028	2181
1955	2089
1725	493
593	161
2294	2188
2111	2113
2524	2517
1156	340
156	165
21	537
131	711
1404	1406
880	849
209	210
1277	1281
1410	1412
1975	731
1425	636
2378	2275
2321	2266
639	1811
329	1043
1253	1176
1463	1749
1651	1649
2398	1492
2370	2251
645	1423
778	1458
1119	1120
1943	2372
2189	2479
782	882
2458	2086
1796	2230
2138	2381
613	615
455	452
1769	840
1897	326
313	317
525	20
1733	1735
2053	2486
387	423
1749	154
999	449
2010	2215
1198	1697
2186	2188
2105	2084
2090	2256
2435	2093
279	1039
1477	1672
1294	299
2367	2215
2504	1938
1484	700
786	719
1314	192
2310	2307
2281	2077
2517	2177
54	62
1898	2113
1964	1125
1099	681
565	1874
133	1574
1759	707
1170	979
1607	458
1523	604
108	422
341	790
1159	1473
1813	1631
2344	2270
1366	774
389	386
2299	2209
403	347
1129	1261
1975	1302
1051	644
1186	1185
2467	2018
1162	1161
2264	2229
258	1566
2426	68
1429	839
2182	1062
2500	638
513	1768
733	1008
1154	1805
1636	118
1360	1358
1857	1212
2328	2274
268	269
2458	1037
735	629
1095	1061
596	1397
1796	2145
1501	1230
1302	524
1123	495
2376	2129
435	413
1433	180
611	210
186	321
2352	2206
142	1488
930	909
54	56
172	166
274	1725
2168	9
1062	2201
1358	1360
1310	1114
2216	2218
332	334
749	678
2319	1532
909	644
522	43
2195	2322
1617	808
1173	572
94	1279
1903	2176
2301	1093
419	523
1527	1411
1950	1938
2004	1899
2347	2114
417	522
2380	2378
2017	1820
1193	1194
1265	1317
945	968
228	226
1319	1696
289	200
2428	2436
2384	2434
408	411
1779	1780
237	777
1839	151
2195	2315
1513	1512
201	205
1804	180
1189	124
2146	2011
208	938
418	1022
591	1145
2531	2072
1154	121
2518	414
2065	2078
719	991
606	604
2398	2123
565	265
2147	2077
1491	925
134	992
2180	2174
1658	312
1106	822
1943	2076
1630	257
685	383
976	630
746	1188
1544	1620
206	7
774	1273
2464	2200
1677	448
1678	1516
247	340
1456	843
567	568
904	290
978	1609
1936	2086
574	1039
577	580
1092	2093
2473	2066
924	790
1196	1000
521	1099
1348	981
1531	1290
70	790
1382	931
1094	1051
488	1218
1533	2084
1807	164
103	102
775	417
1892	1201
2308	2310
1347	1325
1296	812
554	1208
257	413
890	412
532	300
66	791
536	960
2485	2415
281	278
1550	1538
2085	2055
1804	224
1204	162
238	240
150	817
1447	1448
1334	1043
2438	2304
341	621
101	795
877	878
274	843
1523	996
2109	2294
510	16
417	173
2121	1728
1095	436
409	901
159	162
940	938
1571	148
2069	2070
664	666
1489	851
2502	177
491	489
1757	1758
1489	766
919	1025
2409	2049
1856	2332
2506	2507
2327	2048
124	396
751	610
227	1253
1035	1280
675	897
558	901
1843	1731
2010	2134
1392	1676
972	973
1685	774
2535	2205
1553	801
72	924
2302	2505
291	207
1298	595
1077	93
2204	2415
1108	1169
319	320
258	543
1136	33
2396	2130
1184	1737
2054	2056
1874	1678
1155	1249
1187	1189
1348	1020
2038	1936
2300	2301
707	940
2178	1377
1784	751
1547	1671
1915	862
2516	2313
1326	1542
2311	2159
1016	943
377	381
604	605
1622	1576
2234	2038
1433	1695
294	730
1907	2407
2235	2151
2238	2142
955	1243
199	206
2010	2214
352	964
2064	2256
1865	274
490	1086
106	108
1898	2075
155	1084
2409	1936
2213	2297
2089	2148
791	1006
1113	833
814	1519
778	686
1375	1066
2013	2372
2026	2132
1839	395
991	985
804	802
136	352
986	445
1285	772
2138	2364
516	1224
22	299
2358	1461
1031	228
1181	1183
2235	2055
2365	2498
323	324
136	923
863	531
1933	507
529	1299
2381	1903
1274	593
2047	2010
804	1233
1481	651
1575	1574
1131	2275
1443	408
1962	308
1886	1355
2011	2113
320	321
392	50
746	1190
1530	1764
1088	550
1535	1109
941	947
962	646
2260	2010
337	335
1327	1742
150	357
1072	928
824	971
1198	493
1955	2104
1579	303
1989	1832
708	1071
334	418
1823	1825
908	18
1755	1460
2235	2040
150	1422
1795	1050
2029	2030
1237	1236
2068	2377
2281	2285
2470	2141
980	685
705	522
816	815
933	1957
239	580
2244	166
282	43
248	376
1828	1907
2504	2502
1223	1225
2005	794
2530	2140
706	208
1028	907
1774	1265
954	798
924	187
827	1090
703	174
655	1059
1444	2435
77	607
624	107
761	952
1128	16
2268	2473
1794	855
389	139
52	220
2115	2087
1331	1744
1478	700
1344	357
2391	2498
1841	1317
622	233
504	902
2206	2256
1472	464
1108	82
2003	604
1069	780
1726	1502
15	347
588	1186
1633	782
428	1173
1042	750
1382	621
1387	397
2183	1945
642	644
687	147
1998	2002
2338	2265
1732	769
1942	2333
907	1303
258	725
2180	2173
1038	2259
2121	2093
2162	2241
974	938
676	557
331	879
1551	1509
2147	2324
1641	1707
2254	2077
1181	1184
1463	1462
67	790
768	67
2301	1092
678	66
2299	2304
390	1454
1567	1569
1095	1060
1584	1098
1498	279
955	798
1221	1479
2250	2408
1139	1222
869	872
1857	442
426	428
291	205
705	105
1442	1667
1476	1445
2211	2174
1171	1175
1588	1270
2407	1091
922	1492
1659	973
2417	2284
2322	2198
1802	1232
2538	2053
2466	2061
1272	224
1249	1390
209	212
1478	952
1791	185
1668	296
1340	1341
1263	879
1046	1674
1701	1702
1312	446
1915	861
2354	2171
2478	2197
2282	2079
904	748
1669	410
1711	919
1196	607
1024	240
1837	2128
1789	1790
736	627
489	486
1594	1487
1670	222
2538	2357
68	1285
2393	2397
752	755
2203	2175
1459	526
121	127
2131	2231
1486	956
1069	18
478	123
131	690
74	860
384	1287
2372	2249
1937	900
100	780
1015	1017
156	159
326	1340
2132	2130
831	314
511	517
707	966
1137	1482
1663	1149
1703	1068
687	607
668	669
1909	1004
1366	739
1728	2091
1588	135
2072	1810
173	593
1425	1195
29	1578
2492	2303
1899	259
1488	998
1039	1040
558	370
925	70
131	302
1343	97
1139	1993
348	14
821	819
0	1
724	194
1374	1375
2060	1050
2274	2087
1565	1154
1600	1601
674	675
1045	901
85	1475
2300	1163
1189	1187
361	360
749	877
2137	2136
1525	1356
2290	2293
1091	2093
891	645
670	514
1413	1305
2189	2199
1737	808
1250	1201
1084	791
1154	750
1375	1266
1116	1097
1612	714
1663	1665
590	164
1837	1419
2072	638
585	279
382	1446
325	324
955	1570
2516	2046
1770	690
491	717
2281	2284
2493	2494
1260	879
381	1206
957	1135
42	107
2050	2047
982	501
264	921
525	922
1432	1806
48	47
2083	2014
56	663
2129	2061
210	611
2294	2109
712	1633
2040	2105
416	157
1020	703
252	578
2167	1063
475	46
498	569
998	991
1351	1352
2290	2206
1103	1110
1836	943
2293	1744
1517	1097
899	864
720	718
95	92
1985	2016
1854	445
2417	2276
2332	1163
480	265
1116	338
2125	2126
1494	1799
340	1554
1277	95
2247	2473
2263	2117
584	440
1044	123
458	452
2397	1886
2242	1890
803	802
1417	1289
2067	2093
450	298
2406	2171
1114	1116
1737	1184
1064	250
2207	1903
1210	1160
614	1655
550	546
460	702
1883	90
435	442
1857	563
1566	1407
1348	473
706	707
20	730
105	780
2369	2370
2140	1934
2165	2411
970	1639
150	33
1155	554
1288	1291
1979	794
821	553
787	151
1890	2242
249	1579
194	192
809	1040
2461	2462
638	637
1044	1284
2182	2200
324	1129
1953	287
1592	1540
922	925
1429	1505
2040	2055
25	30
659	218
1719	851
216	1117
77	991
477	1024
2408	1910
404	249
380	1011
227	102
2271	1955
2307	2153
2402	2426
859	42
1800	1393
1172	169
2510	2517
1752	1229
1183	1361
2507	2103
896	749
64	71
2025	1131
119	1862
797	953
1871	637
1524	1356
1475	1445
958	959
1144	591
181	98
2112	2113
135	128
701	694
1083	1150
2331	1691
1095	134
2179	2036
1099	1458
2402	194
797	685
1509	840
989	990
1622	1341
1507	925
1174	1131
1964	1827
2254	2176
1468	1469
1306	1304
1053	1287
1196	68
2166	2164
570	567
108	1138
519	575
423	387
2082	2431
2201	2282
86	1475
734	505
414	94
2414	2040
2417	2174
1048	1866
713	1183
676	628
1564	1258
891	848
284	823
2488	2080
1449	942
675	898
118	1638
995	543
2488	2254
282	283
1176	1254
566	1033
630	736
2181	2080
2290	2262
1141	1143
1433	1431
1125	376
1538	1540
533	806
1934	2305
1078	1264
1378	131
1382	771
1421	188
591	1022
1073	578
1334	725
2062	1337
372	376
2363	2364
2112	2114
989	832
2035	2036
1250	1913
884	158
1746	1906
261	1501
2268	2373
1457	987
1321	214
1406	596
2269	2107
2489	2409
1625	449
802	697
605	1350
1824	1207
1059	1504
972	932
1203	1177
2048	795
645	891
1989	1255
2465	2336
1189	969
1955	2259
758	1506
799	1226
1662	851
1177	1686
1672	1412
636	812
2391	1957
2491	2196
284	471
1542	257
2245	2251
1772	447
471	529
232	234
99	564
323	326
158	770
1965	2302
2448	2087
1210	1861
2005	1810
153	124
2006	2004
1856	2036
1025	758
2055	2151
647	891
2032	2078
977	547
629	735
316	77
1561	1563
402	403
381	259
1452	522
1357	244
1936	2038
439	440
1898	2288
135	212
1041	876
189	1112
955	1579
1931	877
575	680
931	69
2504	2419
1169	1170
1515	1516
1264	497
2197	2226
1540	1538
731	646
593	170
618	1073
1183	1227
1136	1139
2215	2010
132	302
284	282
294	76
508	509
1913	515
1243	1273
165	322
1346	380
382	1611
925	189
1559	1158
2429	2249
77	79
785	786
2167	2283
453	1302
1130	949
2218	2232
1310	337
1348	492
1985	2235
2520	901
508	432
1642	1727
999	769
1048	205
558	371
244	1067
526	1627
274	1454
2083	2088
820	707
1737	1320
1605	1648
1580	573
2182	2201
2163	2138
1332	1326
886	884
1571	153
110	1011
796	801
1500	1501
794	1419
242	421
1018	1016
395	303
319	46
1646	840
2449	2451
1957	2390
234	232
1032	432
1170	1169
211	1895
2077	2078
2457	2427
2078	1954
2097	2167
1622	665
373	448
1973	531
2014	2246
75	79
2254	2201
2304	1744
243	593
801	796
1079	1080
421	90
1594	386
475	271
2167	2087
1809	1030
1037	2089
65	679
2371	2324
983	1138
398	1609
1145	239
1849	2438
1181	1182
1533	1288
2506	2142
127	125
33	889
221	1725
2018	2345
75	692
2058	2147
1430	1505
665	22
118	1636
1569	1567
1039	775
534	535
618	1182
2487	2241
693	1477
600	65
1346	1014
129	303
816	1729
224	1200
1897	552
622	1019
603	1644
2032	2256
2410	2434
2109	1796
539	541
620	931
1642	1855
967	651
2159	618
308	1880
1036	807
271	584
1198	776
327	1637
1698	1000
257	663
196	339
923	495
2401	2122
2480	1533
1330	2111
2521	2276
2064	2217
2192	1907
430	569
2143	2470
1641	1927
1723	1133
879	1460
23	1440
292	294
1694	549
492	57
2287	2367
1939	2420
1819	33
350	353
584	582
1784	842
389	1224
1817	1743
2375	2121
744	747
774	336
1880	1598
1057	1328
1203	927
102	98
2023	1174
1706	978
536	290
925	1507
1565	258
1140	2298
810	1196
1417	1418
1434	214
688	692
1927	1064
477	1319
2204	2117
430	426
81	1232
692	673
1656	1992
72	790
703	237
1197	474
936	1637
1922	1399
2201	2321
250	1098
1088	946
2181	2185
575	682
1757	148
1874	759
34	40
1936	2471
64	63
2369	1830
1318	37
356	913
1730	1729
2340	2342
86	83
1746	1494
1047	261
2258	2032
2133	2254
505	231
1705	1135
317	1083
1196	620
1230	1498
288	291
1406	1137
2247	2465
1774	360
892	894
1916	258
225	80
709	809
2237	2409
1074	928
1759	357
2048	2326
1275	830
1804	82
813	815
1741	23
137	140
1033	1231
1007	1009
2392	2133
75	609
2270	795
1268	1618
965	112
146	606
1647	1731
790	835
1086	311
1852	1879
1594	1287
1057	77
1043	725
222	59
718	719
1753	1317
1098	681
33	357
910	906
105	705
1482	1445
1345	1675
2492	2293
206	964
320	770
746	1606
597	1457
2201	2176
1172	161
1926	827
847	848
242	1454
227	928
608	559
577	410
2004	1998
1402	1403
334	416
639	70
2006	1532
1251	172
1545	1544
778	1459
1203	1754
1751	1114
2097	2101
2168	166
2013	2169
2043	2044
332	333
1252	1251
2205	2129
580	208
1243	952
2422	2196
852	385
941	939
1477	693
346	1519
297	101
343	679
994	995
851	766
790	72
428	567
755	752
1481	1482
802	806
899	98
551	547
663	1053
481	480
1670	979
2292	2193
823	284
1589	135
1453	1626
1026	1817
1138	1669
1317	995
126	914
1118	299
2468	2055
1357	778
2208	2315
271	493
507	509
1649	1167
2441	2440
244	1230
83	80
2286	1603
1907	2093
2091	1728
2028	1829
202	1211
1130	148
1093	2301
1222	40
561	1043
1095	1459
1734	1735
2056	2448
2055	2150
2436	2428
10	17
2410	1830
1637	327
977	729
2353	2421
1502	139
573	405
1845	1584
217	147
1917	410
963	981
782	427
1186	483
1384	1386
13	346
1339	559
535	78
192	909
1662	997
173	161
1442	1668
2069	2055
1137	1313
2186	2191
1545	1281
1284	287
231	215
525	523
361	1273
65	67
189	187
194	197
1303	907
2383	1950
579	243
2363	2137
2131	2172
140	1571
2120	1982
2151	2040
67	925
734	180
1136	692
357	1729
2013	1936
2198	2188
279	1074
494	147
1342	1344
1535	857
2300	2201
1028	1725
1889	437
1572	737
2208	1957
2095	2220
646	66
2128	2093
1009	968
2024	2171
2056	2052
2309	2182
520	518
248	708
1686	1244
1514	686
2473	2177
998	123
746	1192
2383	2206
2260	2032
615	1304
2185	2176
1711	1877
1356	1110
1116	1164
2007	2005
2185	2233
519	580
652	59
1144	703
937	1575
1196	687
2193	2233
1229	830
2014	2314
1900	2427
1424	766
1513	529
2204	2178
390	1147
1943	2012
1892	1893
1934	124
9	1939
1446	1322
602	1589
2451	2077
1203	1204
1221	1256
751	1377
259	1899
1230	252
1509	583
921	500
679	925
1372	1456
563	436
466	467
305	711
1510	712
243	1452
632	631
1695	1320
2194	2068
2202	2128
2112	2110
214	1322
240	163
1320	220
665	1426
852	189
1266	383
2373	1331
689	353
992	1060
2447	1329
706	938
2008	2010
1759	482
703	702
1822	153
1031	1034
1709	1184
1334	1327
162	580
1767	1333
1537	1168
0	5
1742	268
2211	2421
872	871
961	1202
2101	2103
2130	2043
446	444
1042	1043
2365	2200
2399	1444
66	65
911	895
2487	2162
1936	2231
244	1449
347	270
1878	1115
687	931
2276	933
1106	632
2435	2221
1096	607
302	690
1005	255
2085	2106
326	1887
2126	2129
718	450
765	189
2145	1830
989	991
940	574
444	447
762	763
1071	1452
1502	395
779	1357
2099	1322
1617	1599
598	595
2321	2373
337	1292
1023	703
2521	1163
1304	1306
1637	690
2320	1335
652	225
1162	1076
1713	1821
1793	98
1097	1094
1911	1744
1704	442
1202	792
901	1715
1100	1479
1233	818
1508	1570
2141	2472
1418	1567
685	1385
293	546
1283	810
1923	1731
898	117
1838	525
2044	2132
2482	2498
223	59
1278	1173
1648	632
2322	2188
2458	2057
2066	1764
181	1705
208	1204
2474	1945
673	131
1016	1017
1888	395
1867	1755
1277	818
1229	806
1279	882
1938	2409
200	207
1574	1044
238	239
617	618
71	583
182	26
362	1153
464	307
565	1015
869	871
33	149
775	1039
281	141
999	699
134	985
1543	1126
1018	1664
2225	2113
1349	1232
390	1199
626	625
1365	612
1839	323
1016	1015
322	580
2508	2170
502	504
66	495
2323	2321
511	514
2400	1454
915	407
132	787
1568	1608
759	1516
2131	2045
339	257
437	279
1507	67
2410	2244
1194	1536
1716	1591
250	136
2435	2128
788	1154
1081	1218
1684	611
1663	1609
1512	1567
1110	1138
519	578
2363	2240
1377	609
2368	2201
1073	279
1950	1856
1196	217
766	769
2298	2009
1369	769
2265	2036
138	247
329	1787
747	92
1640	1818
1137	1183
2023	2026
480	481
547	550
816	1928
552	1230
967	968
1087	1092
931	600
2348	2347
991	77
2149	2273
607	1095
1442	1116
2064	2036
258	726
2118	1998
1854	607
609	1446
731	494
2066	2424
1251	911
459	462
248	379
50	1032
861	1166
2451	2335
751	1376
664	494
2340	2341
372	375
33	359
1174	2064
1660	544
1598	836
1043	1371
107	42
758	1678
2302	1965
2096	2083
585	1320
1550	1549
96	97
2197	2046
1199	157
2456	1443
309	488
617	388
2292	2499
1445	56
1247	1030
598	1677
2505	2397
970	279
2238	2502
1907	2476
1639	1550
992	792
2002	1998
1770	1538
272	173
2161	2010
1155	1152
166	170
2365	2460
936	711
1436	1438
327	325
1523	257
572	347
1957	2275
2495	488
323	131
706	577
381	395
1071	580
1669	1138
2060	2430
1542	217
306	308
168	170
1407	24
1746	1567
2063	2064
1531	1289
1850	1821
1478	1508
1133	1723
205	204
2115	2117
1300	1724
1879	1496
824	877
2023	2027
1173	1277
252	927
1216	469
2362	2268
2340	2188
1943	2038
1575	1963
2197	2228
659	225
1156	432
505	155
400	895
1954	2055
1238	1236
495	64
857	241
979	404
214	220
1064	139
2281	2174
973	7
1710	1150
2390	2523
1689	429
389	390
685	962
15	14
2346	1443
1287	388
1	87
1057	1378
196	1467
1422	150
1639	1025
607	987
804	7
799	1647
1039	279
990	1092
1258	763
1926	841
1660	612
1491	922
1098	250
950	981
1184	1850
2322	2199
2433	2437
366	360
404	402
179	1340
2129	2169
2040	2150
1936	2126
1445	1128
618	620
2090	2102
2273	2233
1537	166
1067	244
2531	328
1650	1227
2412	2282
195	197
2086	1744
2503	1163
1460	878
185	174
153	1571
2429	2409
1869	624
737	739
1363	1410
1707	1064
2267	2036
202	204
965	514
108	106
1931	915
491	487
369	367
352	1230
1002	1006
1612	1108
1973	1994
404	1579
1699	591
1353	991
730	20
2005	2434
1341	1813
230	231
1044	1111
1743	1840
1644	1507
1795	1744
2350	2213
1626	201
883	704
600	66
2129	2126
463	465
1313	1314
1688	166
1431	1432
2410	2326
401	817
743	1454
565	1420
2053	2102
938	940
1778	780
587	588
595	597
2205	2177
2437	2433
329	1168
43	1256
1927	1707
671	672
681	1099
238	163
2259	1954
124	1484
2008	2013
555	1345
1168	1170
2349	2347
960	598
811	1099
1391	1548
442	441
941	208
1023	321
1598	1304
1711	1918
263	982
1842	1258
1157	550
1229	1102
215	1021
1298	23
663	70
1097	255
2118	2122
1072	244
2154	2382
2119	1898
160	156
1752	437
499	1265
2000	2372
2124	2125
634	1885
327	936
223	87
1598	124
1953	1684
931	494
1829	1117
2538	2479
1900	2017
629	628
428	1277
1446	1535
1605	1242
1467	535
1478	114
1339	1229
1910	555
2313	2043
1817	1823
1243	194
1528	874
547	552
490	489
1652	696
1105	214
290	198
299	1457
130	339
718	720
2179	2178
1127	24
2393	2131
1598	1872
558	258
182	1798
2185	2262
911	732
1278	426
173	271
248	253
1053	449
1577	1665
1996	1295
1229	973
686	239
804	694
1421	873
1977	911
1109	1645
246	855
2420	2120
1675	514
1297	485
1115	986
568	945
86	53
1844	1846
877	879
1938	2410
473	57
1175	475
521	1561
2204	2301
2444	2121
2129	2125
1897	357
2150	1061
688	640
2195	2321
2013	2037
1897	983
818	817
614	1234
2244	2087
1156	359
1491	769
354	15
2378	2256
1169	829
1005	778
2165	1728
1660	1589
22	1613
196	662
465	309
721	2475
57	271
1796	2319
171	1193
518	227
459	460
1967	687
880	1065
413	447
2173	2176
229	55
90	421
337	727
354	347
1093	1950
350	354
1661	1662
1229	605
87	1
2154	2380
1693	1261
1087	940
1467	382
202	434
1799	1568
634	1393
1299	529
11	52
1663	1666
697	694
373	644
1542	646
2032	2264
744	746
2265	2338
1841	1249
1094	1017
703	453
1040	809
463	307
1455	1452
479	771
1630	663
231	506
559	1338
2324	2371
906	1303
270	274
2386	2364
600	572
2521	2027
1160	1210
1673	1242
1251	1252
1642	1856
1638	118
369	371
1937	1847
1192	744
1393	1047
974	973
1279	94
2160	2053
985	604
1032	1398
1018	251
897	898
2250	2044
707	410
263	260
2316	2206
2067	1728
2438	2184
2173	2175
1315	1313
2195	2323
1482	1707
138	249
2358	1999
255	1097
2013	2000
934	177
2217	2064
5	0
1812	1570
1278	1282
1397	596
285	390
36	1168
1135	1372
257	606
303	302
2274	1037
1406	267
298	1096
2145	9
12	1121
2226	2199
1746	1800
2141	2471
571	1522
690	366
1842	502
979	1788
1245	1105
1616	1887
54	59
231	167
211	1116
1418	1289
2343	2038
274	417
708	1171
2388	2226
213	611
641	637
2199	2173
1146	1145
1455	1345
1461	879
537	300
280	1631
1566	258
1397	438
1389	203
2400	389
1171	205
2209	2254
954	1352
738	644
2198	2322
1269	750
2148	2324
52	215
959	298
235	230
1461	456
1741	1323
1581	572
918	145
2045	1563
1668	1442
776	161
848	846
518	521
488	1399
1579	1370
2006	2457
313	318
1626	1211
2189	2491
1347	742
749	368
1402	1027
877	730
1719	836
2089	240
221	157
156	158
1388	405
2521	2277
2054	1982
213	187
388	1456
1455	1280
386	388
60	626
126	836
313	314
1480	162
957	1036
259	1492
1692	1306
656	657
1604	2022
144	1409
648	811
1869	662
299	216
1957	2036
345	347
1942	1728
151	540
780	99
2134	2441
571	551
138	253
2249	2000
2113	2110
1217	441
1178	1179
2261	2284
1449	165
1176	865
607	741
1681	844
1737	1738
1473	1472
2360	230
1270	1588
368	749
1136	26
574	279
2010	1492
1178	288
594	164
1865	744
534	1354
2036	2204
331	20
164	1022
2332	1950
1961	1745
166	168
2534	2270
974	707
465	463
517	251
1521	1405
1017	1015
2236	2231
2221	2435
1027	1454
2098	2096
1297	691
915	563
52	214
2021	190
2240	9
776	232
1942	2305
728	729
461	237
846	174
2210	2380
1561	428
1105	822
336	657
433	1471
487	842
1130	142
2500	356
801	1860
1538	1403
1042	1046
1452	1455
1073	1497
1171	204
1669	174
495	1034
908	1613
1156	696
2097	1419
1546	1443
1304	505
1332	1334
1967	766
1486	1487
214	451
35	206
2443	1886
480	482
1462	1466
1022	418
1387	235
1830	2359
420	355
280	278
660	829
2370	2175
1345	1809
2105	2088
1877	1458
1482	353
271	1144
1481	1477
738	1123
1399	1153
734	231
1639	1378
205	199
915	916
1997	1999
380	381
1717	1634
526	1459
1331	2473
2361	2075
1438	1318
1242	823
357	420
2210	2229
2434	2093
557	558
1239	1210
369	370
2071	2506
918	805
2415	2320
2193	2127
866	766
208	1215
1257	5
685	200
2173	2080
543	993
1741	1787
779	593
445	217
1996	309
694	701
278	275
925	596
1517	1841
1032	1036
2134	196
1701	815
1608	1607
1497	743
1757	153
572	1174
1090	827
1162	852
550	212
622	626
1970	1971
828	395
134	454
2100	2099
2	1257
922	790
402	404
2088	2234
309	1523
1025	963
654	968
196	193
2289	2075
551	1135
1315	98
2205	2074
1221	1255
1032	50
1298	714
2287	1898
1389	1423
1796	838
1142	1528
1667	1567
54	60
203	207
1268	1183
2310	2164
179	175
1355	441
183	184
2231	1936
1585	206
607	281
203	1389
1697	743
792	1061
1389	643
1153	463
817	359
1197	1020
1381	1183
1838	270
1459	527
190	191
2138	2136
2524	2133
2224	2211
356	113
1362	804
790	925
2338	2390
2185	2282
1098	819
2418	2429
1596	1599
1850	93
281	1631
2285	2218
1168	1169
786	1495
2343	1903
28	330
1913	1722
1730	203
1863	203
1310	1829
1490	1489
1728	1719
986	1457
1495	1579
1759	1482
2378	2421
1799	458
107	1307
984	1528
985	1011
335	338
