70	925
703	174
1865	1606
116	118
142	155
2328	2211
1710	1148
1162	900
1934	1704
1718	33
1013	1016
1675	1024
1931	922
158	770
948	38
2009	1092
955	23
1488	78
2155	2156
334	157
817	818
1607	1568
1807	790
1161	867
1172	169
813	814
1213	1640
284	283
2426	2440
1207	1367
117	33
311	979
2150	2151
2157	2339
981	1024
102	927
80	84
1217	1081
229	2
2350	2213
2017	1900
1877	1458
139	389
1826	309
1517	444
1060	1061
2287	1898
2445	2341
1285	604
2150	2038
654	1451
1326	987
1547	343
764	768
584	1176
1355	2128
2420	2120
291	200
635	1245
1216	469
639	1312
780	828
768	963
1139	884
561	1354
2211	2281
2109	1942
1409	1663
593	843
506	1885
2046	2027
645	1740
1277	1280
2354	2198
981	1254
2446	2411
1045	901
588	1084
1576	1622
761	424
1067	1071
166	174
674	301
2264	2439
1957	2304
967	587
1938	2120
2176	2079
611	1332
373	644
1124	78
1508	1509
1297	691
1189	969
1705	181
836	1967
184	183
1562	1697
1580	1107
225	659
1503	9
1101	775
409	411
1055	739
1161	621
2209	2309
922	790
940	208
1265	1774
526	1627
817	303
1730	288
847	648
1287	1594
940	972
658	1020
21	1051
1444	2205
2510	2282
2088	2150
862	1309
1867	1598
1107	1482
283	282
2238	2142
2376	2124
312	404
2347	2146
1633	1179
1199	592
68	1285
1663	1610
2329	1898
2047	2052
1750	65
1125	449
2205	2438
2202	1091
1772	1228
51	49
661	659
1388	754
1737	1734
2481	736
409	901
1040	578
2379	2154
779	1357
815	1700
1748	1057
2201	2321
1498	526
749	790
1509	1190
1824	420
2417	2276
146	600
620	1034
1514	476
247	138
1092	1470
1965	1444
50	207
139	388
1057	294
2219	2091
1119	1122
137	138
1801	140
663	494
1161	878
2368	2195
1897	983
2527	2421
812	131
2285	2275
779	417
574	208
1940	1125
2016	2017
112	113
607	1095
652	1058
558	369
1523	1604
986	1467
1442	1076
936	305
1432	1433
63	66
2089	743
1100	1609
970	891
1129	305
1658	1266
1553	801
771	65
998	1489
1449	1645
2052	2094
147	604
1242	823
347	345
549	1065
1095	1397
1349	81
55	223
710	673
2448	1728
166	171
688	693
2099	1899
255	450
1049	1881
1339	559
509	510
1659	806
435	413
1202	792
1625	449
625	622
480	484
1012	1015
2534	1965
1382	771
936	1538
869	872
85	223
611	1531
2231	1936
194	197
1997	2002
270	273
1242	530
663	667
1665	1610
1594	1287
692	991
2028	2304
1160	692
808	957
538	541
495	1034
2086	2127
1007	1009
989	832
325	251
1989	1832
1494	1047
357	981
1844	918
134	1095
43	1255
1744	1325
656	234
715	717
58	1576
886	461
216	52
2105	2088
308	463
2079	1093
2393	2396
100	779
772	687
2501	2502
1332	1335
1364	824
2188	2078
981	948
548	583
633	952
2429	2418
401	14
986	559
263	484
261	1500
641	640
2383	2193
213	1287
1215	1012
320	237
29	1678
2512	2142
1247	1721
2385	726
1047	261
2432	2340
323	151
819	821
1040	899
1794	1795
2274	1955
412	1196
1985	2038
232	657
1106	326
1530	1597
1812	1301
2039	2256
2422	2229
848	53
2325	2328
2372	2000
2387	2142
323	325
1245	1082
2091	2093
148	155
1020	703
778	1357
2203	2176
645	1497
984	757
540	184
1669	1041
641	639
1325	318
719	896
2300	2262
552	549
1749	154
737	739
2246	2247
127	125
574	972
260	265
2504	2231
876	1041
2438	1062
986	924
1796	2359
2110	2111
1186	1401
2145	2305
977	547
578	581
1210	1622
1411	984
1794	1796
1869	624
753	535
514	882
979	132
113	1445
2365	2284
1135	569
2458	2219
856	921
2518	2456
323	263
836	19
1257	5
2534	2270
1259	1260
410	707
2320	1744
930	605
556	836
387	386
577	208
1855	1679
2052	1063
2064	2217
1053	449
304	499
1516	1816
832	834
1392	444
1103	1108
361	774
1549	1550
1857	442
256	347
2302	2182
2248	2057
2024	2131
2148	2282
1294	339
2384	2347
1305	816
2010	259
1083	271
568	453
1044	766
1869	834
1394	1396
353	1477
1436	1041
2264	2075
1446	1033
248	708
2353	1470
764	67
1108	1612
2078	2001
1639	1378
1544	1620
722	726
1885	1706
175	180
667	664
1585	361
566	138
1067	577
737	740
1859	1609
712	1079
1656	194
1270	497
2047	2049
1605	459
953	1214
2361	2167
40	1674
1565	835
1006	396
242	1454
1538	131
1127	1126
776	174
2492	2378
475	474
304	936
1481	689
1826	1595
2345	2419
2235	2269
413	1053
861	862
1353	992
563	513
635	1247
789	67
735	627
101	795
1314	910
1296	671
2420	862
1851	198
1613	860
1468	231
712	1525
1652	1906
1497	1459
1264	1284
1517	1317
1769	164
1903	2211
1129	1261
1378	1376
2125	2202
1945	2437
968	654
48	95
925	70
829	85
2507	2110
1892	1084
1343	1055
2246	2439
177	395
353	988
2205	2074
2147	1038
469	1215
604	608
909	644
305	692
2264	2287
2121	2375
2282	933
325	324
647	141
725	296
1022	418
1482	689
2068	2471
1582	786
1535	1261
1726	1728
887	729
1159	1158
2349	2482
1820	1015
749	896
438	1271
914	765
734	231
1544	1183
2157	2045
463	307
667	662
379	248
1288	382
139	391
1784	378
141	1278
1741	368
1734	1952
237	777
1514	1752
1194	222
1229	1145
1283	923
1931	877
1521	990
719	961
931	494
444	450
217	1115
1396	872
2229	2064
1243	952
25	30
1447	1448
1690	389
793	2125
1584	1582
534	535
1026	845
1934	124
2384	2241
1348	473
2454	2050
2195	2065
271	57
116	120
2306	2424
2113	2115
356	435
1015	1016
67	147
1577	806
775	1039
2514	2488
327	690
1656	2194
1641	1122
761	952
2474	1945
2263	2117
147	606
1118	1115
925	1507
1709	1014
804	7
922	1491
1137	1183
2017	2016
1171	1211
351	591
1737	1738
496	206
516	1336
793	1837
858	170
2195	2321
2171	2303
380	1011
583	747
1257	2
1327	753
1484	516
1142	1141
1061	1060
796	801
264	263
846	847
303	817
1189	319
2289	2075
2177	2175
1106	1103
1632	1395
1397	546
250	405
2310	2183
1192	744
414	977
964	352
1048	1181
66	646
876	1059
430	428
339	1350
2236	2008
2345	2049
762	763
994	905
1365	269
148	132
622	55
135	331
2109	2294
1879	1496
1713	452
1467	1354
566	1172
2160	2116
1910	1181
249	405
1128	345
1129	131
1902	1369
812	301
1488	1490
1806	1432
710	305
2196	2229
981	1675
2269	2055
2438	278
1619	1090
1989	99
299	620
1071	778
92	95
197	190
593	173
1252	747
1494	1798
1268	1267
1407	24
1109	1645
2399	2027
2367	2215
2214	2435
547	548
1217	1218
2036	2082
1447	355
2188	2189
61	144
1304	615
2135	2459
1470	2077
2186	2131
2360	2028
1524	1110
1402	1403
830	876
1713	1502
835	987
216	597
2458	2094
2039	2038
1956	558
2411	2210
1229	830
418	770
50	1032
2367	1997
2084	2259
537	374
87	223
448	444
156	157
1042	1043
924	187
1071	1320
210	612
2089	1955
582	576
1086	1082
2384	2037
2111	2146
162	1282
1217	799
2466	2344
237	1479
582	777
811	43
1844	1845
1856	2036
1020	174
2003	1053
2105	1955
1240	705
246	855
146	604
1927	1064
1982	2386
368	788
859	351
593	161
1965	2302
1497	1499
1854	607
1127	24
1931	78
2008	2003
192	910
1968	1115
1489	766
682	951
54	57
1813	1319
1419	1418
411	414
2089	2084
807	242
522	843
681	1098
951	806
764	766
193	300
316	1117
2026	2132
694	697
854	397
2032	2258
2317	2300
153	1571
1633	880
1094	1017
487	486
1741	1787
597	607
1975	1860
157	165
918	145
2161	1524
2147	1954
63	64
157	334
1714	1715
1508	1647
1225	1601
705	707
1663	806
2093	2128
1676	1117
1123	495
103	775
2491	2179
222	223
137	142
2044	2130
2220	2219
1267	100
833	559
1938	2410
2210	2378
1512	1321
2138	2381
622	3
82	107
1987	1400
1637	305
2327	2037
188	1831
15	1052
1556	186
2286	1955
1280	923
2300	2201
1359	1674
207	203
780	99
1955	2104
2022	1999
1489	851
1238	1236
711	305
1344	436
2297	2169
1517	408
1807	835
1531	1290
100	99
1837	1419
787	132
739	740
816	219
231	167
157	163
639	1811
1482	1481
239	241
2055	2085
1622	21
2400	1855
2168	843
304	250
178	1064
581	854
756	758
255	104
679	1229
2241	2240
690	366
598	1024
1404	292
720	308
2115	2087
639	640
2343	2337
99	98
817	820
1306	467
1649	1619
1136	1137
1513	1673
654	124
1065	549
367	370
1937	1847
2459	2403
1784	842
2205	1756
299	217
662	663
1515	842
2307	2312
2366	2140
1354	1676
567	570
835	97
305	673
2060	1460
1324	1329
2534	2080
1525	1197
897	117
73	76
2276	2127
2011	1955
1321	1673
741	901
591	1147
1598	836
2469	2143
501	1185
83	115
1613	1614
1069	1071
1759	1482
459	460
222	224
973	7
925	1034
488	1399
483	501
1366	774
2088	2040
1240	105
494	1182
1047	140
2067	2091
1012	1013
31	29
646	771
2234	2235
565	545
173	417
161	1454
150	207
1271	1231
2306	2267
72	68
367	368
1553	1556
1203	227
2066	2078
2186	2190
476	492
1312	1042
2492	2342
1737	1320
2148	2084
1426	950
833	598
1700	1213
271	476
1074	778
138	248
2026	757
634	1885
349	59
2344	2249
746	1606
629	246
2454	2054
2518	1444
580	493
1046	1270
908	1206
14	250
1627	1626
929	933
878	248
1930	804
98	100
348	344
1417	1418
900	901
1552	409
83	80
54	56
2313	2210
371	788
1827	268
571	178
585	743
197	331
350	351
525	20
646	925
1418	1257
221	157
319	165
2229	2264
1341	1813
2458	2222
216	530
2357	1131
938	706
2131	1330
2519	1857
1751	1531
2238	2421
405	249
2281	1092
1317	1313
746	1188
2047	2010
1140	2183
890	1196
2096	2098
234	230
1378	711
1141	1143
1051	1094
211	783
1871	637
1268	1618
2187	2195
694	701
1967	687
461	462
194	192
1476	1475
806	1231
819	1297
2201	2077
964	572
1086	140
1064	1502
915	917
1466	2286
1327	1857
1130	184
1357	1109
643	647
1380	803
1022	1147
1253	432
2208	2173
751	1057
552	778
1260	1261
1887	1605
2150	2106
2143	2139
2198	2188
2064	2258
956	1831
1336	1028
67	63
722	258
1550	19
510	16
2519	1642
2176	2282
2177	2284
1198	493
1171	204
883	885
856	920
2380	2309
383	682
754	1297
1711	1587
2113	2361
2114	2110
1270	1586
2371	2324
1477	1475
612	210
153	1821
2449	2334
347	346
807	574
1775	2349
2523	2390
452	455
1888	138
767	1750
1176	1254
391	573
2284	2088
2521	933
2355	2179
725	722
272	462
2136	2138
1489	187
2151	2106
195	196
2219	2012
1290	1418
1942	1934
103	98
1303	1251
1230	577
57	473
996	741
33	889
320	1022
1856	2144
2167	2087
536	78
1458	1101
1991	1534
419	149
661	224
1841	1567
192	908
1254	203
426	428
600	789
819	347
1043	758
995	475
2122	2402
577	162
233	167
42	859
481	264
959	905
2179	2389
374	1593
181	175
1035	1280
2319	1532
2206	2264
440	584
2211	2233
270	271
1197	1020
327	131
639	641
2086	2115
386	1287
541	277
200	564
2438	2065
700	694
323	324
1369	769
202	671
2521	2490
258	1642
1898	2117
166	170
25	31
1271	802
1145	1146
387	388
1026	202
1434	345
1138	777
1	106
2146	2149
690	302
2246	1997
1644	494
849	814
1298	23
1533	1288
1033	399
2208	1957
951	1179
309	666
2536	2281
652	85
1256	43
1079	796
165	321
704	1138
523	525
132	302
290	203
338	1116
1344	357
1956	1907
458	1607
1771	454
235	236
2368	2201
482	821
1985	2235
228	1034
1339	1164
1025	963
408	413
1304	1305
2514	2080
2109	2075
669	1686
309	832
2309	2127
2068	2525
1651	824
144	1610
1583	786
1314	482
1987	2298
1974	383
2189	2199
1285	68
842	1678
344	346
2187	2188
510	432
247	379
339	1457
2489	2072
2295	2294
2489	2205
2427	2151
477	538
588	1426
888	887
282	285
437	577
670	1812
2423	2276
955	1243
390	1199
1016	1015
506	56
1500	1501
1698	1123
1726	1727
1633	1019
197	908
1865	94
2201	2040
1136	315
1425	1423
497	499
1017	1238
1517	1196
402	403
1767	1440
2220	2094
2206	2256
1907	2093
2152	2027
1184	1850
2089	2001
542	543
1134	969
1211	204
2425	2295
1909	548
299	1117
2162	2241
1008	1648
726	479
1566	449
349	256
2339	2309
1112	1336
341	931
856	264
1700	815
373	1593
1330	2137
2134	196
361	1403
419	1530
1517	1841
1357	593
1852	379
2168	2469
92	698
1206	259
1139	684
1753	910
254	256
2147	2249
958	749
798	955
1057	751
869	874
1362	694
1164	833
726	1446
126	1115
781	783
850	213
141	1670
66	67
1378	609
1070	951
2357	2159
1107	1804
324	131
261	485
1690	227
1423	1195
2407	1092
929	931
1830	1796
706	519
1241	1242
1182	931
1681	1951
263	264
1588	1589
952	700
57	1510
2388	2208
1413	1414
1366	773
1187	1135
1088	546
1204	1099
445	985
1217	1220
576	493
1326	620
977	1243
327	1637
242	578
2365	2417
18	19
666	664
165	577
1038	809
2231	2391
252	1075
1108	1246
1354	1467
670	668
2436	2258
2456	1443
2242	2243
973	1229
929	679
1198	1498
816	144
1332	1326
693	1170
1037	2274
2288	2076
1238	276
1254	431
2299	2295
354	1021
2432	445
171	462
2232	2131
2258	2229
900	903
431	437
835	687
148	151
1155	554
1263	798
582	584
1585	1434
2012	2094
2394	2183
389	386
1782	85
351	594
1530	82
370	382
1096	1017
381	18
1929	1311
2259	2084
584	581
42	857
1581	1658
172	548
1097	1517
812	673
191	299
1899	2010
760	763
673	1637
661	489
2273	2054
852	187
711	673
1881	1049
80	86
1686	1635
789	66
1651	707
2258	2195
991	989
2211	2201
2377	2221
2144	2418
651	16
87	83
1169	1106
192	906
2231	2169
1313	1317
731	494
221	320
915	597
76	1057
2427	2286
1668	1097
13	11
248	250
1827	1826
2097	2167
1533	2051
1189	746
911	895
2004	1899
1804	86
2290	2293
72	71
1270	1834
1020	1340
2145	2045
1116	1442
967	430
1717	1591
990	851
1369	1489
1016	1012
979	115
2169	2127
1394	1690
1956	826
1298	598
519	579
1617	1137
1059	1058
546	72
2538	1365
1533	2144
441	1256
269	1289
1038	2259
481	482
1770	1954
2501	1317
1262	1888
1513	1567
141	1277
963	1028
823	467
1844	1423
737	646
710	713
2353	2082
509	215
1538	690
1840	1490
958	212
669	668
1404	1406
2350	2015
1831	1528
2234	2038
1842	760
73	78
2314	2361
2313	2370
2	733
2276	2282
698	92
400	164
1757	1348
1083	732
2164	2165
2324	2148
780	1718
291	289
2204	2282
634	141
1481	1477
2368	1954
963	1025
205	275
2399	1444
549	1128
2087	2115
2202	1092
892	895
2025	2023
2528	878
828	714
1789	542
1063	2012
1851	72
1903	2210
1969	2027
1181	1182
2000	2249
1164	206
2534	2287
2361	2113
410	876
1737	1184
1073	1497
1692	1693
1322	1936
1317	1953
1710	1150
1491	922
1337	999
21	18
2204	2390
730	1838
156	163
1694	1212
1002	625
464	308
1104	275
2209	2256
2294	1062
98	102
1136	692
762	1032
1670	1672
160	529
765	923
1177	876
1393	1395
1287	389
2112	2110
2241	2010
1974	1004
883	884
2065	2316
1596	753
2218	2065
458	455
1670	1671
1094	663
390	165
597	341
2139	2143
184	256
974	938
550	212
1734	1196
662	667
443	243
1179	1178
1172	593
1155	536
1126	1043
1255	1256
1235	1236
1541	934
1912	905
1486	567
2039	2088
88	90
1267	846
1517	1715
658	473
514	424
2420	1939
2511	2098
2240	9
373	374
2373	2301
803	1381
357	552
803	1380
836	1125
612	1869
941	939
1473	1517
2290	2292
985	1229
1985	2018
2119	1936
496	708
389	387
904	290
159	243
1749	1325
1777	788
990	836
264	260
1162	834
1371	807
694	696
2327	2048
2037	2039
1954	2259
1562	743
2489	2032
275	277
447	413
1426	1279
2185	2300
2027	2399
661	1107
713	729
1338	192
2144	2332
149	356
882	1722
758	1043
726	71
1055	930
2469	1796
672	671
431	435
915	513
1975	76
1674	684
1458	1459
2205	2125
590	864
1124	1698
1878	1115
1772	431
580	938
24	791
1629	976
381	378
1871	724
281	951
1456	173
2469	2351
42	770
2231	268
981	431
2506	2023
2078	2282
940	938
1495	1969
404	405
1903	2207
1841	1667
2137	2162
2061	2129
741	909
1698	930
1288	1291
13	346
1266	1808
933	2201
1800	694
2045	2394
676	1309
1596	306
2124	2061
1820	742
2292	2407
355	149
1472	1473
2105	2089
1093	2282
768	1125
1299	1300
2137	1952
72	1034
871	874
1519	451
661	652
1417	127
1442	125
1340	981
2185	2233
775	707
1233	1234
711	714
522	240
959	266
267	596
317	1124
2146	2148
836	1485
1108	1275
1909	1438
205	291
585	1320
1163	2300
337	1137
445	987
554	203
708	403
811	1497
1006	1439
2095	931
910	1936
1556	1201
1502	1144
1535	975
973	1659
774	1685
1196	790
1536	1055
792	607
268	294
879	331
219	82
1023	320
685	1172
2469	2081
2231	2221
1592	118
1943	2372
312	310
414	408
2351	2347
2361	2014
1391	1392
1043	730
14	16
1020	1198
1490	258
1782	80
1045	1951
2090	2101
230	236
153	131
1550	1639
2266	2036
10	17
992	907
2274	1038
172	1621
1639	1340
837	840
2058	2147
1488	123
805	1271
790	495
2023	1174
300	536
1326	217
81	82
1422	178
1608	1567
746	702
815	813
1810	1811
66	791
2267	1163
2168	2502
960	536
2378	2309
416	157
445	986
581	584
2036	2204
1243	1273
1106	693
1580	391
1392	1310
1773	1771
2247	2439
933	2072
2183	2304
2434	2095
607	1061
1857	1361
452	458
1175	1176
1991	1328
2368	2088
1950	1163
2367	2263
1124	792
2415	2373
20	730
1154	121
2241	2239
1116	1667
1700	1640
854	584
659	225
834	867
597	1344
1332	1334
967	968
1346	1180
991	985
180	1451
1580	417
2087	2283
21	644
982	1210
1237	1235
2275	1957
644	1051
298	1051
1287	1053
2097	2225
65	67
323	251
2231	2086
513	915
2079	2201
856	499
2003	257
351	593
752	753
248	198
1424	769
1296	812
1186	482
471	530
1689	954
607	575
1243	194
1509	840
1434	162
1154	1136
2192	1470
1452	1453
1701	815
2352	2127
1280	136
636	118
607	835
1032	219
1099	926
2071	2493
1753	1317
845	1026
1370	1812
2181	2183
1455	575
2306	2066
2439	2421
1275	1200
442	1077
1294	604
87	84
151	540
1020	43
175	177
1461	879
950	501
72	924
8	342
575	682
2401	2386
736	79
2343	2013
242	165
1973	528
1424	766
478	479
1910	206
266	268
1221	441
2111	2113
380	665
1136	856
371	368
33	150
295	368
1677	1392
800	801
1053	1698
659	218
1455	1452
2165	1093
575	519
1310	313
464	1045
1278	429
1368	599
201	241
1434	1480
536	792
1043	1042
2332	1943
206	1164
630	735
612	1660
1508	1570
337	335
348	14
563	915
568	944
440	577
1043	725
1697	1498
448	373
1271	438
2080	2079
577	938
1382	621
2377	2244
8	1560
1750	1011
546	550
1841	826
1896	77
908	1613
930	1055
1326	299
15	347
1128	1322
422	425
309	21
1810	2075
2057	795
412	1190
1130	142
2076	1943
609	382
1876	1018
442	43
1359	729
746	1189
1314	1265
227	103
1756	2360
734	155
2358	1461
749	1195
67	925
1331	1744
228	618
2377	2095
1580	684
33	357
1458	162
2354	2310
1581	249
2083	2085
377	77
86	53
63	65
2275	2277
403	256
2091	2095
2179	2355
701	124
708	973
2269	2107
2107	2371
98	99
423	1287
1282	147
242	1606
1314	1317
1533	2084
979	1670
215	180
1325	1742
2267	1131
209	213
603	70
31	1558
841	484
836	187
2142	2140
1297	485
2084	1955
1462	604
522	572
618	66
316	727
2160	2053
272	1199
1018	1724
1338	494
2414	2001
2295	2412
2208	1903
2361	1898
320	174
899	926
2123	2440
2132	2130
930	1053
1342	1344
664	663
154	49
1953	1569
2085	2151
241	770
2134	2440
1968	1817
2374	2150
627	628
1315	1166
2149	1955
1476	353
2535	2479
373	257
371	369
272	417
225	55
2351	2469
849	1700
1173	1278
738	1055
16	347
102	743
365	1650
131	673
526	1459
710	131
1018	1823
1165	1576
1859	43
953	702
2408	2191
927	1073
303	691
1332	1333
428	567
800	427
678	835
772	739
1954	2040
206	1172
1239	1012
136	790
2078	2065
2219	1063
2013	2151
1486	568
1865	1081
87	1475
2418	2419
1716	1717
2232	2231
820	378
2087	2167
995	994
970	243
1640	1819
431	432
1578	1536
145	1323
1353	1118
2373	2000
2046	2152
295	788
300	532
629	628
1129	1693
189	187
1706	976
1462	1463
208	938
1020	1456
407	915
223	85
2081	2098
488	1400
1346	143
664	1182
2023	2024
1359	1233
978	976
2387	2439
761	763
260	264
2073	2234
2265	2338
229	390
113	276
1496	255
1224	1300
497	501
2023	2025
373	448
1305	1306
447	454
436	1344
1155	1249
2055	2234
1100	889
1043	1371
820	553
33	117
547	551
105	729
2019	2208
783	984
172	1039
1060	134
444	446
1215	1216
2006	2004
2320	2159
1942	2332
1012	716
142	154
1927	1707
2410	2414
379	290
2189	2208
1775	1774
2458	1929
319	322
596	1507
1466	2011
1516	1527
215	734
1254	1253
2434	2041
719	382
646	69
1013	1017
138	250
2038	2040
1448	708
796	797
806	1451
1633	1021
999	386
2025	2197
936	711
234	232
1334	1043
421	93
2064	2039
965	568
1168	1170
2131	2172
54	62
1683	1090
919	264
1091	1470
2219	2220
1018	251
1660	834
2168	1536
857	241
1039	574
1035	1233
2173	2179
1788	1477
1118	1644
441	442
1733	1196
1569	877
1711	1025
453	1302
1647	1081
2429	1563
724	194
1384	1274
2083	2038
1778	1069
851	68
55	623
28	25
16	17
1012	1016
670	1864
2323	2455
979	1788
1521	1405
447	844
2378	2256
499	921
935	833
1919	124
492	474
2384	2138
1711	919
1082	1083
134	1063
630	1391
1726	954
951	1705
2409	2075
1501	261
1197	1199
54	55
1161	1163
936	690
38	39
1055	740
1059	876
1087	1091
1522	1135
1690	1203
2150	1061
438	1397
2014	2039
649	650
482	1704
1106	1108
2420	2058
931	574
543	89
976	164
290	198
1629	157
736	877
2306	1062
590	165
19	18
2064	2256
1101	1458
733	702
2197	2289
52	219
461	830
235	234
574	520
1645	1449
187	189
2400	2343
815	46
2507	2468
733	108
1359	151
1453	1627
2322	2187
1018	1012
18	22
431	434
2289	2083
1346	524
104	267
510	508
2173	2176
165	1256
411	409
513	1647
1071	779
519	578
998	851
655	649
259	1492
508	219
611	213
1048	1866
428	1561
2303	2183
1296	787
1772	413
201	199
2348	2106
1676	1118
1264	826
1274	417
930	644
978	55
583	576
2328	2167
309	307
739	772
123	1287
1635	568
2106	2040
1323	143
778	1449
719	991
206	7
606	1397
1987	1986
2507	2167
317	78
1144	1522
19	533
2395	2357
689	1482
2129	2126
1317	1841
1396	977
1913	1116
871	869
249	402
1365	810
1812	152
1703	1636
123	824
489	491
2363	2027
2324	2371
1646	1508
1899	2286
2232	2250
511	513
473	474
1077	1217
1114	109
2352	2082
1391	111
176	177
75	932
805	1741
2193	2192
1153	308
1061	606
2149	1954
291	205
2399	2439
2310	1691
608	604
1163	2293
934	783
102	159
2294	2295
2202	2091
2175	2411
377	129
772	678
1326	1630
546	70
1145	1229
563	436
1896	1446
470	471
872	462
606	644
2363	2365
1883	365
2188	2354
1626	201
719	729
1407	1602
1663	1665
1154	1311
810	917
307	306
2086	1092
520	518
2245	2227
1062	2077
2425	2424
566	1035
1175	1177
1106	476
2512	2408
952	284
275	205
302	305
1057	78
187	646
1874	759
2024	2170
2435	2012
1424	212
2039	2151
650	658
2425	1091
1269	127
1429	1313
1082	265
1393	151
546	1157
731	68
2048	2327
49	50
2327	2256
1172	206
1634	1591
1684	1915
2125	2193
770	320
571	567
1111	1113
1087	827
2418	2120
2270	1038
791	1084
1494	205
1714	418
976	630
654	284
52	215
2194	2319
2021	190
634	785
2229	2173
2207	2285
2198	2189
1944	2398
2326	2293
1091	2093
1808	880
553	820
1616	682
305	131
264	982
1819	33
739	134
1917	410
1786	1033
1115	621
1327	1742
1665	61
1809	37
1202	75
2391	2498
2129	2125
1457	1115
707	972
2061	2169
824	971
2286	2113
751	1042
678	66
2106	2088
673	304
861	672
340	727
1868	1411
410	580
2093	2012
995	449
2344	2467
329	328
289	207
1182	618
547	357
1639	1538
123	479
1829	111
1104	1205
2163	2138
292	295
22	559
706	279
766	868
769	868
379	198
1876	1183
1968	681
714	1629
1359	827
422	423
390	157
185	187
550	1116
1490	1489
2293	2301
1174	2064
736	1748
687	931
2518	1443
262	261
1652	1410
1837	2124
342	8
2386	688
289	33
1904	1661
1211	205
740	835
921	264
974	972
220	1041
2066	2473
348	347
2290	2291
691	1297
667	1111
1447	694
1879	621
1414	123
179	1340
1808	1266
2235	2234
2368	2235
2207	2256
1044	542
469	468
2305	2165
1393	1396
1330	2111
395	251
1648	1764
1997	1998
559	492
619	664
828	1098
1075	1498
933	2276
1477	1481
2190	2032
2177	2411
887	888
2479	1563
2126	2091
317	990
1530	1764
2309	2379
1390	1391
772	1285
1926	827
2179	2178
196	1467
878	877
1666	232
2503	1163
285	283
1230	1075
2396	2023
2402	2401
805	697
765	925
897	433
1276	1609
2142	1796
572	206
940	707
337	196
1088	1112
206	275
1644	835
1153	463
572	403
936	304
356	823
2413	2293
1075	585
2387	1899
11	7
1653	1181
1744	1911
244	243
558	1164
510	509
2136	2137
2188	2187
1117	985
1695	288
513	549
1429	1558
1569	1567
335	331
1302	523
381	21
1092	2095
1341	1705
336	733
414	573
590	157
2208	2189
790	678
2259	1954
1375	1066
1854	792
2046	2262
1069	1067
1982	2194
2176	2077
1049	1047
246	856
232	776
1028	907
196	379
61	54
2298	2009
1396	1243
2013	2372
657	232
2078	2077
1200	1295
255	1017
2315	101
1550	1524
921	261
662	664
1114	868
1528	1412
2428	2436
2042	2085
2381	1903
1283	790
2067	2095
2244	2087
1079	615
1293	1916
774	1477
841	842
548	580
973	806
1873	1216
584	1254
620	619
996	909
2267	2205
1479	1100
570	139
416	165
608	1344
1955	1038
1239	1041
1585	1480
945	968
25	28
1326	621
932	196
647	345
1348	476
1433	124
1876	1598
2079	2077
241	320
1982	2070
2152	2153
2339	2360
1231	438
2367	2075
1737	957
1069	280
774	874
55	624
1104	619
1618	1089
2225	2129
2173	2077
370	369
2372	2013
16	344
2361	2010
1048	1047
697	694
2001	2087
1592	1652
950	981
2275	933
382	1611
660	85
2058	2057
837	839
1294	1229
2426	2061
2219	2128
1154	788
150	1422
1604	1936
1178	1179
2139	2140
1280	1035
1877	658
2321	2195
2438	2185
336	170
688	689
828	780
2363	2240
115	262
1095	1061
284	952
638	913
655	632
1354	534
315	313
1014	23
1747	1305
1741	1740
2284	1163
299	1294
910	192
633	1791
975	978
1538	1540
973	255
200	291
1189	1192
1992	2068
2303	2265
2273	1496
555	34
1227	309
919	856
1101	279
790	925
1666	43
2053	2102
76	877
829	224
776	161
2378	2032
1309	692
362	1711
1958	2164
343	679
529	471
247	727
520	940
2339	2490
572	1173
202	1074
1964	998
1646	840
2521	2399
2468	2151
398	1609
252	1203
5	580
2423	2424
1468	417
442	1221
2510	2262
2236	2145
1929	1999
2060	2022
4	1138
2057	2055
789	678
1773	589
507	508
21	537
1442	1598
577	321
851	769
1303	769
1588	372
2425	2515
1722	882
992	1061
1778	1671
2108	1775
1778	1240
585	581
312	1658
1283	596
1112	51
1328	380
1202	609
1164	1339
130	303
1184	891
373	1592
499	826
1184	452
1130	137
1714	1012
1239	1210
1303	1122
2418	2428
2297	2137
1101	966
1190	1192
854	581
1665	1663
1031	1033
788	371
224	1058
615	1304
1656	1992
1295	1200
1746	1494
391	139
676	1312
1096	607
1887	1671
23	1014
733	169
719	77
2354	2196
411	1444
236	704
2098	1830
1590	609
1798	1084
599	835
1518	1519
2169	1936
1241	1194
1807	606
602	1368
799	1081
2173	2178
584	1253
2225	2068
996	644
356	113
1812	453
324	327
1630	1542
1272	1273
130	129
690	673
213	209
2033	1091
1958	2166
2042	2151
1064	385
2296	2213
1074	1452
447	411
1361	440
1594	388
2491	2388
2032	2229
147	835
2332	2093
1386	161
2054	2058
1648	632
1850	1923
1319	1318
20	915
2537	2520
2285	2218
1901	1710
2534	2266
2008	1939
535	300
1660	544
1070	1099
133	128
1172	1564
377	382
1492	2398
2180	2407
1808	170
403	402
1769	1807
513	273
889	746
1220	187
747	95
817	359
1023	1609
2478	2009
1757	1758
2104	2088
1099	1101
2194	2126
1523	996
2500	356
68	72
709	1611
104	1095
633	631
1807	678
235	230
1544	779
1525	658
162	577
2338	2232
481	260
1430	1505
1353	535
2195	2323
1652	696
1510	1605
2176	2174
1370	1579
71	596
821	691
670	514
1133	1723
727	382
1230	927
444	447
779	778
749	1157
934	177
192	574
1782	82
1211	1627
975	148
1045	1046
181	1665
54	61
588	1186
846	174
681	682
486	487
724	722
1749	1463
2363	2137
635	1217
1669	1138
1226	799
1855	1680
476	271
377	381
652	59
1644	620
2113	2106
2533	2294
1604	2169
272	270
1366	739
113	112
314	831
1743	117
568	4
165	320
76	78
1649	541
1287	413
762	424
2207	1903
2040	2038
270	272
490	489
1572	737
2406	2171
28	826
239	162
2043	2044
561	1391
852	385
2037	2038
731	383
1442	211
1100	319
824	877
676	560
1855	758
1187	1190
162	159
1964	1965
467	823
2265	2337
2056	2058
663	1053
1542	1630
366	360
324	692
1628	1626
2533	2166
1746	1906
2344	2102
353	714
688	651
661	1058
795	2040
214	1320
2326	2087
963	1024
1619	1359
2048	2328
963	981
1103	1106
2195	2258
2470	2168
1515	1516
603	987
1103	1110
1036	957
2011	2113
2011	2086
1667	1184
1434	214
487	491
1145	591
729	1012
2412	2300
200	99
1241	1244
712	1633
2254	2201
1042	1046
318	77
1777	1591
2219	2222
2200	2295
891	1184
1016	1013
1277	926
1120	1478
664	666
1713	153
254	255
580	410
1509	1188
220	1320
1598	1872
32	1255
341	621
256	344
211	1116
335	343
627	629
667	1614
2326	2151
2230	1796
2004	363
2289	2197
623	1456
1678	1516
2346	1443
2047	2053
1439	1028
310	311
833	1748
76	730
840	583
1550	1540
2308	2310
819	1274
1107	224
1866	2389
780	1069
1249	1980
666	1182
906	1336
704	876
1020	776
436	1459
711	301
45	970
2377	2126
685	797
2012	1063
1072	1074
895	911
66	792
21	1622
1583	1584
1026	57
2089	2282
1023	322
2086	2001
2271	2259
2194	2192
76	294
1728	2091
183	184
1071	580
1269	1270
1686	1244
2345	2235
2287	2368
2070	1982
998	1490
2361	2075
922	1492
405	402
1382	147
1938	2231
484	1168
1558	498
1822	140
830	1275
416	390
692	690
836	1111
285	282
1604	1938
1510	57
975	979
734	1385
1189	1188
67	68
15	348
1848	1849
1153	487
70	662
597	1457
979	404
2168	2122
792	596
52	220
88	95
2507	2123
2260	2263
693	1477
2099	1322
1113	1485
1887	1430
1106	822
2379	2380
1817	1823
1333	420
1362	804
2026	1678
1445	16
141	1673
602	123
1854	789
1795	1050
1677	448
178	1706
659	224
1725	1028
1074	1752
2117	1898
967	651
2306	2164
2345	2010
1742	1738
1280	1277
2157	2490
2426	2459
2038	2055
196	339
465	463
1206	1207
694	700
1118	299
2406	2208
1798	271
1332	258
2274	2235
2259	2055
933	1957
131	129
1145	95
1725	1041
143	144
1746	1113
921	919
862	1158
665	178
328	329
706	942
1042	1045
692	817
716	903
1440	1024
1368	808
483	1186
1283	810
2415	2030
574	243
176	175
1364	805
2409	1936
234	237
216	1000
2133	2254
255	601
2062	1952
1918	1685
2440	2083
142	1130
939	942
190	198
1290	611
2151	2085
1662	852
1642	1680
350	147
1146	1145
794	1419
2237	2409
1122	1564
403	347
1091	2095
521	1099
787	785
1498	1282
1876	740
1406	603
890	1952
1635	945
346	1520
2195	2178
1817	1026
284	530
10	12
1859	400
71	72
1004	1217
150	139
1846	1844
2107	1998
288	289
1378	560
464	463
220	59
690	305
1923	1843
2138	2136
1827	72
1410	1363
1865	462
1625	627
441	1361
1229	605
261	482
671	672
1977	911
1040	621
1447	818
1775	2326
2111	2215
1016	916
1571	1372
2072	913
249	404
801	1860
751	1376
1565	1154
166	172
708	496
1980	1790
600	65
1039	1040
2495	1400
57	476
2173	2175
39	1618
763	760
765	646
305	690
969	1454
505	155
733	2
436	527
2246	2359
1799	458
1297	523
751	610
1210	99
250	249
477	1319
976	1203
196	1802
1642	1727
981	686
1869	662
2087	2104
1591	1777
1028	1319
574	966
1998	2068
601	602
492	475
1314	260
1492	2010
150	253
124	396
821	303
1683	1043
1689	1100
1395	694
2478	2209
2468	2055
64	147
2404	2031
2261	2284
2338	2390
1118	1432
951	1178
618	1073
390	1454
130	301
130	817
430	1522
892	893
1433	1431
1408	20
1782	1611
1907	2407
2188	2208
119	1862
324	1131
1451	569
1609	1100
793	2127
1277	928
778	243
2469	1810
50	763
679	925
2165	2301
558	901
1039	437
2394	2131
1260	1461
820	817
52	217
356	516
489	486
1589	128
758	1678
1388	1389
209	211
16	510
2513	2339
650	649
1851	379
501	950
2338	2036
1866	2266
1558	969
2082	1091
794	2334
1718	828
835	217
1967	766
998	1488
1031	1032
2462	1943
68	1542
2151	2256
2335	2447
2416	2415
828	395
227	1499
424	432
1140	2299
786	1581
156	158
700	217
1662	1661
1997	2000
2297	1943
1911	2091
1946	1948
496	963
222	180
663	70
977	691
396	397
3	0
1883	1210
2107	2221
1112	927
2215	2286
786	1495
2045	1958
1904	427
1777	717
470	94
100	778
987	495
1346	1347
1375	171
1837	741
2018	1985
1670	141
1124	924
2263	2260
2348	2112
2076	741
215	231
0	1
2086	1091
775	940
2154	2210
596	67
1839	323
1421	1460
526	1204
1072	244
452	453
125	40
2284	2206
884	1415
15	346
382	1446
51	1218
1303	906
2142	2528
1084	155
939	163
771	678
2199	2189
703	1479
517	512
1669	174
609	1377
134	454
1037	1955
961	729
55	231
2138	2386
1853	1854
446	444
823	282
1241	52
1708	886
2228	2388
1168	148
388	1456
1048	786
124	654
998	992
1293	1339
409	525
1210	1861
1364	123
620	617
1806	1925
2239	794
165	1449
1711	1877
1366	123
1200	1935
2112	2348
1131	2517
1968	1048
1605	1884
2071	2528
2292	2499
1802	17
2190	2188
483	485
1910	415
219	85
584	440
1330	2319
1405	296
1885	1251
849	702
560	327
2311	2205
1997	1999
1451	654
760	50
426	427
837	504
2019	2517
736	627
785	786
1062	2201
1470	1091
94	470
996	930
1732	769
660	829
963	1027
203	357
540	628
1162	1161
741	930
1067	410
1846	1016
1330	2142
1195	749
1569	1482
1270	499
774	1366
1977	1036
303	1579
609	1446
1491	925
2414	2040
2288	2361
2289	2113
1260	879
6	8
2041	1943
1900	1424
2178	1377
964	206
2317	2185
2503	2300
901	1853
2183	2181
1609	43
1278	1282
1458	1627
1001	1123
2516	2313
1124	67
1457	987
2055	2151
129	300
2149	2329
2143	314
936	673
2336	2302
1873	469
273	407
957	548
1410	874
890	889
1587	1312
1037	2040
2096	2097
1955	2147
1445	1349
2180	2357
1562	1072
1763	1419
126	268
154	142
523	524
700	654
65	66
482	480
2438	2184
1899	259
1047	303
1753	1755
1961	415
917	918
1386	160
334	416
2296	1999
1888	251
1108	224
2113	2288
2519	1742
44	859
1755	1460
2154	2380
1294	217
1514	886
1550	1549
2253	2252
718	450
2042	2037
2093	1837
2336	1965
283	823
2189	2491
132	137
2060	1050
2238	1810
1448	1447
819	1328
2382	1886
2218	1163
331	194
2328	2274
1651	75
758	1506
1522	1616
326	178
1017	1012
592	864
919	920
285	390
550	547
2429	2249
1489	998
740	603
1203	966
1690	384
1296	131
1710	1149
55	626
1126	1127
665	1341
232	777
362	364
294	877
224	660
706	577
1874	1873
2011	2371
735	629
1192	5
1459	526
48	1387
1567	1512
56	233
2073	2256
39	34
29	1578
2068	2194
58	1577
1809	1345
604	339
1247	1030
1936	2126
1407	1566
720	718
68	67
2188	2190
492	57
410	577
866	769
87	80
2031	2510
2245	2253
1493	289
2099	2094
1617	808
1459	1101
127	1840
1616	572
1444	2518
1750	766
2325	2211
2169	2376
51	52
2489	2397
915	918
1067	1070
1523	618
688	691
1673	221
221	232
2146	2011
1589	1588
352	275
1868	1206
2265	723
1024	37
705	206
565	1420
574	1102
1737	808
313	75
2263	2113
2000	2129
360	364
170	704
1916	1366
336	1213
560	557
934	936
1956	1409
2323	2275
1939	2144
856	286
2125	2126
184	688
1381	713
1078	1405
2506	2507
495	923
906	1337
1472	287
1944	1945
2306	1656
1273	1272
443	519
1867	1755
1475	1476
2149	2038
1605	1041
2043	2045
1345	1809
1501	1230
1310	337
1750	1397
967	395
576	586
921	500
274	158
2234	2040
936	1637
271	1020
1626	1458
1822	975
790	1507
392	178
206	205
239	163
792	66
1707	1641
2114	2347
2105	2151
2456	2257
1360	870
1228	1227
1071	1452
1317	995
77	991
2215	2111
424	1398
2137	2241
847	848
1696	1440
2521	2276
866	369
1634	717
2151	2040
963	1026
663	1111
1418	1289
104	1862
1147	1022
2079	1903
1814	1631
1442	1116
283	284
199	202
1543	1545
1459	1499
1832	1275
848	952
1805	1245
2319	2109
2322	2199
131	710
999	699
2237	2038
1478	138
2305	2460
741	1943
1199	157
581	576
2129	2061
728	729
2130	2044
1858	1206
347	348
613	616
1852	1879
1009	427
1889	1179
56	663
648	807
164	592
2439	2246
1111	494
1920	808
2125	2086
1552	1949
1973	1221
694	124
2194	1656
451	214
925	67
996	110
1022	320
2032	2264
350	345
1031	1036
1238	1235
1818	1819
41	43
2010	2214
573	1534
550	1157
2303	1331
1695	289
904	748
72	600
924	68
664	662
1320	709
2303	2131
192	190
2400	389
435	442
1706	1205
2417	2080
223	83
270	274
1104	1115
608	255
2223	2225
219	1782
1075	1230
2260	2225
2280	2279
1906	1652
1457	1644
1402	1027
2203	2173
2287	2286
1828	1907
1393	26
317	877
2464	2154
1944	901
208	1204
1242	1605
2375	2371
1369	1732
1476	693
911	453
1794	1050
518	521
1111	1112
14	1401
816	1782
535	1467
63	69
1490	1488
2141	2470
2423	2425
413	1745
1494	1493
780	100
242	1573
638	639
2538	2357
395	141
2157	2245
1826	1827
2197	2226
984	1528
325	140
2003	2009
2266	2082
1050	2230
1537	829
1372	1135
920	1638
1144	237
344	347
224	829
74	339
499	1264
1037	2148
1883	1747
63	72
262	260
1114	628
1473	1312
2377	2052
765	604
850	851
964	1172
322	1752
1116	1164
2064	2229
865	1175
2115	765
1109	894
576	581
1939	1938
38	1674
1	107
2119	2139
857	1456
2524	2479
1177	1686
842	1043
2300	2077
1641	632
1770	1166
1396	1393
1513	1321
192	665
995	1317
1277	1279
800	796
305	302
599	832
168	734
752	754
2367	1898
70	790
2052	2093
2071	2506
1153	1586
1892	214
2312	2191
1305	1747
1553	321
1365	612
1749	1820
38	943
2013	2160
80	81
258	543
1404	122
678	495
1381	1183
2521	1744
331	190
1674	1227
477	474
525	523
181	1666
1462	644
1850	442
1830	2113
1979	2088
922	925
1277	1278
1477	1476
1613	339
754	1333
989	991
2210	2229
2518	1546
349	344
973	291
1627	1211
1715	1738
1699	1022
425	1837
1913	1722
789	792
2508	2170
2400	2337
2118	1998
1085	1082
175	179
1169	829
1271	1410
220	85
1782	224
2534	2181
2080	2300
2395	2393
2420	2144
396	124
1017	1018
400	399
1851	196
1531	1958
1132	107
623	55
912	1696
1877	1510
2215	2414
1633	427
2055	2040
829	56
144	1665
2188	2191
1470	2174
102	780
1293	368
464	1503
692	688
1690	252
995	1586
2173	2177
2309	2299
1347	115
2016	2018
1742	287
439	440
350	347
409	1266
278	280
1090	1683
1146	589
146	147
922	187
519	577
1203	1177
263	262
1999	2358
2367	2119
2517	2019
2238	1939
1199	321
97	1148
1028	1024
2339	2132
303	692
535	534
637	640
1018	1664
18	20
1644	621
1349	56
2477	2396
1158	1159
1262	1259
111	1354
1355	441
1644	1118
1392	1676
2130	2132
1046	1042
736	824
2129	2127
2292	2193
1049	1734
1146	656
54	59
2126	2129
417	173
1880	258
511	517
86	1475
2115	2116
2307	2310
1332	611
1827	266
608	257
101	793
1399	1922
1073	279
1917	520
1486	187
1196	620
155	148
1273	874
509	507
1980	2190
1897	357
703	453
527	1459
1850	1821
975	976
341	909
109	110
1979	794
280	278
707	410
1475	1107
2088	2105
687	147
644	1052
1293	571
1811	2500
1839	1411
857	233
1965	2173
492	477
1959	1459
1059	843
353	1266
979	1169
2090	2256
280	973
69	931
960	300
1975	731
1398	1782
1290	1533
2406	2339
831	314
313	311
1239	1240
2244	166
742	1015
237	66
1792	1595
1968	174
1808	16
1184	1500
1817	1743
387	1855
1908	1222
275	281
543	268
2	56
322	1022
740	1644
1118	216
791	1006
2100	807
435	1681
1917	1146
2193	2293
725	258
356	913
2415	2094
895	892
2036	2265
299	216
220	966
2269	2105
2416	2417
1341	1631
2369	1837
232	230
168	686
911	732
415	1971
1019	658
1651	1649
1982	2058
848	876
645	847
2458	2086
970	45
2478	2197
1170	16
77	79
1672	1412
1704	1934
2505	2397
1570	259
275	279
2111	2143
279	1039
1868	1428
1222	40
251	1064
2377	2091
1814	1616
2171	2382
1698	550
829	830
1032	1398
864	590
704	170
1270	268
2462	2129
2227	2246
402	406
2149	2410
1889	1251
259	2134
1262	1263
212	339
1495	249
1376	727
1528	874
1099	1254
1202	77
382	727
737	678
1324	1325
1544	1621
1457	986
1765	886
560	1637
218	225
2155	1691
2415	2305
1211	1626
2148	2324
410	208
1989	1990
1627	1453
102	928
690	131
129	303
66	495
1341	1719
714	353
2171	2354
767	1614
1655	278
2403	2075
217	147
719	609
1491	882
418	321
1717	394
1245	1246
172	955
2445	2265
1436	1439
1891	700
2523	2455
1083	321
2203	2175
187	70
1890	2035
1359	30
199	201
999	997
1553	1555
1389	643
239	580
2167	1898
1433	180
824	907
2351	2213
1788	979
2023	2028
135	1589
263	982
1629	642
9	308
502	503
956	1486
1497	1230
1287	123
429	15
370	788
2395	2309
2069	2071
2008	2009
759	757
2338	2265
1084	385
480	482
63	68
2266	2321
565	1012
1047	1050
2059	2061
337	727
221	1725
374	372
2420	1938
2520	901
244	1071
2386	1588
588	1071
264	483
2157	1944
852	867
1152	1154
1026	981
2403	2325
1042	900
2305	2415
1268	39
2139	2141
267	1827
264	481
486	488
564	289
1131	2275
513	407
2462	1733
466	467
2289	2361
1901	1556
1395	1493
6	9
9	2145
516	178
51	1476
62	115
2224	2231
180	170
1615	453
1450	1305
513	707
1777	125
897	1308
1452	522
1472	464
1382	931
1391	109
1737	526
1929	2231
636	812
2081	2058
149	357
711	690
2197	2228
1936	925
669	422
2303	2323
1365	1368
157	416
2412	2282
2429	2419
153	1757
2391	2268
1533	2145
854	271
1443	408
805	802
1004	584
1043	1361
2290	2206
1564	180
2140	2095
1388	1183
341	1507
1756	2164
1519	1520
2083	2014
415	1709
702	703
667	929
480	175
413	1772
832	604
393	392
1479	237
939	947
1561	228
1904	1905
854	410
1326	1542
733	875
1970	1971
1302	524
1909	572
557	559
252	927
698	95
2046	2313
1067	580
709	1128
202	204
274	843
132	318
1561	1173
2182	2201
991	77
2056	2448
483	263
1898	2075
1094	644
302	673
1452	241
795	2085
1245	1085
2321	2176
1072	1075
2493	2495
472	470
2058	2054
1907	2094
2095	2091
2249	2000
766	769
480	483
1254	196
1930	1643
2121	1196
573	1579
1078	1076
411	716
555	37
913	1976
1713	1712
2194	2068
1354	339
1942	2092
935	345
1566	258
174	1138
492	496
1199	322
603	790
382	1896
1859	1256
1979	2230
537	300
1967	1336
2025	2387
478	74
690	936
1511	1512
541	576
41	42
679	343
1542	1095
1057	449
680	575
1830	2287
995	1982
845	841
14	15
2352	1744
126	1496
985	101
959	298
24	1407
1756	2185
2095	147
193	376
107	82
188	1800
1279	882
357	1729
1852	254
1432	1806
1795	2230
326	1887
1822	1130
1117	606
1779	243
1067	1068
810	1613
347	273
214	1322
1991	1580
1208	1245
337	395
875	876
851	999
1328	128
595	598
2221	2435
24	1576
2145	9
1537	166
1125	376
404	402
707	940
1214	1530
202	434
2416	933
121	122
748	368
521	72
1203	927
608	663
23	1440
1356	1525
1482	1445
2058	2231
2282	2079
1958	2094
809	811
417	775
1667	402
2414	2249
570	1084
1743	1347
705	522
501	483
608	606
636	302
2235	2107
1639	1025
1740	816
685	962
1795	1796
804	1410
572	512
313	316
291	207
1751	550
158	418
909	930
1091	2125
2489	2185
307	464
1377	347
2011	1934
450	604
929	195
345	214
2224	2460
1007	1010
939	706
2513	2218
2040	2084
2381	2342
1873	468
2282	2201
625	55
1538	936
75	736
1612	714
881	885
1195	1425
2078	1954
957	1036
494	667
1421	885
2395	2189
590	865
8	696
1298	771
1707	251
2128	2091
2452	2449
2373	2292
1052	1194
2380	2154
718	721
1128	1349
2165	2254
2169	1322
256	1206
848	846
572	691
2404	2405
236	233
1105	1641
339	621
805	804
2321	2373
634	1393
138	253
223	84
655	884
57	271
1666	1577
327	936
391	1534
1393	178
2085	2106
1628	1172
1212	1244
924	72
1592	1540
421	814
1184	1737
100	88
741	996
1804	829
417	166
1138	944
1652	361
2141	1183
1362	10
2254	2184
531	1189
2270	795
666	619
573	1373
995	268
1035	1033
292	77
2190	2186
2049	2409
24	298
2154	2378
1698	737
877	879
2503	2185
2455	2194
2309	2380
315	1409
2519	1437
2105	2269
1429	1505
1303	1266
1063	2222
476	584
1024	451
2128	2222
133	1574
1897	326
158	1613
866	766
1837	930
1651	786
2358	1999
653	695
1974	280
1683	1674
1047	1049
2286	1603
1421	188
321	322
2017	1820
1939	2120
2226	2228
11	13
1079	712
512	517
824	1364
195	197
2417	2174
67	790
2072	638
35	34
65	64
1589	406
682	681
1640	1818
2076	1093
2327	2041
2372	2001
2459	2123
304	131
2231	2293
1125	379
1473	1405
1108	82
2516	2503
1541	1538
389	390
2373	2315
2052	795
165	322
726	382
1959	1838
745	744
169	1172
1152	1155
1968	1043
210	611
1337	1088
374	537
2126	1355
2446	867
1730	207
972	938
2422	1958
1155	1152
2118	2119
2013	2000
878	879
726	63
645	891
697	804
904	1366
1867	1650
141	1482
18	24
1038	2270
1528	1411
348	859
1117	991
1372	475
1153	1284
782	427
1420	1279
705	572
102	98
426	430
187	922
2288	2286
2278	1900
1522	1615
722	723
1741	23
792	789
424	762
722	725
1824	244
23	1835
2221	2091
700	1341
135	212
836	925
218	652
1389	848
196	932
231	419
1889	437
324	1129
1196	687
2364	2501
1482	707
517	1793
2398	1492
761	319
1082	328
1380	151
2209	2489
818	1234
496	204
199	208
1690	386
635	1321
2330	1691
2054	2055
1579	405
268	543
2308	2307
1502	1646
28	828
62	55
88	93
567	568
1161	1162
776	703
1116	1097
655	1059
913	911
1375	1307
1396	432
796	685
1804	224
201	1019
1094	255
701	92
444	445
700	1934
4	1237
2012	1859
2435	1038
2225	2113
2309	2210
2197	2177
786	1582
1230	552
435	686
1497	1074
960	1309
398	397
1319	1282
141	1122
877	730
1324	1042
1955	2040
138	249
1794	855
1197	351
1660	1589
255	1094
811	593
2232	2064
2218	2232
566	569
562	563
1913	1914
2294	2109
94	472
439	441
506	1620
210	209
1453	778
594	864
879	1261
2286	2288
0	5
585	279
1810	637
2211	2421
974	973
12	1250
901	950
288	203
1744	2320
2530	2140
180	1864
1055	909
1192	1190
2469	795
1592	1048
658	776
257	1630
374	448
1874	1678
818	1233
2079	2080
1079	1081
1384	347
1119	1120
39	1268
313	314
54	58
319	320
1103	822
1231	806
2381	2380
539	143
732	911
2319	1939
664	620
1271	805
1800	1801
267	687
1347	1743
1977	732
473	477
972	706
408	409
709	727
1419	794
567	265
2082	2277
1282	519
75	609
596	1397
2100	2099
1850	1255
2524	2133
765	767
2149	2259
127	1161
970	279
1114	1118
1708	323
1228	1226
2220	2093
1676	1643
601	603
1211	1628
1567	1569
2064	2259
1224	1225
880	1064
1100	1256
1809	1030
1315	1770
1031	1038
1104	1039
896	909
1831	956
955	1579
214	52
1331	2473
1698	1124
436	431
222	59
1551	894
1318	37
603	1644
372	373
1006	124
1009	1007
229	5
521	279
473	57
1191	1302
808	990
776	1274
199	204
53	1764
142	688
2453	2034
2521	2277
2209	1903
2319	2121
6	7
1012	1017
1426	1101
605	930
631	632
1770	1315
760	762
51	1525
325	1708
1290	1531
1117	299
1699	1175
1857	836
2444	2121
184	1403
1735	1196
544	1660
1806	1568
936	131
449	542
1939	2420
815	1701
2157	2443
646	600
1500	1401
1746	1305
595	599
1605	1242
285	1023
1080	1079
1903	2201
950	982
2536	2029
368	371
1282	118
1220	741
986	1457
2124	2129
254	257
364	362
333	554
108	944
1381	729
198	379
818	817
2468	2344
1157	550
1900	2427
2138	2384
244	1067
1679	1680
1493	1395
531	1188
1453	1458
2492	2293
1954	2055
1453	1073
603	417
190	195
2268	2391
1831	188
805	694
1336	1112
411	1443
197	1335
336	657
2486	2051
2206	2290
705	709
952	1508
1593	373
1717	1634
283	108
1099	681
195	19
1189	1190
1208	1085
269	128
649	652
23	1834
1829	1117
431	10
806	802
739	858
2311	2175
133	26
841	264
296	1078
2054	795
2532	2180
795	2151
1330	2136
1070	352
1075	102
1839	395
927	1230
360	365
1397	596
2128	2202
1481	651
13	7
1531	611
2226	2229
1271	1362
1852	247
2341	2340
1192	1187
560	1114
2229	2087
479	123
231	505
2446	2178
1298	595
2189	2188
2362	2268
490	486
1504	968
1792	483
2409	2149
1357	1449
619	618
744	746
1457	1117
1796	2142
689	1483
504	1183
1778	780
204	201
429	1689
249	1581
2106	2150
436	278
741	678
2260	2262
475	139
1346	1014
1530	1232
1294	606
342	335
1507	621
437	279
1701	1907
1078	1264
631	636
1808	821
2435	2094
598	1677
223	87
1831	1823
1088	1337
2188	2465
579	592
1129	451
652	224
2426	2091
2402	2409
444	192
107	624
1581	806
1061	445
931	835
806	533
1496	1027
1476	1481
2082	1093
786	779
20	917
1974	413
2345	2148
452	456
951	948
851	1001
1814	1048
1823	1018
2386	1934
1394	1393
68	64
2451	2335
2007	2162
2110	2113
1109	1205
2402	194
2098	2083
2319	2142
2281	2284
859	347
606	147
1673	689
1136	26
1576	24
2151	2055
309	488
348	1520
1851	1852
2214	2259
2538	2479
2402	2015
155	1084
849	1276
232	775
2166	1092
1936	2471
2138	2163
1014	1379
930	909
1640	1321
1544	1543
2453	2522
75	79
1138	876
2050	2047
2513	2381
442	1361
2478	2226
1591	717
45	157
460	166
404	1579
71	63
1093	2292
1033	136
483	480
1306	1594
50	51
161	776
83	85
950	575
2232	1091
749	368
793	2169
1922	1399
136	1035
2234	2106
502	504
1190	746
329	115
166	173
1883	90
1312	604
692	303
1523	644
1138	704
2436	2428
623	625
2127	2129
445	444
927	1112
734	505
271	579
1742	449
448	1392
788	866
2172	2131
812	711
1242	355
2297	2010
1305	390
361	1273
1624	1623
802	804
1778	983
1968	327
2207	2046
1073	578
1594	1595
923	495
2040	2150
2135	2022
2123	840
2036	2267
1303	907
1220	145
534	1354
2381	2526
2376	2129
1169	303
331	879
742	418
1148	1150
1071	244
2451	1174
2315	2193
974	965
789	495
651	967
739	1843
659	1058
1031	1035
395	337
169	168
1176	474
2260	2032
632	631
1796	838
413	1961
317	546
1817	786
724	1585
1632	188
1269	750
1475	1477
810	1397
2466	2061
709	809
384	835
973	288
223	59
1981	638
1320	220
2247	2030
571	428
1918	1711
133	963
1461	1460
541	1995
1911	1604
1637	690
1759	480
2084	2148
2017	556
703	702
1592	828
1202	729
53	11
1418	1531
256	348
1283	127
337	340
1589	135
1473	1472
654	952
1253	1176
1982	2224
2117	2222
1986	1003
1653	1039
805	1364
2134	2248
1041	1669
582	854
428	1522
900	904
1203	1109
1502	1064
1653	362
98	104
1801	1512
2287	2264
1596	754
1700	849
1839	468
1322	2371
2055	2038
2083	2087
591	1022
103	843
399	401
1038	1955
128	136
734	219
450	298
1008	1307
1314	109
2482	2498
450	379
2038	2085
56	1349
1388	405
229	702
1229	806
1	108
600	678
162	208
260	151
1533	1532
1779	1781
1026	1847
2028	2032
2038	1936
519	575
1459	575
1992	2067
583	1252
513	1768
711	131
936	302
2127	2169
2146	2040
300	535
66	65
2390	933
1251	1252
145	64
818	564
379	904
86	87
1268	1664
1176	584
1391	1118
2364	2363
941	947
345	347
439	442
480	261
935	348
1106	1671
2199	2197
2078	2412
216	604
211	1895
2111	2110
1874	565
264	265
1810	2074
2084	2274
76	996
128	133
1708	1468
2130	2133
1560	456
787	151
1746	1798
1044	1111
455	458
370	367
558	76
522	239
1206	256
1300	529
97	946
1839	1831
2324	1955
1389	1423
762	509
244	1449
775	240
501	953
2023	2026
1460	878
1626	1453
1391	1724
479	1298
1763	1762
388	386
136	1497
1443	2456
1161	835
1902	1336
1989	460
463	465
1028	1725
1277	1281
2236	1533
88	91
123	995
400	43
654	1194
2402	2426
1626	1628
505	734
18	21
1044	1586
859	44
279	585
208	1215
1220	1218
1723	886
1033	1785
1468	215
2210	2380
423	386
977	729
1845	1846
2465	2336
823	283
221	83
2340	2294
909	996
1098	787
1609	97
1113	1111
1285	646
821	1897
618	617
219	1398
435	276
1275	1693
2131	2230
2503	2317
2010	2134
431	14
1315	1313
179	177
1417	1289
1411	1529
836	189
440	578
2013	2037
791	1337
248	379
2132	2044
2134	2328
1022	390
1004	280
604	257
2007	2005
1310	1114
50	107
1211	202
2306	1992
1805	1154
180	215
2456	2284
655	651
1466	2289
19	20
2375	2372
8	893
1343	1344
2096	2083
934	935
1043	1370
2305	1934
679	835
401	403
105	780
1968	411
1887	1510
1078	687
2148	2147
927	443
1438	1654
691	651
540	1541
2203	1563
2113	2215
1387	397
105	98
658	82
1804	180
374	375
586	1621
1271	456
659	1307
1794	1291
1932	1674
45	1452
556	245
1837	1011
2207	2407
1359	713
2261	2316
2064	2257
2281	2078
792	687
1160	304
320	321
978	1214
2520	620
339	196
1157	999
177	176
591	1144
52	214
1083	1386
1681	99
306	308
650	659
52	218
1098	681
1883	1275
1912	269
679	931
2216	2218
228	136
1789	1790
1064	139
248	138
2426	2205
680	685
1250	1201
8	1410
1481	1019
1042	751
2145	2009
317	687
926	927
623	843
1257	1258
2027	2447
1932	1318
2032	2078
1436	1437
1943	2076
1774	1775
1666	1255
1958	1942
294	730
503	302
1870	1871
402	249
833	1111
213	187
941	942
1854	1061
1752	806
121	123
1314	192
2198	2187
1533	2297
789	997
298	1096
1677	559
740	739
2165	2082
1183	713
1386	1083
341	790
765	924
142	1761
2068	2076
2340	2199
1169	1170
1333	1334
326	323
2423	2209
2168	166
1399	1153
985	836
618	666
590	170
283	285
953	1213
1221	93
1694	1304
1920	1600
2419	2049
2260	2261
1865	459
782	882
2134	2357
1110	1138
1501	513
1123	189
776	232
323	253
1493	1494
348	1518
595	63
417	843
2372	2249
1911	1936
1931	492
622	1019
712	1430
1186	480
2208	2178
2309	2182
1763	627
764	767
1857	1212
872	871
1004	575
512	574
599	931
1039	279
1315	98
1567	402
1365	1366
115	329
2132	2131
1746	1567
349	1520
1098	819
1052	594
1690	1543
518	519
1493	205
1279	94
937	1945
2264	2262
236	1718
48	47
2324	2093
1240	1495
294	268
1103	46
1632	1633
701	700
1173	572
2290	2262
2283	1063
1263	1262
2131	2231
414	1973
43	864
859	256
1203	252
1946	1947
921	920
222	80
1174	2464
689	858
2106	2151
350	352
2027	2450
558	370
1368	1123
2194	2220
1172	166
239	240
1736	339
408	415
33	1759
1657	1646
1196	596
1321	1513
1105	822
2165	2411
1194	170
1091	2086
981	584
605	1736
1953	287
1334	543
2300	429
1743	1539
1645	686
1144	1083
1581	205
786	719
1526	1414
1305	1746
2032	2173
1562	619
1730	203
908	1336
1723	1133
1262	879
1422	150
1607	1799
1697	440
2295	2425
778	1458
227	208
1384	1385
638	637
1761	362
1217	1221
822	219
188	1108
237	702
72	1507
2179	2323
2288	2113
1137	1406
1574	133
547	552
765	70
260	261
1448	680
1061	101
62	1134
2259	2040
746	531
1396	144
1926	841
2337	2375
1823	431
300	533
1325	1744
1080	979
1978	812
539	1364
475	271
1704	442
909	217
1028	1696
443	899
1728	2067
1312	1376
115	889
329	1168
1546	1233
1761	1464
980	1579
47	48
2313	2046
164	400
583	840
557	558
839	1262
697	701
967	969
596	925
258	725
2077	2081
1135	1187
2137	2136
80	85
930	1011
584	582
205	438
1264	497
802	697
1653	979
649	655
69	835
480	265
754	395
769	1369
1670	1605
95	92
2434	2089
1260	878
217	257
1767	120
430	569
1766	1767
185	186
891	1389
168	505
2495	308
170	168
1943	741
2345	2090
2369	1830
42	858
778	1452
1588	1366
18	23
2228	2197
514	1081
2185	2262
687	835
2150	2085
323	131
2289	1898
329	251
952	761
2368	2040
2296	2297
877	597
1267	1268
917	375
1879	242
635	631
721	2362
205	206
1946	1185
387	384
1901	1570
2250	2044
737	741
707	1102
1449	942
2449	2451
2306	2065
2163	1756
257	1053
2459	2122
166	167
1229	1231
1755	904
243	593
626	622
80	87
2234	2259
2463	2430
604	69
1791	289
993	1546
413	447
2451	2175
793	2128
1945	1944
765	189
613	172
271	493
1843	1731
2298	2457
1311	121
2354	2064
633	1797
1796	2230
178	1341
331	20
64	63
834	832
1637	1378
1369	868
660	661
242	809
887	867
2410	2244
275	276
1820	1685
1871	559
83	87
552	547
304	264
628	677
1057	1784
856	500
1459	972
304	1272
1639	1510
1677	139
36	1168
2359	2246
755	752
803	802
1393	1394
2151	2234
271	1144
1059	1504
392	393
2127	2202
2023	1159
2138	726
475	865
1550	349
2386	2092
2268	1957
2110	2114
84	223
710	714
2411	2117
788	370
2429	2409
2201	2176
1684	611
245	246
174	320
1530	1214
2054	2057
136	923
1111	989
1208	1209
1933	507
1337	906
2248	2192
1756	2163
556	1617
1024	1028
266	267
580	519
2142	2238
2448	2414
701	1410
734	224
1066	1648
2020	1461
1577	1504
1415	884
24	254
935	14
1915	861
1269	479
1459	436
972	974
2488	2514
884	952
1433	392
174	1479
2422	2281
2259	2201
1478	124
1734	2121
2154	2379
2247	2473
634	405
2454	2102
835	790
1563	2233
1713	1821
1305	467
773	774
1977	526
1479	703
646	642
462	459
2080	2282
783	983
809	709
2008	2010
424	763
1876	1184
531	529
2003	1604
191	194
747	583
2088	2055
816	813
958	960
799	1213
1418	1546
63	71
74	860
1383	268
471	531
2079	2301
194	1243
1024	36
13	256
367	294
835	494
561	313
529	531
2279	2096
401	349
2008	2011
1666	1663
2396	2397
1692	466
129	168
1552	1812
334	417
445	617
1936	910
1988	1989
2235	2055
340	561
114	1478
2151	2088
2199	2173
381	377
1162	1297
269	959
2354	2491
2124	2128
1516	757
2372	2373
1605	1387
2416	2369
81	219
259	2010
112	114
2298	2183
14	347
702	704
846	848
1060	739
322	1449
1248	1117
2232	2171
85	1782
15	136
1668	127
1263	1261
666	620
1306	1304
61	462
2037	2040
2148	42
2374	2038
1824	1708
1116	550
2314	2283
390	1147
1156	432
160	158
1365	878
619	621
2323	2195
529	1299
2440	2441
458	452
2332	1856
1348	1510
1565	1566
403	935
1514	437
2172	2330
2381	2210
173	593
536	300
453	895
809	227
2508	1979
1446	1535
2141	2472
404	1639
1130	1822
90	421
1072	443
2213	2296
836	922
475	477
488	465
1071	1067
2007	2102
1311	1805
997	851
1627	526
644	1053
1324	1331
713	1005
677	140
801	796
125	121
1358	1359
1242	746
2361	2286
2490	2031
1852	253
1113	598
1478	952
1334	1333
2403	2211
1617	1599
1747	1113
1434	1882
1357	241
81	80
1648	1008
2084	2091
1451	1659
1041	876
491	394
2366	1886
1593	372
725	723
832	644
81	84
2459	2107
600	931
1713	457
1321	1512
130	824
151	152
280	1027
2538	2180
1623	1327
2249	2372
1818	357
128	132
993	1547
2099	2095
1742	543
1162	1076
11	52
2008	2012
2065	2314
955	1570
2106	2055
2205	2175
619	666
982	1272
2432	2433
1896	377
1096	985
1058	13
878	1460
2129	1936
73	79
2036	1957
103	102
82	624
1073	604
963	584
1429	46
1470	1092
2492	2277
1175	475
667	810
2441	2440
71	790
744	745
2107	2002
292	296
575	680
142	184
1483	739
662	618
1604	1523
1957	2036
1852	1851
2393	2394
2448	2055
512	516
2360	1603
2473	2177
1709	415
771	646
1880	836
2084	2040
408	412
1072	1073
637	638
110	109
631	633
1622	1497
2171	2209
880	849
2259	2235
2143	1929
1904	955
2215	2246
1755	1325
1930	774
2165	2356
1838	525
2363	2364
272	351
1020	271
1507	70
1364	1362
983	1138
1581	786
1182	494
875	843
999	449
2105	2040
1649	1650
842	845
1020	1256
2172	2183
1377	1862
131	302
102	926
1378	382
1203	1204
800	782
2059	1952
2374	2055
2066	2306
2204	2205
4	235
203	1695
1670	979
2358	1983
162	928
350	46
2120	2049
881	1460
2046	2197
98	105
1563	1756
767	1319
1055	738
1542	217
1261	1129
2009	2008
254	258
1193	1065
2114	2112
1577	1610
2097	1371
1676	1354
1095	1459
1462	1466
2448	2087
299	1229
2284	2264
1362	1363
1105	214
1204	619
2365	2015
1510	1887
2323	2178
1082	1084
2121	1728
743	98
2154	2382
1375	1523
156	160
857	42
2061	2127
709	1320
694	695
2287	1830
1111	836
289	205
2304	2378
750	1154
570	1552
2095	1053
820	707
2269	2084
1029	1030
220	214
215	1021
2192	2193
1322	2126
88	89
802	701
1512	1567
2084	2324
817	16
772	1454
2435	2221
2454	2248
1684	1098
1098	250
1698	1000
665	448
1560	1367
1241	1243
999	1337
600	790
690	327
2400	387
1668	1442
1901	1714
1032	50
694	698
2057	2052
915	407
658	1019
1134	1135
1397	550
1165	1988
2478	2030
1479	1609
2040	2105
404	979
512	572
1982	2120
1098	1160
87	82
772	771
5	0
1541	304
1243	977
2326	1903
593	1456
257	217
181	1705
1473	877
2456	2390
1343	753
881	782
933	2277
2365	2460
639	70
869	870
2022	2060
1977	957
1312	639
2161	2160
2147	1955
1309	960
1220	544
2286	1830
1919	700
228	226
452	454
2399	1744
526	1458
2207	2078
517	214
979	1170
110	1350
1215	1016
2457	2427
1941	1222
440	743
1189	124
693	1246
699	77
1472	1399
214	84
53	649
2004	2007
1513	1512
345	1322
2122	1929
2487	2162
134	992
231	55
2422	2196
1823	1690
1181	565
1195	1424
989	992
83	223
73	75
2371	2129
162	410
2012	2002
929	932
852	213
139	390
986	339
1271	1363
1711	979
737	65
1771	1407
1585	671
8	456
2370	2181
1727	901
162	239
271	270
901	1167
1069	572
674	675
1067	1069
941	577
1336	516
267	269
2003	604
1866	2390
1065	1193
650	660
317	1083
834	1572
1238	1237
1705	806
1838	730
77	78
1688	166
1313	1316
1505	632
691	133
1332	299
1235	1237
128	129
423	139
1152	628
2483	2349
14	401
620	1955
1736	605
734	180
2429	2256
152	151
1967	1491
2488	2082
1588	1270
541	1772
2247	2302
810	789
984	784
227	1253
1198	580
1071	1357
2517	2178
329	631
2183	1945
106	1
658	1021
1135	538
747	92
2103	2102
1391	1548
1842	1258
2375	1837
1137	1409
813	237
1486	189
1253	1254
2447	1329
1748	833
1424	550
365	1883
649	218
1877	476
129	301
2080	2185
1837	2093
689	953
1604	2022
349	347
197	193
338	1442
1522	551
1626	1211
494	70
491	489
1917	707
675	897
1491	189
1618	38
383	1043
2073	2368
5	422
1446	1322
1077	442
2080	2201
412	531
407	891
224	1200
1587	557
662	665
779	173
1005	756
209	212
2373	2065
2489	1744
1092	2086
230	231
228	229
1659	973
2473	2066
1488	877
1639	1550
1580	1534
2410	2326
1254	1176
2337	2343
2276	933
725	1238
1856	2332
2204	2415
2462	2238
1959	678
1481	1673
2189	2479
78	317
1146	570
1193	166
1478	114
1814	1813
148	149
807	809
2458	1037
2365	2498
1807	164
123	741
547	549
20	860
853	143
1233	115
1942	2333
1929	2430
172	1251
978	1205
786	1048
204	436
657	656
1031	1037
1537	484
38	1268
2459	2022
226	229
1483	1984
799	1647
1120	1119
81	87
1233	818
1442	1097
1580	1588
465	1472
361	360
1039	775
345	1434
132	787
2091	2094
918	20
2138	2385
419	355
748	370
1440	1439
1183	38
350	353
545	464
952	884
508	509
806	973
2059	2062
2435	2271
280	1004
1455	1280
2536	2357
771	772
1831	1493
288	290
1717	1716
989	769
1467	1061
1740	1277
1769	762
380	1328
510	1398
2145	1796
2221	1936
921	263
792	1061
2437	2204
442	854
2271	2089
1063	2052
1225	1223
2310	2307
940	706
1260	1460
1017	1094
937	1944
2051	2486
170	180
174	237
2263	2134
2143	2221
2209	2423
352	271
438	431
405	1579
491	487
2466	1532
1741	805
144	1409
2149	2426
57	492
1122	1119
1185	1186
999	769
644	1054
1357	1071
1855	1167
1607	1966
991	492
1546	1443
1013	1012
1397	835
1347	1325
1503	308
763	762
1128	16
1824	1833
1324	1327
1266	383
184	16
2324	2147
2067	2093
1812	1552
501	982
435	732
2323	2196
2375	1734
1304	40
2014	2087
2189	2187
1495	405
2186	2189
1452	1455
2512	2513
2	328
1037	1038
1646	1657
2301	1943
1939	1847
1743	1910
206	964
987	445
1638	118
954	1689
2166	2164
2055	2448
445	988
1420	1421
1801	1800
412	890
265	260
445	217
2372	2151
1285	1294
2434	2093
155	734
509	508
790	66
2479	2267
82	81
955	798
75	521
2331	2408
582	946
391	1992
1197	592
1899	1680
2088	2038
2486	2053
1967	187
547	553
517	511
1100	707
548	832
450	1116
2164	1958
1100	1255
1507	925
1566	1407
910	1190
1857	1850
1274	1456
121	126
392	359
2293	1163
2400	386
832	836
630	736
315	877
303	631
1507	67
1285	600
1152	332
852	1162
2368	2149
2014	2314
290	288
1728	1719
460	174
1898	2329
753	1343
1622	1576
899	743
425	308
1153	1152
991	739
226	228
1136	1139
2210	2509
299	1457
2204	2431
2246	1899
818	456
726	368
107	42
31	1658
2375	2121
2164	1597
15	14
1488	998
133	560
2350	2223
1406	596
1492	259
2048	795
2352	1400
125	1284
1535	857
2091	2092
1892	1893
2354	2181
809	410
469	1873
229	55
478	128
991	992
1523	257
224	80
1877	54
2247	2268
522	102
1128	1611
2267	2177
1598	1116
1028	172
324	323
539	541
1607	1258
23	22
1396	1394
211	1598
1579	817
296	725
2084	1037
1409	144
356	1212
1769	840
890	412
792	1124
1196	67
2388	2189
2492	2303
2447	1735
1480	162
252	585
272	173
1880	665
1221	1255
2164	2166
1459	926
841	843
531	746
1096	298
552	1455
1376	78
304	484
2403	2460
373	372
1777	1257
1839	366
2081	1597
2029	2034
344	16
10	16
381	446
1917	574
1287	384
1753	1409
2125	2061
2326	2414
2039	2374
799	954
2179	2275
1654	203
1651	947
2328	1037
259	254
1817	1178
2049	2122
238	163
2012	2095
1264	127
233	108
959	268
1297	1162
2201	2078
1898	2115
1051	998
34	39
277	533
1374	1375
1974	974
2152	2046
1767	1024
848	1135
238	241
1285	772
572	1174
491	717
2011	2146
1203	1754
158	321
2089	42
659	1275
2374	2040
1372	965
561	1043
609	727
2298	2008
1122	1303
1288	1125
391	1991
1685	774
2487	2427
2032	2275
256	1207
2181	2184
1500	261
2352	2353
1495	403
164	157
1393	1047
733	1021
168	218
257	606
2009	2003
1699	158
2022	1652
788	672
1991	303
1364	802
2269	2038
1229	597
1282	1459
1568	1607
1718	963
1275	1769
2507	2087
1065	1686
1181	503
2106	2085
889	890
985	621
2420	2402
1113	833
1376	1378
1937	1938
852	210
1796	2319
1073	899
494	931
86	80
1040	809
1819	1897
1225	1224
2226	2199
799	1217
816	1928
155	1266
1913	1210
156	162
507	510
1985	2288
768	1397
866	868
1155	1298
363	434
2376	2052
206	496
597	740
1142	1528
2217	2064
281	141
2088	2039
2390	2523
783	438
521	1562
871	1560
2534	2036
2344	2466
1771	1773
1484	1122
2045	2529
225	224
2181	2185
905	900
173	161
1629	714
775	417
1936	2231
619	1109
50	1356
1314	261
1630	257
1196	1952
1033	1231
309	799
1942	1856
1241	1021
1701	1702
2474	2131
2229	2078
607	101
1805	674
1189	462
2480	1533
247	337
1087	479
282	283
1028	477
543	993
1135	551
1879	1886
1211	826
1791	1793
2061	2126
1742	444
1433	1695
1478	432
2287	1899
116	117
891	848
269	602
883	886
2101	2102
2138	2364
1002	1006
1609	1610
1192	746
1017	1097
858	1731
1123	1125
2263	2225
2115	2117
2320	2295
2185	2176
1044	999
1734	1737
2425	2423
1176	473
1737	1735
905	1053
239	577
1163	2185
571	551
1523	832
419	420
1005	901
285	519
1170	979
131	305
279	706
1753	1272
1675	1345
1119	1121
2046	2210
313	318
807	548
431	433
390	285
31	402
1768	761
2381	2256
1429	839
1199	390
401	817
1584	1098
1704	440
1354	216
2152	2154
909	1011
829	59
127	1270
1310	196
1782	734
2181	2182
2293	2117
2490	2535
582	410
974	1146
264	921
1027	1454
1490	998
641	637
2178	1911
111	314
1366	824
2014	2083
834	1660
171	1193
219	81
620	835
1677	607
1423	645
187	924
1171	205
1953	1684
416	418
355	419
274	417
1436	1440
1036	807
714	712
1545	1543
2040	2235
1794	245
1263	1260
1538	1541
1418	856
2348	1985
2330	2172
1523	930
572	964
1699	591
150	33
1854	832
1512	357
598	1298
2286	2287
1417	1419
166	168
2156	2164
1472	309
2090	2102
559	608
335	341
404	249
108	233
876	233
1058	59
1961	1709
276	275
1308	433
2083	2088
1768	403
1596	1598
1347	1744
2159	687
1172	417
104	450
751	1377
417	167
1980	2164
847	645
1278	1173
710	711
2410	2205
886	1658
758	1025
536	960
480	485
2500	913
1060	992
117	896
1634	1632
43	233
958	127
1692	1135
494	835
279	1074
713	1907
1501	1178
1616	1522
871	873
1466	1911
624	241
495	678
461	237
763	1069
1665	1577
1903	2176
1721	1720
157	390
2006	2457
1848	861
1269	869
1896	1378
327	692
1886	1355
285	578
2295	2320
686	132
327	1296
2242	1890
2215	2289
905	1914
2101	2009
2376	2169
886	166
1735	1734
541	539
1598	1304
1814	1621
1523	604
1394	1476
1804	82
199	207
1252	1251
181	98
1451	180
1699	848
185	189
10	14
888	867
1559	406
997	134
974	520
1037	2089
907	1382
2109	1796
619	494
1108	131
1934	2305
1936	2169
1004	682
488	1218
2157	2416
1430	690
2159	2311
962	963
833	294
1349	1232
907	1303
258	1565
660	1804
1878	1392
10	15
1463	1462
279	1101
304	1098
182	1487
373	375
595	321
795	2088
377	378
1429	969
2027	1958
2097	2333
121	125
1128	1445
989	990
1288	1290
1169	659
2465	2475
1416	124
1693	1261
1330	2344
1967	925
1630	644
1127	1549
1889	431
1769	1275
1262	1261
39	38
892	326
2310	2308
2374	2259
565	265
2524	2517
392	395
1311	1154
284	471
1095	1060
1781	44
1020	42
1954	2368
1179	951
194	52
283	43
1757	1571
796	798
1609	144
2364	2240
1536	1537
2243	1754
1937	900
2194	2221
553	691
1294	621
538	539
97	1609
499	1265
495	835
1343	575
1541	352
619	1182
637	639
2076	2301
2303	2335
1137	1482
1940	111
2145	2484
3	108
2410	1938
1831	1824
2432	2307
2227	2245
1575	1574
55	230
1114	560
833	299
1779	1780
614	1655
1517	1097
2077	2079
389	139
1985	2085
1443	1546
689	1481
65	678
235	232
532	533
2428	2120
917	145
320	770
1810	1316
1519	346
250	136
2414	2107
594	590
2263	2075
827	1090
1894	1652
806	7
1018	1239
1452	243
471	529
357	983
1650	1227
1823	1825
2426	68
591	1145
2528	1691
892	804
1370	1570
634	1908
1078	1284
1221	1256
41	45
343	1229
1793	1791
1911	2089
1154	1805
1985	2087
84	80
1541	361
125	127
1365	904
1799	1122
2177	2030
1695	1320
383	685
2274	2414
972	932
218	168
1450	285
1839	1528
1694	549
1327	1898
410	1138
1048	714
243	320
919	274
592	770
2275	2032
1692	872
1484	1642
1146	775
526	926
435	431
22	1613
1243	1372
2416	2063
1612	1108
2393	2395
2120	1982
1768	513
2470	2143
1264	499
1107	1349
1060	1063
2372	2038
969	1816
1193	171
1838	1088
874	1685
705	708
622	82
453	703
2470	2122
178	1705
305	1637
795	2314
2175	2177
1522	428
2327	2151
2	0
521	778
1174	1980
431	438
782	62
798	956
1814	1341
812	129
1697	1282
938	940
802	805
392	166
2148	1955
2274	2084
1429	151
428	1710
922	836
40	1304
1032	1036
146	606
1258	1032
446	381
1932	1439
1735	1952
1468	1469
442	1256
1999	1461
906	1028
813	816
2097	2014
86	84
428	1173
539	1431
602	135
556	1097
2007	2236
49	51
383	1891
1352	954
196	195
2352	2292
560	1378
1296	672
1274	161
2357	2208
1286	762
2130	2131
308	750
2439	2411
985	604
50	762
1240	276
387	389
91	565
1181	663
1139	1222
408	411
1051	606
2468	2507
2281	2283
1694	567
2381	2465
578	440
1138	1669
676	628
2384	1532
1573	242
322	770
2119	2126
763	761
349	354
709	686
2313	2205
789	687
198	143
2497	2344
1516	378
118	1638
386	388
2226	2197
2052	2020
1017	1016
649	632
1613	299
774	1643
759	1516
811	252
2202	2371
33	552
2201	2282
369	367
1090	1408
208	410
833	832
848	847
157	590
213	611
85	83
2388	2226
2156	1958
128	130
412	889
1210	982
574	1039
1153	1587
1421	873
537	808
667	197
2429	2039
1697	102
1357	1067
812	327
858	1081
1911	1063
1955	2324
146	66
2382	2142
1077	1255
111	109
2357	2180
725	1162
2427	2073
450	607
1440	912
2080	2176
481	1426
1210	1860
1135	1372
335	340
1557	265
2325	2072
161	593
1341	178
1026	584
1389	288
1433	539
209	210
1093	2301
134	792
807	810
908	22
1699	417
2467	2090
787	673
1002	1004
1712	389
1964	1125
448	1333
663	257
2017	2026
2341	2342
2264	2261
1594	386
1360	1915
2261	2315
1957	2117
165	1023
785	787
2259	1955
2347	2349
2246	2436
339	257
158	161
347	256
774	1273
124	1484
1265	1317
1959	64
1182	790
1186	1185
897	898
503	755
2059	2060
1453	1626
948	17
1069	431
1484	124
1579	251
1221	1479
1057	1378
2229	2033
1647	589
1851	290
32	1656
634	1737
748	749
433	1471
2296	794
1434	1128
1033	1035
751	1056
629	735
1840	1652
1996	1295
1152	1153
637	641
1604	2168
182	1580
1168	1169
1332	411
251	395
708	379
351	173
715	716
837	549
832	835
852	189
2038	2088
569	1451
1716	1515
1280	1031
1274	593
2290	1744
1243	1461
1613	597
364	1515
707	208
1768	1452
1922	1153
571	1705
836	985
2347	2348
196	929
1231	1659
426	429
1145	239
231	506
228	790
262	614
1168	484
454	515
246	735
1973	1994
2147	2000
2013	1936
1651	609
1211	779
383	1266
2292	1092
1329	2335
1094	1096
968	1009
1133	1722
1046	750
2173	2180
1975	1370
565	1015
1372	529
937	1025
776	658
2401	2402
1268	1183
1568	448
71	70
354	344
1582	1584
2162	2318
611	210
1622	1341
1039	244
2527	592
1977	1285
102	227
660	1475
824	1354
203	1730
1656	1982
1890	2488
2292	2282
2126	2249
1458	1254
1306	823
814	421
1126	900
1249	1390
177	1534
934	937
1967	596
1460	625
67	66
990	1092
623	626
2438	2304
2504	1938
1824	1831
2081	2096
1363	802
1341	1814
2350	2158
414	94
1237	1236
1114	75
1742	268
642	648
1807	1382
1021	1179
436	280
445	792
585	928
1497	1498
2459	2135
2048	2047
770	857
1449	1204
204	1171
2235	2151
34	36
1340	178
1798	1494
625	624
1475	87
1176	865
25	33
1700	235
1599	1449
1690	1394
119	1814
1216	410
1508	952
1241	1135
662	494
528	444
793	2126
728	730
1377	1477
779	593
998	1125
1217	439
111	313
1073	240
1844	1543
2068	2463
2418	2402
1282	527
1053	1287
1357	244
713	1183
1645	680
1775	2014
1067	436
2126	1322
2403	2459
1546	8
814	849
1818	1133
1033	566
2067	2082
1123	1124
1961	1014
25	32
2206	2284
225	173
302	1637
1179	202
2053	2180
1015	1012
224	180
2058	2376
2371	2082
795	2052
147	618
2363	2096
399	400
2167	2283
1655	614
2093	2094
2086	1744
1786	1612
278	281
130	131
77	992
223	652
513	820
2517	2173
1338	986
1115	1204
1561	1563
2489	2180
1297	1909
1808	303
238	244
1331	2266
1014	1745
1090	1960
1073	1449
1704	441
749	546
959	1022
689	353
2481	2472
1658	148
1096	621
907	769
414	411
1451	700
33	149
2093	2095
938	208
136	228
1378	1896
2155	2157
560	1829
1098	132
603	166
1537	1168
766	836
1448	438
285	926
1668	1390
487	489
1829	1118
792	1095
2535	1992
117	897
726	1000
1942	2305
317	739
1249	100
785	788
2485	2415
363	1882
1639	936
2173	2080
1451	1229
1943	2012
2247	2465
1733	1049
1063	2283
1078	367
302	711
1576	904
2232	1092
139	384
572	347
898	675
2198	2199
1114	111
1562	492
1856	1950
1574	1575
487	44
1967	189
37	1455
1358	1360
599	1368
1101	1099
1276	1100
2098	2081
472	968
807	808
1793	105
1462	1061
86	55
62	54
1720	1721
529	160
1160	1098
1566	1565
134	1060
1446	345
1436	1379
1051	21
565	527
2444	2337
1888	758
1442	1668
1965	2065
2219	2221
2047	2050
120	1690
1087	1090
1753	1754
857	770
2168	2041
379	600
433	431
2384	2081
2531	2072
1300	1724
780	963
2491	2354
1714	16
1641	1927
1348	981
176	179
1689	429
2195	2179
1651	603
1170	222
1707	1064
1791	185
2229	2256
2205	2177
2254	2077
20	918
1425	1278
1272	224
825	1296
2266	2268
29	1571
329	1787
1567	1341
1675	791
244	1204
2141	2139
1256	165
2060	1755
256	349
2374	2085
561	1676
1793	517
1633	782
2521	2027
1136	33
859	1052
1495	979
2193	2149
1711	362
2244	170
75	692
2010	1492
986	1115
1460	782
2099	682
312	1786
1902	901
2095	2222
481	480
212	550
570	481
1877	1015
1080	615
2095	2093
430	426
1137	196
1234	1233
159	162
1566	543
459	462
688	690
1753	1756
791	838
221	1673
2490	2485
214	451
1721	426
1530	707
1482	1707
2381	2304
1182	1034
2068	2377
2207	2208
551	1135
1593	374
1053	930
154	1143
178	516
43	400
567	571
1685	361
1591	1634
660	1107
1376	609
1353	216
2514	2282
92	694
1255	442
422	424
1463	1749
1056	751
2301	1092
133	691
1387	4
257	413
2395	2198
103	227
320	322
1755	336
522	417
341	1613
796	452
1052	222
1002	1005
248	253
196	662
99	742
1320	214
1769	835
1205	46
461	703
1152	330
2378	2210
2378	2027
468	469
187	1491
1663	1609
1509	583
1848	438
570	265
1580	194
2377	1322
2145	2461
2292	2077
68	63
652	223
740	1397
2270	2091
1569	78
809	1253
1753	1203
2500	1811
646	66
177	1341
353	1482
2238	2502
516	940
739	1731
1698	738
672	861
1145	232
2006	1532
2211	2290
347	270
1588	135
1250	1913
762	1398
2207	2422
775	1101
149	359
2394	2508
279	1040
1952	2059
171	508
243	1452
2205	2127
237	230
2393	2154
2315	795
1006	1720
2083	2086
1447	656
948	682
1257	422
2384	2235
2146	2147
1789	1742
2245	2252
204	199
1796	1830
721	2475
366	690
1545	1281
726	560
2435	2107
1079	49
594	592
2179	2036
1371	2099
805	701
749	1196
1672	1246
1341	700
1339	1293
112	115
740	987
0	4
464	1472
1687	1688
2131	2045
1096	1097
2492	2176
1518	346
967	971
2120	2418
642	647
1917	14
1482	353
1022	321
1263	1832
1868	528
650	661
2229	2032
923	66
226	227
1062	2184
781	782
907	824
1143	1141
1456	593
516	587
935	859
1417	718
1267	227
1179	285
1551	48
862	861
1782	219
1139	1993
1353	1354
229	1199
1667	1567
428	1277
2315	741
2282	2147
681	1099
927	899
182	137
1524	1525
1986	1987
1197	271
1656	2260
1806	1039
2502	177
1277	95
2014	2013
1955	2089
1923	1731
880	1066
179	175
2401	2122
601	67
8	1233
1039	1041
1301	453
2401	2403
2474	2393
2420	2387
2289	2286
859	348
390	229
210	610
2030	2356
555	1345
1778	1602
1058	225
274	1971
1245	1105
1422	113
2297	2213
1217	161
2040	2055
1659	1229
2038	2234
1283	1285
23	1319
2044	2132
460	186
2005	2434
1982	2291
1459	1458
832	833
315	1407
810	597
1058	223
2403	2328
1015	543
1578	1577
2018	2345
2105	2235
184	142
932	195
335	337
1725	703
2021	194
1624	123
441	43
175	182
804	694
2202	2012
2137	2240
612	1368
2406	2188
1183	1361
880	1065
1668	1137
2371	2077
354	345
926	1454
2036	2268
2335	1329
1014	447
34	37
714	690
1074	928
2349	2483
2274	1037
2447	1734
1777	1154
2052	2377
739	1219
1490	1949
1242	880
282	43
1472	1474
232	237
1226	1227
572	1172
1331	2415
15	1518
1033	1031
1408	1631
2293	1744
935	934
1799	742
685	980
241	857
147	931
1725	493
332	334
1144	703
1759	1760
1220	479
643	848
841	844
1148	895
1886	2146
289	203
227	159
297	299
2413	2366
2190	2173
1065	509
2449	2450
244	1109
373	376
762	507
2371	1837
1282	1697
1188	1187
423	387
1705	1135
34	38
622	623
2521	1163
108	1138
1494	1797
644	1055
2350	2351
2109	2361
268	1983
1163	2001
2299	2209
908	192
2398	2123
1832	1105
1038	2148
2324	1837
1806	1924
701	1200
1312	109
812	305
1300	614
2399	2159
2004	1998
2381	2378
2197	2381
1110	1524
2290	2127
992	739
298	1496
340	1554
2347	2112
2429	2149
1734	1735
1730	1729
1511	1513
1057	77
1436	1438
307	309
1284	1025
1818	1640
67	596
1512	1513
161	548
730	20
244	208
930	679
448	196
1406	70
546	1397
338	335
1263	879
850	187
1931	749
14	426
1042	246
1377	609
2002	1998
601	371
1248	1249
2053	2458
1649	1167
2271	1954
782	881
131	1108
1357	778
2218	2233
2101	2103
1399	465
1564	215
2522	2453
1461	456
664	667
423	389
996	1011
2150	2105
1798	1277
2391	1957
592	590
659	829
184	1541
644	909
2535	2205
2203	2206
1061	1095
104	877
1521	1078
1749	800
21	1799
2488	2080
680	200
740	1613
1565	268
176	137
2211	2033
537	534
153	137
1920	1674
522	1497
1468	645
1865	274
2474	2183
337	247
579	530
937	1016
85	220
961	303
1890	2164
501	482
316	1548
1186	172
1961	1745
569	457
418	1022
1666	174
2018	2114
2311	2159
788	1264
1536	1367
2518	414
2205	2129
552	779
741	607
227	928
2302	1965
706	707
1291	123
401	1194
1012	1018
1535	1446
2493	2494
871	872
1310	75
1391	1390
1248	41
1390	446
357	420
118	1636
443	577
2348	2110
941	938
1705	1917
1980	1249
250	253
842	757
357	289
625	626
2396	2477
92	397
804	1233
135	1776
776	240
216	1118
1898	2113
2123	1286
2201	2079
1613	604
483	260
1782	59
2525	2068
1297	819
448	665
1164	129
2398	1944
2329	2149
1346	380
967	663
497	500
803	1379
1938	2015
1772	1053
563	927
1802	1803
647	273
542	544
207	288
2239	2162
876	1138
979	1612
739	992
1515	845
1943	2373
1078	1906
992	1095
371	295
950	803
2206	2352
534	533
1353	77
354	1449
1547	1510
503	662
151	148
1090	40
793	1936
634	636
1916	115
697	802
2160	2162
1525	1524
64	145
198	276
795	2038
576	585
766	1470
1845	40
987	620
148	152
1240	275
1762	1763
746	1219
479	771
224	56
94	1279
2162	2160
1766	531
135	602
2012	2128
299	617
2097	2246
2528	2142
2362	2082
733	1449
1957	2268
2200	2182
1309	303
2386	2401
88	92
1313	1315
2167	1604
2215	2010
1623	1624
1274	843
207	201
2044	2043
711	302
2523	2369
665	22
56	1107
1836	943
2014	2167
532	300
1111	667
104	1124
2527	2233
1823	414
411	408
2232	2407
1962	308
2321	2266
868	766
885	883
2330	2193
1898	2288
548	549
1975	1120
1561	521
681	1070
1267	98
953	328
938	947
2288	2289
617	618
1673	1481
2361	1899
735	736
1186	588
667	494
2185	2282
1743	120
2110	2106
1832	822
1892	1201
2159	1507
1023	321
1699	1700
444	448
2438	953
1196	68
2066	2065
279	574
1408	205
877	247
2292	2417
743	1497
2134	2055
2133	2451
292	294
772	66
2271	2435
447	1014
1360	867
510	424
2488	2184
2462	2059
237	1144
1130	1568
1189	1187
2426	2149
1556	1901
2346	1790
984	783
193	1350
1538	1403
708	206
108	422
540	1403
33	359
910	906
1596	1093
404	403
1998	2002
424	507
945	451
2410	2418
2235	2106
1672	1477
48	1551
2105	2084
2303	2171
387	423
1	87
225	223
171	166
319	186
1510	326
1406	123
2022	1735
2499	2299
812	302
2230	2060
333	555
2057	2058
1187	1191
1802	16
224	734
1844	1389
2198	2354
1939	9
686	239
687	792
1743	1911
1883	1018
2197	2313
2267	2036
207	431
2509	2379
819	691
1799	1568
2341	2309
1441	967
686	743
1677	386
2066	2411
1224	1030
1889	1514
1213	1081
1687	823
460	459
169	170
1423	1425
2105	2055
402	407
1099	1458
954	1352
2245	2251
1410	1411
2409	2419
1923	1850
2394	2045
1263	1259
1936	2038
2400	402
2380	2378
1386	1384
1052	857
240	239
1264	900
2176	2201
268	959
2284	2185
2085	2055
2427	2039
698	694
522	43
866	367
52	221
1032	432
617	619
334	843
1455	1345
1770	690
1540	1538
401	15
1172	161
1513	214
810	1196
2370	2175
1329	2447
994	1027
835	1644
1070	169
2118	2120
925	596
1131	2180
1431	36
991	445
1476	1477
2024	2171
1708	1493
2060	1999
2383	1950
1752	1229
2409	2115
2166	1091
1375	1604
2340	2309
2148	1038
1942	2002
9	2074
1282	1498
2196	2189
506	1692
2012	2222
1048	205
1424	1900
618	620
2376	2377
886	1765
1553	1554
2271	2201
471	470
1883	93
2221	2271
1199	1147
1389	891
1761	1652
1447	1102
958	959
809	432
536	77
134	985
926	928
1240	778
263	260
729	730
363	207
2087	2327
367	369
1849	1848
2200	2380
740	217
1081	1218
1759	33
2376	2127
652	225
96	84
407	513
1342	575
520	574
763	424
140	717
1166	689
1481	1482
1284	287
2414	2326
830	1229
1076	1078
1741	1323
192	907
1351	411
168	180
2165	1728
381	259
680	687
1743	1325
567	569
1793	98
315	1137
1216	1215
1096	255
2104	2107
2355	2358
781	352
718	719
761	762
2247	1899
2220	2128
1166	1315
1210	1160
1391	340
1080	51
1005	255
982	483
1239	1018
1909	1882
1920	1918
579	594
834	612
31	33
2387	2280
1032	1258
1559	1158
1270	1588
1035	1031
1323	805
1571	140
558	371
1157	546
2378	2421
661	85
915	563
617	495
978	1706
738	739
1812	142
1375	1374
1259	1261
2172	2306
1550	1244
1046	1951
659	59
299	1118
377	257
344	348
2199	2188
1572	1698
218	87
315	1408
2103	2090
232	235
472	94
2433	2437
1637	936
956	1487
856	260
34	40
2055	2235
140	1571
1355	440
1083	1144
77	318
2468	2088
1695	1319
1116	338
2380	2210
2149	2058
2024	2172
1022	164
2487	2241
618	1320
28	827
2200	2183
1888	1927
1361	1355
1510	712
1493	325
2435	2093
2315	2185
2021	1271
1434	1320
1212	1510
1132	1133
2287	2075
899	98
1270	1835
2104	2106
1491	187
940	574
2193	2233
2074	2094
1505	1430
91	566
1086	311
559	1338
921	856
153	148
939	410
2323	2315
492	494
714	711
1668	125
1247	796
1959	494
2064	2036
802	32
1060	792
854	1295
61	1665
781	100
2283	2087
127	1668
208	706
2255	2015
1042	1044
2455	2456
150	357
2202	2093
845	1137
1104	1109
1193	1194
2250	2130
1525	496
717	1634
1654	672
1886	777
2518	408
439	443
1247	632
1426	1099
392	50
1069	102
2078	2201
389	1224
2079	1957
1706	978
1954	2293
322	1023
423	388
2440	2442
2281	2211
2327	2039
620	666
1911	2459
2260	2010
2065	2078
1886	319
2269	2104
293	546
2373	1093
1786	714
1252	840
1259	1263
705	105
1114	1117
1854	445
147	620
96	97
781	784
594	164
1659	1231
1169	979
1414	1526
703	1144
583	586
1596	211
663	1196
1535	42
554	1208
334	418
2188	2196
1677	999
349	16
886	1266
1360	1358
205	199
350	344
1452	1204
968	1295
2538	2154
32	25
1141	1142
508	432
1750	1489
1826	1828
2275	2276
281	278
395	405
1016	1017
80	82
1633	208
1851	617
1697	1039
2052	2220
2462	2062
692	673
841	845
1955	2084
384	1287
68	596
1044	1337
575	424
230	233
1159	1404
2534	2183
97	96
865	1176
433	1308
1084	1798
1908	1632
555	1279
499	1266
2056	2054
2493	2496
2173	2174
1950	1856
1456	843
2013	1903
1168	827
1697	743
391	194
1841	1249
2067	1728
687	997
352	572
1052	776
1273	484
280	938
1299	1221
953	461
2136	2060
2231	910
821	819
192	909
504	1379
887	766
1410	804
1589	602
295	1488
576	583
2286	1899
570	260
743	102
1565	999
1077	1221
1711	1918
2054	2056
1431	1433
1836	951
1727	1642
2324	2125
1224	1223
2041	2343
838	791
1137	1313
486	491
959	269
1015	1017
2506	2466
1897	552
1532	2319
2045	1563
817	692
1466	2283
592	399
1684	1683
1055	1698
1362	1147
650	651
1885	531
2511	2090
157	1199
2161	2010
1637	673
1055	1011
2107	2435
2268	2473
626	625
2031	2029
363	437
1766	419
1642	1843
1293	337
1083	161
1742	542
1202	719
2500	638
636	631
640	637
77	536
483	264
1171	1175
1058	652
1848	1031
1604	2167
1220	123
2366	2131
223	1175
522	173
401	344
2101	438
2464	2465
2154	2027
1095	1344
772	65
765	922
894	804
1647	1218
1511	1514
313	315
2214	1954
607	987
536	290
1326	617
250	1064
900	902
772	741
64	71
749	678
1630	606
168	822
11	10
2352	2077
2372	2041
1856	1642
381	1206
129	302
951	1451
2299	2304
128	134
2466	2467
1465	1841
338	1332
1404	1405
1899	1371
2114	2348
676	1310
60	626
1616	869
1544	524
708	1171
754	258
1568	1608
1791	282
1173	1277
913	453
2071	1981
2039	2037
578	242
2302	2323
1006	100
2375	2093
595	71
921	499
556	1291
1543	1544
2507	1532
2353	2421
2324	2089
402	141
404	1658
138	247
1513	529
497	498
1810	2073
193	802
1880	639
691	347
2431	1652
476	1135
1574	1044
879	1461
864	43
420	355
1411	1527
1141	114
160	1219
1310	318
1002	1003
1355	2093
2077	2078
1498	279
913	1977
162	580
1909	575
2187	2152
1187	746
605	1350
1704	93
2261	2260
2488	2254
2	1257
21	24
1658	886
606	217
1733	1734
1718	357
173	166
2415	2320
1445	113
1105	1108
357	951
216	1117
347	344
994	543
252	578
1547	318
2209	2254
1261	1693
517	388
19	836
692	305
531	471
510	219
295	371
495	790
1567	1568
950	682
1026	1817
261	1501
2089	2148
1675	514
215	167
2381	2183
2344	2270
216	217
517	1707
941	410
2484	1987
2077	2080
2369	2370
1980	1979
714	1786
741	605
311	1086
816	1729
73	77
511	512
1418	1290
273	271
1365	1367
861	1158
443	1355
1444	2435
2089	2271
962	646
1103	1105
1497	1075
2021	1992
566	1033
1319	1696
926	1458
2260	2065
2082	2352
2215	1939
382	214
691	256
1093	2373
2012	2093
1849	2438
1646	732
1156	340
2085	2038
1024	1675
580	577
1831	826
148	150
2230	1795
1568	687
1247	869
2212	2213
437	1752
44	41
521	1561
343	1350
65	63
2037	2041
1658	132
2270	2040
1669	95
323	178
164	1022
352	1230
2349	2347
1253	584
1005	779
797	953
2517	2355
1681	844
132	148
566	321
1750	67
1712	1502
2397	2443
2143	2168
2187	2196
460	702
1039	159
2375	2391
1455	159
358	184
2159	2320
1348	1020
199	203
701	697
775	235
436	281
384	281
316	313
2320	1335
597	877
134	739
372	376
1312	111
1197	1200
2178	2317
652	83
1992	2065
1229	1230
554	1209
2303	2164
173	271
693	62
2303	2336
2107	2219
1376	1377
1726	1502
45	41
819	303
1014	415
827	28
1143	838
2517	2282
1656	2346
1410	1271
2087	2086
2340	2342
160	156
2415	2222
1221	1077
2437	2433
1410	336
45	787
1129	1065
204	202
1542	68
1132	1
2175	2203
1058	1059
2538	2053
625	623
1016	1739
1919	1484
693	1105
869	871
417	522
2039	2327
1659	1102
1706	894
178	949
875	733
2451	1903
938	942
2171	2436
2216	2217
2132	2200
2434	2003
643	891
2483	1775
1324	1328
1672	1972
383	797
370	866
799	515
377	380
716	844
1755	1687
13	1274
1336	1732
1265	1733
2135	2049
948	949
1175	476
906	910
1399	463
1567	1570
2371	2147
1324	1330
1197	474
1502	1726
1415	158
1122	1484
1336	1573
1138	4
1371	1899
906	1303
1475	56
1300	1299
1974	1631
352	962
82	1214
2040	2104
214	220
2538	2428
676	557
249	1579
346	1519
573	405
1004	893
1634	394
647	643
2524	1890
863	531
2281	2285
1202	290
1752	1659
170	593
706	941
1607	458
2115	2089
2461	258
258	1566
925	189
1088	1435
2214	2000
2108	2109
2009	2159
281	1631
2235	2040
2132	2043
1249	1981
62	1972
743	1454
2340	2188
786	1583
533	806
1660	612
29	845
339	604
1327	1738
2032	2065
930	604
1178	1180
486	490
1213	1218
2276	1957
1407	1565
1897	553
235	233
1267	240
1276	1256
2147	2324
2250	2132
81	876
2483	2212
2274	2040
1376	382
2029	2030
42	241
86	82
1477	1672
139	385
613	614
2113	2110
1355	1221
1146	1700
537	19
756	757
1207	223
494	147
429	1815
1941	1341
2397	1886
1278	141
444	449
1494	694
208	577
1854	1095
976	978
2343	2038
2501	2140
919	1025
2013	429
2528	2387
85	347
1212	356
1429	148
978	1021
1504	1059
280	563
925	836
1024	1440
314	130
1647	1731
1563	1247
1060	1062
1452	779
2145	1830
2385	2381
1686	1177
2001	2086
2451	2293
1025	462
994	1113
1430	1887
2294	2188
969	1189
395	1502
1932	37
405	141
673	690
321	320
1931	915
782	879
1198	776
2307	2153
200	288
2531	2151
764	769
2071	2512
721	2465
1903	2205
558	1165
492	63
185	188
2439	2275
481	485
106	108
738	1123
405	403
1092	2093
222	225
1890	2242
319	321
1802	432
424	509
2360	2304
1564	1122
1929	1930
1302	528
884	158
1077	439
1075	252
1413	466
582	581
130	300
1888	734
639	1810
1453	1452
1038	1037
968	66
2057	2013
1427	1428
1399	1089
1519	1518
906	1024
469	1401
2150	2055
734	215
941	208
306	307
2332	1907
525	922
2067	2094
1304	505
1774	360
1083	1150
1719	836
2100	1371
2239	2236
1311	1587
213	852
1979	1981
1111	664
1541	1403
1356	1524
1571	1572
2033	2233
1428	1427
1276	1496
1285	66
1478	700
649	654
2378	2380
1357	239
109	111
2116	2325
1560	342
2400	390
2517	2177
1585	206
688	302
1404	1269
1018	1015
709	382
851	1000
707	577
1334	1327
135	128
1103	1109
710	690
1685	1247
2208	2357
1945	937
389	1594
0	2
1074	279
1957	2258
211	1474
440	443
1642	1855
1913	515
697	1271
900	905
1927	1641
2482	2372
230	237
322	320
2183	2305
65	679
2021	2022
985	1011
63	70
981	1028
2351	2110
1321	968
656	657
2396	2130
43	590
1170	1612
2325	2213
1969	1950
2491	2189
648	847
45	418
1310	111
1446	609
482	261
837	838
2129	2202
1514	57
1740	572
103	522
2039	2055
793	2129
244	1230
1127	1550
2140	1999
290	730
1839	151
2	233
2425	2078
1850	93
2124	2093
1135	1241
2030	2415
2235	2038
234	235
2056	2057
882	1635
2160	2161
783	781
444	268
92	777
2514	2163
108	236
274	1725
725	1642
2120	1938
2177	2523
225	218
1898	2264
85	1475
1442	1667
28	825
1885	771
2375	2067
2004	2005
473	346
1228	1772
1936	620
1381	802
327	673
4	108
1661	1662
2314	2270
948	16
1023	703
1836	266
620	931
22	299
2079	2300
680	681
1695	203
1309	750
2236	2231
1514	686
725	1334
790	1034
2253	2245
1660	768
2510	2517
2133	2293
1476	1445
337	1292
746	1187
1436	504
811	1099
959	444
2270	2104
817	819
2180	2173
111	1391
965	966
1931	64
2112	2114
965	112
850	385
2003	2222
300	537
2203	1903
119	116
1800	188
1655	1730
235	237
1784	751
217	987
1069	780
2401	1939
1413	660
673	936
1759	1185
475	46
2470	2469
88	94
193	379
193	694
1363	1410
761	760
925	679
2451	2077
2190	2517
164	1199
2479	2208
702	237
1397	67
2429	2440
879	1691
476	493
2261	2065
2038	2151
1759	357
110	930
1880	1598
135	808
2187	2199
2155	1958
924	765
1286	952
195	190
1339	492
43	282
1170	1169
132	1348
313	111
2504	2139
1445	1128
1612	329
605	604
634	1760
161	158
2154	2381
1296	673
2281	2174
1802	1271
745	1387
250	14
534	300
2269	2235
2004	2006
1698	1053
1290	1532
2232	2406
2143	2084
1387	108
1276	1275
619	1115
400	61
2057	2037
2118	2123
2367	2113
2517	1131
1684	995
1484	1738
1405	1521
1975	1008
2248	2249
1079	1080
1475	85
2293	2300
931	600
2194	2022
2332	1163
2379	2210
369	371
2065	2066
2339	2382
2147	2371
2215	2110
964	136
795	2315
987	1644
11	12
1331	2399
2422	2019
1516	1167
155	101
1045	971
998	123
1258	763
1672	1410
414	409
1227	1830
1675	1341
43	1256
1907	2476
210	595
108	1387
2454	2053
2106	2038
1759	817
876	410
592	594
1969	1495
2007	2160
1795	1744
2134	2263
2098	2096
2269	2151
402	404
1361	442
822	1398
917	1011
2149	2500
1451	438
707	1100
1722	514
1719	851
1	83
850	189
243	577
592	164
2469	2168
2266	2320
77	607
1691	1460
256	220
1600	1601
850	852
2030	2445
1885	808
14	10
1863	203
892	548
131	711
2187	2197
1363	1254
65	68
2158	2222
1810	2076
446	448
2039	2085
856	919
1859	233
481	570
1254	584
1599	1985
464	307
1245	1108
360	362
2230	2123
2265	2036
1547	1671
2300	2301
436	1342
957	575
1899	1492
2403	2260
551	547
2344	1936
244	1357
247	340
1910	555
1755	1867
2028	1174
2459	2147
1382	907
861	1166
2408	2452
774	336
517	251
200	289
2058	2038
2257	2399
701	7
101	794
654	700
2016	2019
1549	1127
992	1060
600	646
1160	819
1064	980
429	426
24	18
1876	1004
1509	1551
2408	2394
1441	1045
630	627
957	1135
25	27
2523	2357
2422	2299
454	12
1094	1016
1584	1583
645	1277
1248	1118
1064	438
1916	963
2127	1756
1879	254
1407	1496
316	77
607	281
2533	1958
2010	2215
2244	843
447	1745
1789	1334
2370	2313
837	825
135	1750
987	835
701	694
1735	1461
1115	619
28	330
1187	1192
2201	2195
1035	14
36	1433
1591	491
2091	621
1709	1184
1615	1135
951	972
507	509
2123	69
1107	660
1991	77
374	993
1679	1681
348	346
621	617
869	873
779	1452
2016	1985
1195	1278
2443	1886
78	1931
910	679
2041	2037
1676	1677
1739	1016
570	1551
2330	2331
778	1071
1757	148
2087	2274
1974	281
2018	2344
591	1146
690	140
208	940
914	596
395	250
2219	2093
168	82
730	719
1717	432
805	1362
990	771
1368	598
163	1452
1517	1316
834	1869
400	895
924	70
2241	2427
1502	1713
1371	2100
335	336
1529	228
2504	2120
1253	36
561	17
703	237
1710	1151
2452	1331
1376	77
1594	1487
1563	2479
521	243
379	257
1934	542
901	126
1074	521
574	931
2054	2052
123	999
1115	617
1258	1257
650	218
442	441
1176	1253
1142	1875
1832	977
1508	1188
2	3
2310	2164
2144	2117
2167	2361
2258	2521
2171	258
2272	2009
1892	511
1850	1221
443	442
700	397
1348	493
728	418
1486	428
492	495
1859	1177
1160	691
2161	2096
2319	2361
954	1374
2159	618
2048	2326
1532	2318
608	559
419	523
668	669
1804	734
1518	1520
1004	281
717	1777
1702	1701
931	147
1278	144
775	103
584	576
1608	1568
2054	1943
1187	1188
2012	2324
2479	2189
1802	1232
2367	2287
2035	2036
2065	2032
690	714
1360	378
200	207
258	726
2046	2180
242	577
1418	921
1406	1404
2264	2082
1077	93
495	63
242	576
1676	1392
1217	1219
646	678
786	1584
2075	2264
2234	2055
146	69
2407	1091
1256	442
2268	2178
557	560
835	69
640	1578
2186	2187
230	232
1456	1274
1514	548
1200	1022
2010	2083
71	67
1082	1086
852	1095
246	245
2144	2367
2489	2409
987	1326
362	699
578	899
257	604
1987	2339
352	964
2280	2493
1328	498
2003	2231
16	349
1568	439
36	807
2259	1038
932	930
563	1267
2343	2037
885	1421
541	1695
2204	2178
1577	1059
1426	665
1727	1167
1313	1314
1929	2459
2116	2160
1525	1725
1134	62
1115	1104
986	445
1575	1963
131	936
461	459
324	325
206	207
66	789
2467	2344
465	309
764	765
387	1287
701	802
561	316
1692	869
1641	1707
421	90
899	102
1487	1594
1817	826
294	76
828	251
1666	1610
203	1389
2417	2282
87	1
308	1880
1217	441
2371	2125
1992	2066
1915	862
340	1156
1221	439
521	1074
1812	1570
309	1964
1579	1370
823	284
87	81
1982	1656
1787	3
658	42
2314	2244
291	288
2235	2104
2148	1034
2134	2441
1600	815
1075	493
1491	769
2090	2151
1072	928
293	292
1284	520
479	997
1467	382
240	163
2295	2299
2171	2114
1491	68
2075	2287
1354	535
1172	173
1844	1846
1039	172
1196	1000
2362	1567
566	1401
381	395
2444	2002
1569	980
1275	1276
1109	46
1325	1347
2038	2235
2299	1093
2202	2125
1732	1489
190	191
1021	354
241	624
1848	1846
1618	39
1172	733
1505	1506
1154	750
333	556
1091	2353
767	765
153	124
1194	1536
490	1086
718	720
1187	548
1932	1438
2283	2371
793	2093
1983	268
117	898
201	1452
617	620
1475	1349
108	4
2444	2075
1411	1528
1804	1200
759	756
2200	2378
384	684
1171	708
1617	990
1230	1498
511	514
188	1119
2297	1837
2149	2273
538	540
984	438
2238	1532
2516	2046
1231	1412
288	291
351	321
831	337
794	2183
2392	2133
2273	2274
265	261
1871	1754
2307	2308
1169	1246
310	312
150	553
1690	1817
1714	1074
2271	1955
2347	2114
107	1307
924	790
1649	1651
1298	714
2274	2148
2047	2048
2005	2007
842	1783
171	947
2509	2154
1462	1464
393	870
1507	101
2380	2509
1885	124
1583	1089
1494	1746
1169	1168
734	822
587	516
1481	221
2297	2467
1105	220
1361	441
645	1217
1087	940
821	817
1188	1508
239	279
1693	1278
1304	1307
798	356
1682	1683
1274	776
1018	365
241	42
601	418
2104	2105
2531	2039
1056	1057
302	304
29	25
1485	836
915	916
1159	1473
956	385
2148	1037
1955	2374
2307	2311
1179	207
1891	383
1824	1207
1598	124
620	618
718	497
380	381
597	1069
368	749
526	527
1075	1073
135	1368
909	192
2439	1950
2162	2161
1449	322
1830	2359
1084	907
2049	2077
2167	1936
2236	2237
1162	852
675	898
365	1018
680	683
1497	526
332	333
273	347
1221	1850
1387	95
1288	1289
174	166
872	869
779	1458
830	1449
153	1822
2065	2315
1652	1528
2014	2246
208	941
1869	1660
967	409
820	432
623	240
2412	2078
1351	1352
738	644
2403	2120
665	192
236	108
1468	734
2376	2125
2141	2142
2370	2251
163	240
588	1185
2379	2188
677	855
2327	2259
1532	2109
251	138
1564	880
352	274
896	749
918	701
526	1073
215	505
1497	811
114	112
2181	2030
1537	1536
2087	1063
612	834
743	899
1407	1484
1390	929
186	321
531	895
1097	1317
977	1673
1187	1189
2384	2434
1950	1938
1425	1277
1596	1140
1904	483
778	440
1897	1819
2337	2400
2495	488
1975	1302
125	1668
976	1204
327	325
84	87
759	1678
2177	2205
2063	2064
1642	1856
1230	1497
1040	103
203	207
377	78
1944	937
664	618
929	196
330	331
189	836
1101	707
950	948
2037	2042
289	288
2118	2121
959	1332
1432	1431
582	577
937	1575
1375	1266
1793	1066
1855	1642
1854	1397
242	421
2273	2233
1628	1627
19	195
2420	2458
1704	482
926	899
1183	1227
189	1491
1632	1634
1067	244
360	363
1364	1369
2258	2032
780	943
1290	1289
44	881
181	949
1955	2259
144	1577
1145	1102
485	483
664	619
2418	2429
1337	1053
345	618
899	927
190	193
1957	2275
1130	148
679	604
685	383
1203	460
859	42
339	860
1442	1474
2229	2258
775	232
2017	2278
642	645
1486	1488
1327	1899
1028	1439
1231	1033
2308	2313
2337	2444
587	588
714	131
815	1699
2240	2137
1507	618
2480	2145
1164	1229
1390	1392
2234	2088
756	715
394	1591
1991	819
1009	968
1031	228
1370	1747
354	346
1266	170
1024	240
443	440
1077	1355
985	1095
1088	999
481	483
381	256
626	623
2192	2194
1541	184
255	1097
215	509
874	1412
250	1098
606	257
360	366
2211	2174
817	395
455	452
951	445
1936	1322
1445	1475
1046	1674
2368	2271
504	902
2389	2179
252	1040
1641	1105
2121	2093
458	177
661	660
975	253
2223	2224
1859	1255
1223	1225
2090	2072
1636	1638
1671	903
139	386
798	957
2166	2284
1065	814
1086	1592
1207	80
1486	1487
769	1303
389	388
374	376
105	705
1577	1666
236	235
193	973
659	652
898	897
1683	903
2310	2180
2319	1796
776	1020
1077	441
232	234
975	980
1256	1221
814	880
2042	2039
2005	1810
556	187
1075	927
1721	635
137	139
172	166
1299	529
2467	2466
1887	1832
156	164
891	645
156	159
2483	2347
767	922
1093	1950
1225	566
1475	1445
1171	202
63	67
45	875
807	412
768	764
127	788
1316	900
2493	2497
549	547
238	239
741	1837
514	1859
440	442
1080	1212
267	600
2054	1982
374	373
452	457
2343	1903
1611	830
523	145
642	646
1371	2057
2143	2441
2153	2159
56	506
2095	2012
498	569
2374	2088
2322	2198
1565	366
2293	2174
680	684
2325	2403
1787	329
476	1020
2096	2081
1256	439
2167	1063
70	1507
2016	2020
1751	1114
1340	1341
190	192
508	507
1682	1684
461	702
688	692
228	1036
2461	2462
2011	1038
1705	178
752	755
501	485
1786	312
257	663
740	1382
585	1454
1633	1110
2360	230
55	62
1197	658
1938	1939
1639	1640
1819	357
35	206
1076	1077
543	995
2373	2357
127	122
1569	1481
189	1112
350	354
831	833
804	802
2452	2453
922	189
722	724
220	1803
439	93
2365	1796
1396	1207
1372	1456
322	321
53	1804
1858	1674
351	592
300	534
1756	2205
1565	1407
927	252
1254	585
413	844
2195	2315
2386	2364
1545	589
1311	1929
1297	1432
1535	609
1696	1028
556	1599
2426	1728
752	70
2083	2011
2141	2471
619	617
1023	580
2062	1337
595	597
110	909
1251	911
473	475
570	485
1096	1094
737	738
1058	224
1484	700
268	269
953	876
898	117
1204	240
247	253
797	685
753	258
1941	6
2464	2200
2025	1131
2343	1037
169	474
1816	1491
165	242
2093	2219
1389	203
1527	1411
687	851
1356	1110
1042	750
2199	2187
346	1518
1900	2017
801	427
267	1095
1637	302
1117	607
1372	588
1233	804
685	1385
792	1060
2343	2041
2013	2169
129	304
2448	2052
763	50
158	81
816	1689
2082	2431
796	458
614	1234
1042	644
906	192
1025	758
1453	564
607	741
2061	2125
309	1523
2202	2128
1608	1607
2414	2274
1438	1318
1733	1735
774	1930
1921	1133
758	27
10	13
814	1519
340	335
286	287
2060	714
686	1204
662	621
465	1399
166	169
489	487
1447	1233
281	436
20	19
2220	2222
187	925
675	1068
560	1310
499	501
1032	872
2180	2174
2316	2206
1770	98
1907	1092
632	82
1215	469
768	67
1278	1277
2480	1532
1916	22
2204	2117
1468	713
587	589
1287	386
1917	1320
527	526
2088	2234
177	175
1759	707
1018	1016
2016	963
100	780
1342	1343
716	413
1943	2038
203	288
1716	1591
1635	882
2135	2123
1630	663
1451	1231
915	20
1616	1887
2033	2353
543	994
1321	1640
182	26
689	462
1933	509
1881	143
751	1784
1644	1507
1093	2185
1179	1071
1813	1631
1767	420
121	7
1458	1099
884	432
1761	839
137	140
1093	2523
1844	1646
842	1784
2150	2040
22	192
1147	1449
2427	2090
2368	1936
2301	1093
150	148
1025	827
1888	395
1344	1343
1334	1890
2379	2509
1405	1473
2426	2283
1613	908
1338	665
1723	1606
748	76
1841	1317
1506	1012
1325	1743
1489	189
340	337
2168	9
1703	1068
426	14
654	968
1204	1115
1038	2435
1938	2003
1768	1693
1675	243
1170	1168
519	285
