655	651
1705	1135
429	1689
1493	205
1852	247
929	930
404	1639
175	177
2417	2282
679	930
108	1138
1364	1362
1199	592
1692	466
1107	224
1750	766
2321	2195
566	321
2095	2222
1173	1278
2408	2191
1955	2040
480	261
1641	1105
1923	90
556	245
1656	2194
789	67
2032	2078
198	143
458	455
1047	714
771	65
1025	758
1604	2169
2293	1744
1213	1081
815	1699
2136	2069
25	30
646	737
1486	956
2234	2259
2411	2210
1501	513
1598	1867
402	407
787	785
2258	2521
1326	621
214	220
1658	312
1242	746
356	913
1314	482
566	105
2306	1992
228	1031
447	454
303	817
1047	1048
1581	572
424	432
2047	2050
2176	2079
572	691
2154	2027
2085	1985
144	1610
2420	2120
1855	387
904	748
304	26
1082	1085
2236	2008
2337	2400
1886	2146
603	417
697	804
2149	2500
229	460
1105	220
1777	1591
110	909
1390	446
190	195
1103	1110
163	157
2028	2357
1258	1398
2101	2102
771	646
92	397
1154	121
558	258
941	939
2474	2183
833	559
991	739
600	66
862	1309
2109	2075
1642	1680
2394	2408
2215	2115
2163	2138
751	1784
481	483
43	1255
141	1673
395	405
2150	2038
1668	1137
2109	2319
816	895
381	395
2232	2407
1448	966
563	1631
851	687
1658	886
888	887
872	462
2499	2292
410	876
2378	2256
1039	437
445	986
20	730
102	743
1637	1378
2164	2165
1987	1400
1257	5
184	1403
2302	2505
2056	2055
1189	235
1591	717
2282	2148
2017	1820
1704	482
1108	1832
765	604
271	270
936	711
1898	2288
2135	2139
565	1012
1336	516
1672	1246
1425	636
1613	1294
2198	2322
170	590
2393	2154
2124	2127
254	256
2161	2096
878	879
1101	279
1777	788
1687	823
481	261
883	884
1637	673
352	275
1012	1013
416	157
1451	180
1777	1154
445	985
252	1230
395	251
1067	577
765	646
1184	1850
2409	1938
2068	2067
2080	2514
1959	1838
417	167
221	320
1674	684
948	951
443	243
2388	2189
2183	2181
2078	2001
2259	1955
582	584
924	68
2390	2523
2052	2093
2017	2026
458	490
34	38
1992	2067
1824	341
203	207
2292	2077
1926	827
741	996
932	972
1550	349
2373	1943
19	1643
569	1135
125	127
2290	2293
883	704
2528	2366
2182	1062
1388	754
81	876
1187	746
144	1278
1547	1510
220	1041
1887	1832
51	1525
953	328
225	80
665	448
10	17
469	468
1651	609
895	1148
313	111
1909	1616
149	356
294	76
492	495
1660	768
129	303
2372	2039
223	80
1880	258
2264	2287
1324	1330
2435	2128
324	323
217	1630
1830	1796
372	374
737	739
2039	2374
618	620
508	510
1827	1291
2166	1958
1171	434
2022	2060
2061	2129
2470	2143
1802	1349
1253	36
1040	103
320	174
1659	1229
1187	1189
1419	1418
138	251
413	415
2180	2357
1104	619
1528	874
725	723
2395	2309
219	1782
981	1254
790	72
1103	1107
1346	380
389	139
1221	441
2210	2378
1113	1111
585	928
1507	618
647	273
2366	2164
1333	258
673	710
1535	1109
1162	1297
795	2055
222	224
1241	1021
121	126
1904	955
1131	2275
2147	2148
1806	1432
2518	2455
1883	90
227	103
889	412
574	1039
327	324
1384	1386
2366	1886
800	427
2008	2003
1641	1707
951	1451
1592	1540
135	1368
877	878
2381	2378
1365	878
1445	1128
1877	1458
2340	2188
51	1476
1837	2093
994	1656
1755	1687
1376	727
344	345
1551	47
818	694
925	187
1318	1319
23	1014
188	1831
909	738
642	648
1407	1603
1840	900
688	302
2437	2204
1728	2094
2173	2177
240	1449
1026	845
418	158
347	270
1415	158
1070	1067
255	1017
747	583
630	1391
1807	678
482	821
409	1266
98	103
2399	2439
1031	1038
1362	805
900	905
768	963
2302	2323
395	253
1378	609
1490	1949
1152	1155
881	885
1052	42
1100	1609
1490	258
548	832
1814	1813
1014	413
1737	1196
1477	1445
537	808
569	430
1067	410
2224	2211
2345	2419
102	98
1242	1605
1837	2124
725	1642
1392	444
1390	1090
129	305
459	460
850	189
2112	2348
608	609
1708	1468
402	141
1446	609
1903	2201
859	256
613	615
161	1454
275	278
804	697
2062	2059
2012	2002
1722	514
1391	1392
1505	1506
123	1287
1396	872
135	1589
87	1475
1331	2373
1093	1943
1523	213
2350	2213
687	607
1304	1306
2294	1062
492	475
1837	741
1997	2000
1953	287
1128	1611
1791	288
1266	1808
994	543
588	1185
836	985
251	253
2462	1733
1095	1397
791	1054
1353	535
1211	202
1690	252
915	407
833	598
459	461
1020	271
1115	1104
792	789
2040	2088
717	394
1616	814
522	43
2469	2143
447	415
601	603
487	486
379	248
915	918
445	299
2089	2148
1004	1217
24	298
242	578
252	585
2535	1992
2244	2086
2060	1050
2399	1744
647	891
899	102
1958	2164
2193	1163
1577	1504
2225	2125
1547	343
2368	2038
2024	2172
187	189
737	646
759	756
435	442
496	963
85	1782
1851	987
703	453
2128	2012
1665	1610
1850	1923
1104	1115
447	1014
792	66
1254	1176
1072	928
799	515
488	1399
2017	2016
1851	72
1461	879
930	1055
2452	2449
859	42
2330	2331
279	1040
513	549
1505	1430
117	896
148	150
9	308
1285	1000
1544	524
1730	1729
846	847
1705	1917
2058	2147
1107	56
2159	618
2458	2219
2090	2101
1433	1432
1038	809
2504	1938
1982	2058
218	168
629	627
543	89
992	989
1107	1525
270	271
1524	1356
1012	716
168	505
2106	2088
572	206
1607	1120
1563	1247
1852	1851
2271	2107
1958	2166
208	707
196	932
563	915
1172	593
290	203
759	1678
958	79
2370	2181
341	925
714	712
1987	794
193	804
701	92
975	979
1007	655
814	421
2298	1934
1956	826
150	1422
246	629
1964	309
888	102
1452	241
871	873
63	67
975	253
1974	413
1091	2421
986	1457
851	766
14	16
2110	2106
2372	2038
1320	214
401	817
934	936
320	322
1937	1938
2207	2407
490	489
1449	165
56	1349
1346	1180
294	368
1533	2144
2360	235
271	1020
832	604
1129	42
1422	178
2208	2189
805	697
692	992
768	1397
2410	2434
2339	2132
292	77
1957	2304
1992	2066
541	539
1510	326
265	260
1339	559
260	262
1405	1521
2438	2184
2492	2277
1341	1719
2258	2195
81	82
1164	833
2271	2221
1294	63
1641	1064
817	395
1653	362
951	1179
1266	1385
126	914
925	70
1039	279
1111	766
52	220
1565	1154
645	1740
2078	2282
431	10
56	1107
72	494
192	907
1973	123
1957	2275
2282	2089
751	1377
235	236
736	877
634	405
1839	323
1796	838
2129	2125
1247	632
2320	1744
1155	554
36	807
1341	178
1757	153
1053	1287
1353	77
153	1757
216	606
72	1507
390	229
607	741
1188	1509
1757	148
2391	1957
2048	2326
2324	2125
448	196
2188	2191
1216	468
1106	326
179	176
1032	1258
2372	2013
2383	2206
529	471
1085	1208
284	654
344	349
2538	1365
1823	1015
2337	2265
1897	326
1744	1911
1653	140
2345	2148
1639	404
254	257
216	217
817	818
307	306
820	378
2269	2235
2173	2176
932	195
1478	114
347	16
2186	2131
65	68
2246	2436
2134	2328
517	815
322	770
1204	686
411	414
2311	2203
1740	1277
2302	2182
475	1372
756	758
1846	1845
1346	991
1291	1369
244	243
2221	1936
1746	879
968	654
880	849
810	789
2310	2180
1799	742
1440	912
1796	2142
1080	310
339	257
2097	2333
129	168
1020	42
1153	1152
225	173
1892	26
1231	1229
929	933
1220	1291
1849	1848
2375	2372
1092	2086
1630	644
1364	824
1361	1355
203	1695
2365	2283
1987	2298
1212	356
577	706
1394	1476
1430	690
2194	2319
517	512
905	1053
2267	1131
1130	148
373	448
1233	804
525	922
812	711
2148	2084
691	1297
2180	2173
2368	2235
2099	2094
316	1548
2299	2295
1964	998
1389	643
2423	2389
521	410
1701	1907
1309	692
1210	1860
475	57
1473	1405
363	1802
1624	123
2144	1898
35	34
2202	2371
1633	1241
55	625
658	473
236	235
543	268
367	371
269	1365
526	1459
576	584
2238	2142
2379	2188
1617	1137
923	495
2479	2189
1340	1341
2236	2145
766	1470
25	29
399	400
201	1019
1037	1038
1938	2003
895	911
2201	2176
48	95
227	1253
110	109
830	770
305	692
401	344
1088	1112
1632	1395
413	1772
491	394
1060	739
973	1659
476	271
1550	1538
672	862
2362	2082
1197	1020
1491	187
247	337
2208	2315
2352	1400
1220	1218
225	223
374	537
2137	2010
258	726
1168	1170
887	888
1359	1674
283	823
1065	814
1565	258
2113	1898
81	84
11	52
763	1069
736	627
2076	1943
2143	2084
207	431
162	159
2478	2226
833	1677
229	1199
345	1434
1240	780
1732	766
1588	372
317	1124
444	450
304	131
2372	2373
2207	2206
1022	320
2042	2039
933	2276
1965	2080
2327	2151
2151	2234
410	580
431	281
1493	289
1581	786
2310	2164
1788	85
1154	1311
225	224
309	799
1119	1122
1699	417
2206	2264
836	1111
326	1106
585	580
2	233
354	349
54	62
2106	2085
1824	1823
1106	693
779	1071
2038	2055
1274	417
917	1011
365	1650
1550	1036
2281	2284
558	76
2192	1907
2304	2317
682	276
1453	1627
162	577
2374	2150
2370	2175
103	522
171	166
2311	2159
1922	1153
1389	1423
2358	2355
2183	2305
1334	1333
1182	664
2141	2142
2247	2302
1280	136
2328	2329
2013	2372
1322	345
1169	1108
51	49
1115	339
1207	256
236	233
199	207
1974	383
1839	468
344	16
2368	2195
1881	1049
513	1769
354	15
775	103
1153	750
1774	1265
2131	2172
1339	1293
2197	2226
2435	2094
635	1245
654	700
9	2144
181	1665
1187	548
1183	38
1073	279
795	2088
1683	971
242	577
1629	714
1700	1213
1039	775
2014	2361
2088	2085
433	1308
267	1095
381	1206
317	78
209	211
1271	1410
1387	1
1368	599
243	577
238	239
1072	443
974	973
2253	2245
1769	1646
1566	543
2420	862
2538	2180
2196	2354
775	417
2016	2018
875	43
313	317
321	165
1967	187
24	1407
309	307
2096	1795
2422	2032
2169	2127
450	607
2378	2275
2073	2234
1752	437
833	1748
1823	1824
781	100
1495	403
1410	1363
2186	2187
573	1580
935	14
1711	1025
2304	1957
780	1069
1378	711
1685	336
235	232
102	780
377	380
662	664
298	1051
734	155
201	205
1325	787
2470	2168
1918	1711
692	690
168	170
2128	2202
2149	2038
1059	876
2197	2381
2082	1091
1699	1022
2083	2084
1154	750
965	966
417	522
1357	1449
2492	2342
967	587
818	456
807	242
1930	804
652	83
1075	1072
2202	2093
249	402
2193	2293
2232	2406
1196	67
511	512
790	678
1078	367
2060	1460
1432	1183
1898	2117
215	231
2274	2084
214	1320
460	702
174	237
2474	2393
1677	448
742	1015
137	132
1245	1105
1267	846
1535	857
2047	2010
1018	1239
373	374
560	1829
1457	1115
1677	1392
426	429
67	66
2395	2189
2151	2040
1704	441
1629	157
1932	1674
606	604
1145	1229
2079	2201
565	1420
1446	1322
2386	688
2308	2307
661	660
2371	2147
260	264
833	299
1741	1740
929	932
1659	806
762	509
2042	2037
819	1328
2361	2167
2489	2397
392	178
922	189
774	1477
1497	743
1628	1626
1208	1209
2167	1936
1472	1473
1113	1748
578	519
352	274
1132	1133
969	229
1044	1284
324	131
1550	1549
329	251
18	24
472	470
206	205
1541	1403
288	291
1317	1841
50	1356
1856	2332
793	2125
547	548
249	250
428	1561
326	323
2173	2179
820	432
1461	1460
1072	1074
886	883
1264	127
811	252
2416	2415
605	930
2080	2176
935	256
14	401
743	102
1344	436
391	1580
817	821
772	687
2125	2129
52	217
776	161
726	71
119	116
519	580
1576	21
2340	2199
1814	1616
513	707
1518	348
1646	732
258	542
2344	2259
792	596
701	1410
1016	1017
1130	1822
650	218
2084	2324
387	139
1319	576
2107	1998
2128	2219
1547	300
1317	414
2231	2086
1498	1282
619	1204
639	1810
2117	2222
2376	2169
537	19
1975	1120
1256	439
13	346
1429	46
249	405
1404	738
173	417
327	1637
2447	2121
2314	2014
1353	991
575	432
2317	2300
2207	1903
202	1074
2127	2125
963	1027
54	60
697	805
1467	1061
1252	747
372	375
2524	2190
2323	2315
762	1398
202	1211
921	920
1524	1110
2122	2402
323	326
2021	1992
1245	1108
247	248
2340	2294
1080	1212
2534	2036
2535	2479
1084	907
1887	1510
1579	405
1277	928
575	519
1848	1849
1413	1305
662	666
1651	75
2315	2407
1147	1199
1899	1680
2448	1728
305	690
2332	1856
281	278
1535	1446
150	357
1294	299
2175	2205
1773	1771
2182	2188
1936	2169
162	928
1260	1261
2109	2294
640	637
142	184
150	553
1667	1184
2210	2379
1711	1587
592	864
249	404
1512	1321
584	581
861	1158
650	225
1387	235
88	92
753	1343
1494	694
460	166
1406	1137
1919	124
256	1206
2438	1062
546	687
733	237
554	203
36	34
952	761
264	485
2269	2055
1261	1693
2269	2151
1927	1707
2003	2009
2403	2325
1637	302
1459	926
2091	621
707	966
1553	801
471	530
2169	2376
892	804
1388	143
279	1039
931	687
901	1853
722	724
2395	2393
792	1060
1094	663
1406	1404
1313	1315
1583	1584
1451	806
1160	692
495	923
1097	255
979	132
1088	999
979	1612
1336	1028
2459	2107
135	128
1916	115
521	279
2469	795
834	1660
636	118
580	208
1094	1097
1075	1073
304	1534
512	572
2168	843
134	992
691	349
2133	2254
1124	792
1885	95
405	402
2145	2484
1836	951
749	368
1186	482
2143	2139
1706	976
2241	2240
1421	1460
501	953
1684	1683
1845	1583
2113	2361
71	596
506	1885
1406	1154
2456	1443
767	922
948	949
483	264
299	1294
1767	1440
2207	2256
817	303
428	1173
1067	1069
2311	2175
75	932
662	667
2268	2431
719	991
1172	169
1868	1411
1901	1570
2014	2087
1116	1442
1887	476
2234	2084
1096	1094
2348	2110
29	1578
329	1168
2052	2094
1426	1731
248	198
408	411
2046	2027
2410	2414
510	219
1153	463
566	1033
1942	1934
383	682
1968	1817
556	836
2371	2324
979	1788
1899	2286
217	257
1844	1646
201	199
302	711
2452	2453
273	270
1977	913
685	200
121	125
66	646
2187	2197
63	66
140	717
2061	2091
915	20
659	225
2425	2423
900	902
111	109
1580	417
1782	85
1743	1910
1161	1163
608	606
458	452
2124	2061
535	533
1069	1067
644	909
174	703
389	387
537	534
1468	713
302	305
788	1154
991	992
2326	2414
440	577
1184	891
13	7
2033	2233
2506	2142
597	1613
1233	1234
1727	901
1022	418
1851	290
1111	664
1057	449
2173	2174
1443	411
2007	2160
2310	2153
2461	2462
2014	2246
921	263
1458	1101
714	1629
765	923
1145	1102
340	727
1026	981
1186	1401
1256	1221
1633	782
2292	2407
1442	1667
2296	1999
2522	2369
748	750
508	507
1831	1528
63	69
550	212
2197	2313
1197	592
1805	958
1517	1317
334	418
571	178
2064	2039
2060	2022
477	1319
14	347
308	1953
1270	1586
2288	2336
2203	2176
1718	780
1944	1945
480	484
2003	257
708	403
1658	132
2098	2081
1746	1800
1523	930
124	527
1417	1418
1080	979
780	1718
514	1859
1854	1061
2088	2055
2429	1563
1476	1481
1230	1498
2402	2409
919	838
2313	1903
1168	1169
1024	1028
1018	1015
948	16
130	300
516	1336
2143	2013
712	1079
2000	2372
1285	67
2147	2371
537	21
465	463
2046	2152
768	790
1366	774
1589	1588
1299	1221
1407	1566
508	219
1980	1979
1176	1254
1077	1221
198	276
439	443
1508	1570
1213	1640
1376	1378
380	665
926	1455
2478	2009
225	55
924	987
1647	1731
1869	834
1181	1184
464	308
1929	2430
1508	952
1903	2208
1888	395
62	55
431	436
571	1522
1196	607
533	277
1885	531
476	584
1057	294
579	594
2229	2032
149	358
2263	2134
1561	228
719	896
2225	2129
2160	2116
2148	42
962	964
936	690
2538	2428
978	1706
218	1058
1094	1051
84	80
2189	2479
1916	1366
1341	1814
1837	2012
2161	1524
85	829
1229	1230
645	1277
2344	2102
549	1065
2221	2271
1026	271
776	703
940	1373
1159	1158
1183	1674
1101	775
513	1647
349	344
1734	1196
1309	960
1265	1733
595	597
2028	2181
1328	498
213	1287
248	376
251	1098
217	1115
748	123
2037	2039
1211	1627
970	967
374	993
2198	2196
1698	930
42	107
250	249
996	930
665	1426
1022	321
156	158
1525	1356
2389	2415
2369	1830
1968	1115
1770	1315
1316	1313
1327	1742
751	1057
2144	2319
567	265
111	313
327	673
604	146
933	2282
2507	2123
1331	2415
1104	1109
690	673
585	1454
1290	1532
1472	464
193	248
2428	2436
1574	133
1168	827
2234	2151
313	311
274	1971
2507	2468
1099	926
1108	131
416	417
317	546
1692	1693
1381	802
19	18
1017	1238
1055	737
2444	2337
972	973
1365	269
581	584
879	1260
900	901
1852	379
1199	164
1475	1445
978	1205
2289	2403
2239	794
56	506
2204	2415
31	33
1818	1640
1055	740
2287	2075
2343	2013
2517	2019
2069	2055
205	204
311	312
897	433
2089	1955
1017	1094
149	355
950	501
481	501
2225	1943
1268	1664
55	624
138	247
2429	2418
1903	2209
328	2
351	590
772	678
2195	2322
18	22
1509	1190
1170	1169
85	220
22	908
974	520
1348	473
1033	1031
2267	2265
1298	23
1058	224
2445	2030
1048	1866
1699	1175
1673	1242
70	1507
694	124
133	963
884	952
374	372
1303	1251
876	1041
716	844
1173	428
2084	2274
109	111
1877	1015
814	880
1130	142
1547	1247
1449	1645
242	1454
906	1337
424	221
972	932
936	304
1999	1461
2516	2307
2521	2163
85	223
1858	1206
2097	1419
121	127
1203	252
1784	842
1467	535
2038	2085
1708	253
514	424
1507	189
1023	320
2247	2030
2047	2052
581	582
2416	2063
706	940
329	631
800	796
724	1585
1248	41
2509	2379
563	513
131	1108
649	653
99	743
1332	1333
872	873
2011	2146
876	1138
1178	207
1253	584
475	865
1192	5
1382	931
934	783
2286	1603
443	440
737	678
1182	931
1772	413
1037	2040
1755	1325
2478	2209
160	1219
547	550
820	817
698	92
2011	2283
1057	1378
1564	1258
1837	793
125	1668
737	738
221	157
774	1643
1215	1216
255	1096
1750	65
792	607
1348	492
2099	1322
1497	1459
639	641
822	219
1759	33
70	1034
42	858
45	418
526	1627
76	877
2	3
588	1084
308	463
1494	1797
2149	2410
1512	1513
1162	1161
1677	1354
1430	714
1542	1095
1500	991
2384	2241
2247	1899
975	978
1253	432
2410	2205
370	866
416	390
254	258
1910	1181
2533	2166
606	596
961	1202
731	617
2353	1470
1088	546
2037	2042
130	129
155	1957
1342	436
572	347
444	449
57	1510
580	5
193	694
1278	429
1039	172
2208	1957
2418	2429
2039	2256
828	131
1504	968
1114	1116
2059	1952
1254	585
1698	738
1377	1862
43	400
1162	852
809	432
1413	660
272	417
2196	2229
959	905
605	1350
2267	2036
517	251
1321	1673
2071	2493
1477	1481
1521	990
1388	405
2072	913
2147	2249
2327	2259
1591	491
2087	2283
2298	2183
2078	2201
334	157
2236	2231
105	1793
2221	2435
211	1474
985	1229
281	141
1168	303
2329	1898
579	243
159	243
611	1332
2427	2151
919	1025
2322	2188
1059	1058
807	809
303	691
991	989
1069	436
1137	125
1018	1724
2264	2075
247	253
2040	2038
776	658
453	703
1078	687
300	532
1761	839
1732	1369
216	1000
1433	124
148	152
748	749
2199	2187
1823	431
2299	1093
692	688
1563	1903
1965	2302
999	1593
1112	895
1868	528
2203	2206
2473	2411
987	620
1136	856
1865	744
393	392
2319	1939
477	473
1303	907
1273	336
1672	1476
767	1614
360	361
127	125
776	1020
2227	2247
1675	1341
808	957
2368	1954
2028	2032
1491	766
2014	2013
1544	1545
597	1069
1647	1843
2534	2300
85	83
1991	819
2259	2235
1934	542
1359	729
1172	166
440	943
1845	40
1387	4
1018	1823
570	485
866	368
1365	810
323	324
1376	382
1845	1584
1466	2286
281	280
1031	1032
1989	1832
2149	2426
151	1430
1850	453
2377	2095
1929	2122
1955	2104
1107	1804
1162	900
165	1023
2049	2409
2415	2305
2346	1790
2376	2125
2232	1092
889	457
948	38
821	553
435	276
547	357
1330	2344
1531	1661
2341	2342
998	1489
1700	849
295	788
935	833
1069	431
64	65
1516	378
1879	621
2313	2205
1092	2095
124	654
2411	2264
103	843
1769	1693
1528	984
263	483
1396	432
2288	2286
781	352
309	1523
460	459
2274	2087
741	901
1769	164
78	317
934	935
381	446
2393	2035
749	790
1306	1594
2357	2180
2010	2134
2105	2084
2265	2036
848	1135
2286	2288
2358	1999
2068	2525
1338	192
664	494
410	162
1357	173
869	870
801	427
1	83
339	1457
1932	1438
2260	2263
361	774
65	678
1161	832
2395	2196
1567	1341
1807	494
51	50
306	307
1290	1531
1704	442
285	390
1347	115
739	991
1830	2075
1477	1475
1917	574
542	543
1064	385
963	1026
1612	979
1476	1672
624	107
153	1713
705	709
2306	1062
1331	2399
2096	2081
1522	551
173	522
1954	2055
113	1445
958	961
1695	289
1092	1470
2056	2052
1931	492
657	232
574	1102
1865	459
2139	2143
1467	1354
985	1095
56	233
1375	171
21	1622
2264	2065
348	57
2417	2276
32	1255
656	234
2053	2180
810	1229
1407	1602
1111	1112
827	28
2195	2258
982	1210
1339	1229
2131	1330
802	697
21	1051
2244	170
189	1112
2019	2208
1748	1057
740	739
1844	918
1381	1183
748	127
1767	420
2189	2491
911	453
2052	2020
1013	1016
906	910
1652	1906
21	18
1954	2201
1433	700
1135	1372
2133	2293
2012	1859
1312	1042
1071	1067
2150	2055
1311	121
2249	2372
1698	1123
2202	1092
1285	66
1257	2
2426	2440
1365	1367
1012	1016
950	981
702	704
1455	1342
1653	1039
2352	2077
401	403
392	393
2036	2265
357	552
1396	977
1163	2300
2324	2202
139	386
1181	565
41	44
2451	2175
1202	729
953	461
2254	2176
1639	1510
1488	123
1756	2164
1551	894
2231	2126
651	16
1547	1011
1145	232
2204	2282
885	883
130	131
1942	2092
1248	1118
1096	298
940	706
694	698
379	604
2125	2169
526	926
809	709
1977	957
2140	1934
428	1277
271	584
952	700
1334	725
100	99
1899	2010
282	284
1887	1605
296	1405
567	569
2246	2439
2150	2105
383	1891
1458	1453
503	755
2384	2138
929	931
707	1102
2168	2502
1242	530
2259	2201
499	1266
2220	2094
250	251
1692	872
197	908
2501	2364
2126	2249
52	219
1390	1392
1936	925
1270	497
23	1319
2290	2291
2365	1796
1321	1512
1641	1122
157	334
1355	2128
976	164
228	1036
289	33
1327	1325
1735	1734
1734	1735
658	42
1592	828
347	273
2213	2297
2159	687
1051	1094
837	549
1024	1345
1197	1200
1141	112
1663	1149
2129	1936
244	1230
925	189
240	239
1116	1164
2370	2308
1596	211
1509	1188
2187	2195
1536	1321
830	1449
1103	1104
2201	2077
2165	2254
799	1213
2268	1957
1802	17
475	477
2459	2135
311	979
170	704
224	734
1571	153
208	1204
2298	794
1846	1016
1943	2038
803	1379
2214	2000
335	337
1001	851
1496	255
2146	2148
1704	440
2466	2344
429	1278
2481	736
1782	224
2025	1131
2380	2378
1128	16
1669	410
1434	345
640	639
2142	2140
1495	405
2440	2286
81	87
384	835
2361	1899
491	1685
125	1137
1854	1095
1684	1043
1911	2178
2036	2204
2018	2016
922	187
146	69
326	1340
185	188
1426	950
654	1451
859	347
2013	2039
1146	775
1748	1113
1871	637
186	770
487	842
1326	987
931	69
324	1130
2319	1796
1321	968
783	438
2003	1936
1070	606
269	1289
88	90
250	405
179	1340
389	390
2512	2142
2269	2038
1705	181
2144	2332
1324	1326
682	575
1568	687
1936	2086
306	309
522	240
735	627
1012	1015
1211	585
194	192
464	287
2422	2019
535	146
1390	1391
1822	153
2345	2235
107	42
1152	330
1194	222
1604	1938
856	264
190	194
72	924
620	617
1125	925
2435	2221
1196	1000
2008	2012
1396	1394
2183	1744
960	598
2193	2149
2400	2337
264	921
2023	2027
2295	2425
2269	2105
1923	1850
73	74
981	948
1859	43
930	1523
395	1502
1542	257
1197	658
1859	1177
23	447
841	845
184	1541
2204	2390
1721	635
199	200
1749	1463
720	287
2425	1092
886	1658
381	378
336	733
854	581
2354	2198
1716	1717
1634	1591
2343	2037
793	2093
2409	2115
1224	1300
2107	2192
187	925
145	1323
985	1196
63	65
6	8
619	621
481	482
63	64
1047	140
629	246
583	576
54	58
1684	995
283	282
1617	990
989	600
1725	703
1462	1465
1094	1017
361	1403
1771	454
121	124
1202	961
190	197
908	1613
402	403
556	187
488	1400
520	707
481	1426
1489	766
2084	2270
1746	1305
342	1560
1964	1827
1808	303
1804	180
315	1409
794	1419
1436	1438
558	371
2339	2232
1457	1118
1328	1057
1357	241
901	1902
224	56
749	1157
1074	1039
473	346
1898	2075
255	257
288	207
1697	1498
522	102
1759	817
1338	559
854	397
2281	2078
1314	192
2270	2104
1372	1135
819	691
1784	378
2167	2014
1669	770
113	276
786	1584
94	472
1193	1194
104	1862
192	190
1564	180
2142	2528
2209	2256
2517	2179
1660	834
348	344
2344	2379
369	370
1495	1579
1023	321
363	431
881	81
1519	1520
2198	2323
1273	1272
1577	1665
2263	1898
390	1454
800	801
693	62
1772	447
141	1122
926	102
1381	1441
131	302
891	645
573	1534
2247	2268
1675	981
1514	686
229	2
19	20
1217	161
2064	2256
1314	910
1886	777
2295	2294
891	1389
67	147
2313	2043
450	101
141	1278
2134	2055
2023	2028
2281	2077
2115	765
1243	952
1992	1656
52	214
2009	2159
1408	1631
1458	1459
132	1106
1432	1227
1433	180
1169	1106
609	727
2026	757
1462	604
2086	1936
2106	2150
1145	591
445	217
129	304
1032	50
535	534
2046	2180
1509	583
752	754
1567	1569
707	1100
2026	2132
461	703
2250	2408
1269	1270
1519	451
2340	2341
2205	1756
623	843
2111	2215
939	947
2234	2040
2084	2259
832	834
362	1153
1436	1437
452	458
404	980
552	1230
1275	1693
180	224
28	25
713	1183
2162	2160
1746	1567
2404	2362
1405	1473
1364	1089
639	640
2324	1955
667	600
2403	2120
990	997
1341	1813
2247	2465
1243	977
659	1275
2012	2094
2518	414
2315	2256
1616	1522
679	604
821	1808
1503	9
214	1322
1122	1564
1176	473
2083	2088
1838	1088
2347	2146
33	150
347	256
211	1317
1198	1020
137	141
1743	117
1276	1256
258	1642
2032	2258
2008	2013
1542	1630
526	1498
2165	1093
2458	2222
1542	646
761	760
1904	427
574	931
353	1477
1466	1911
536	290
280	1631
1767	1333
1107	1475
1044	877
960	1162
147	620
977	547
2132	2043
1223	1224
181	98
1880	665
1793	98
1734	2121
595	600
317	550
1830	1898
922	790
1012	1018
1136	26
1723	886
1277	818
2045	2394
1880	639
2095	2220
607	1095
1897	1819
1198	577
662	70
2105	2151
1172	161
802	805
780	963
749	678
2080	2079
876	1214
1004	584
1953	1143
130	339
1399	464
1508	1647
919	274
1086	140
1397	596
2068	2463
292	293
2524	2479
334	321
2366	1958
886	461
1711	1877
1985	2055
1268	1267
1114	111
1434	1128
1651	1649
811	848
592	399
2127	2128
1977	1285
775	707
1514	1889
86	82
1982	2139
620	666
2406	2188
2085	2151
1096	255
1071	1452
1751	1531
700	698
1366	773
688	651
181	1666
977	691
985	101
1173	1277
289	203
839	1262
805	1364
466	467
55	231
422	424
419	420
1142	1875
2293	2174
1206	259
1043	1361
795	2040
881	1260
519	548
630	736
1161	835
1841	1249
1247	869
1285	1294
1810	2075
338	335
187	646
2488	2082
856	500
884	432
257	1630
848	952
439	440
1531	1958
1819	33
2315	795
74	860
2503	2300
19	533
1042	751
1782	59
1134	969
907	1303
898	675
291	207
2198	2199
1897	983
135	1776
1866	2389
1153	1586
1389	891
2095	2012
1133	1723
2269	2271
1769	840
858	170
2235	2104
1332	411
1315	1166
446	448
1384	1385
2385	2381
1515	845
577	321
960	536
2104	2088
2453	2034
955	1579
1492	2398
1114	1118
174	320
608	257
1035	1031
1266	383
845	1026
1533	1288
2129	2091
1267	98
1255	442
2193	2127
745	1387
642	643
580	410
2257	2399
2414	2001
528	444
327	936
54	61
1810	2076
2468	2151
2370	2313
501	1185
510	1398
1239	1210
208	1215
1912	269
2371	2129
241	624
269	266
2138	2136
2269	2104
2372	2001
813	237
1049	1881
210	213
119	1862
1060	1062
1442	1116
267	687
1118	299
529	1299
665	1341
1649	1650
1048	1181
309	832
2089	42
449	542
1152	1153
1467	382
594	164
2188	2354
1600	815
1741	1787
302	1637
531	1188
2431	1652
380	381
2290	2262
1056	751
1101	927
1808	880
891	1184
1585	708
1023	1609
1859	1256
1666	1610
625	624
569	457
925	790
1907	2476
56	81
172	1251
691	16
123	999
1589	128
178	1707
1093	2301
778	686
1406	267
1683	1043
644	738
1684	1098
1146	1145
497	499
694	695
2393	2131
739	992
958	749
1282	1697
1642	1843
2162	2241
525	20
2235	2106
982	263
662	665
1137	196
1748	598
2152	2154
290	730
746	1187
15	346
1272	224
2444	2075
54	55
560	1114
1829	1118
285	282
1256	1255
190	196
652	223
985	1011
617	618
1203	1177
1272	1273
2283	2371
984	784
587	516
2072	641
1006	124
149	359
1342	1343
882	1635
2504	2409
1339	1164
1130	1568
98	105
987	445
2374	1955
1022	322
2268	2275
184	183
819	821
1473	1332
428	1710
42	770
746	1190
25	32
1405	1078
1217	441
1080	615
1076	1077
2274	2038
739	1843
641	637
1486	1488
1892	1201
2284	2264
1135	538
227	809
914	596
2219	2093
39	125
240	163
2416	2157
2067	2091
419	523
1447	656
725	258
1311	1587
115	889
1616	1887
2308	2313
659	1058
1406	596
42	241
1396	144
88	89
324	142
1240	778
857	1456
834	1869
2112	2110
567	430
106	108
797	685
666	620
932	930
2282	2147
153	673
2179	2032
2211	2421
1258	1032
2071	1981
1092	2125
925	836
1256	441
1387	95
584	582
522	417
2310	2308
2435	2093
436	431
192	910
961	719
1436	504
1062	2184
1612	714
281	1205
203	1729
355	420
785	787
1525	1197
652	659
390	285
2208	2173
279	1101
1634	717
408	415
1203	1754
1100	319
927	252
1865	94
281	951
2008	1939
1188	583
2269	2084
284	530
1564	880
1389	848
652	1058
304	264
1283	810
1084	791
1418	1289
392	359
1831	1493
783	781
326	178
1248	221
2209	2254
1473	877
809	811
1843	1731
590	864
1939	2120
1488	1490
2197	2228
1919	700
1937	1939
148	151
2302	1965
741	607
1804	734
1800	1801
1060	134
33	1759
906	1303
1501	1230
1814	1621
2287	1899
2317	2185
594	592
557	561
768	1125
2195	2315
1541	304
2519	1642
2367	2287
224	1200
638	637
856	260
709	1611
1480	162
1387	108
1319	1696
22	559
400	895
1124	78
981	1675
798	957
345	347
1743	120
552	1671
566	1401
317	877
584	493
2220	2067
706	208
2088	2150
1703	1636
1991	77
1838	270
2067	1728
77	991
1567	1512
1268	1183
958	959
41	45
1297	523
1168	148
2408	1910
725	1238
43	864
1483	1984
1164	1229
132	148
1175	1177
871	1560
2439	2411
1361	440
1535	1261
441	1255
810	299
1583	786
1067	1039
2293	2117
654	651
1670	1605
2510	2262
1330	2137
220	214
664	618
136	352
1891	700
1227	1830
2073	2368
390	1147
1453	1458
1688	166
1074	279
1115	986
2400	389
2264	2262
2155	2156
1027	1454
2321	2373
129	131
437	279
430	426
793	2128
730	20
1952	2059
99	98
1713	457
1091	2125
388	1594
2296	2297
1944	901
2250	2132
1786	312
372	376
851	68
1007	1008
2284	2287
561	340
1210	1861
274	158
952	1286
25	33
2190	2179
381	256
1116	1667
2261	2316
2218	1163
1015	1016
872	271
764	67
825	1296
2254	2077
940	520
1874	757
2352	2353
645	891
1802	727
1562	1072
1105	822
573	405
690	936
2098	1830
1229	605
847	648
2458	1037
2314	795
2014	2167
835	931
2138	2381
1890	2242
2093	2219
2168	1536
231	167
1047	1049
990	808
2036	2267
1067	580
806	533
1663	806
2501	2502
352	1230
1418	1531
1362	804
1064	438
2280	2493
421	93
256	346
463	465
1284	1025
332	334
2377	2091
1686	1177
1569	877
691	133
83	85
1277	1279
1436	1379
874	1412
1514	548
2426	2283
1698	1000
107	624
32	1656
521	243
496	204
1690	227
1345	1809
1980	2164
221	83
87	84
129	301
327	692
1270	499
1823	621
2309	2210
2435	2107
1761	1085
2053	2160
2099	682
1553	321
646	925
2299	2304
2196	2189
1416	124
2055	2040
121	122
559	1338
254	259
383	685
725	296
264	263
2375	2121
1567	402
421	90
948	950
217	987
1681	99
1932	1439
666	619
480	485
713	729
731	68
1026	202
330	331
703	702
1763	627
18	19
1140	2298
936	305
1424	550
1152	628
1844	1543
974	938
344	347
668	670
319	165
685	980
1650	365
1200	1022
1108	224
164	1022
1612	329
1753	1409
45	875
1581	7
2048	795
1625	627
2128	2222
2124	2129
2052	2220
1115	1457
2198	2187
1257	944
1718	357
168	218
326	1510
1713	153
1550	840
1274	843
1088	1435
1204	240
66	791
1312	109
665	1338
2290	2127
681	1098
2231	268
1694	549
1376	609
2305	1934
1184	428
1410	1412
191	194
398	160
2166	2284
297	299
1877	1510
1422	113
297	126
1577	806
2114	2348
805	694
2344	1936
118	1636
2409	2419
1259	1262
284	283
1296	671
87	81
781	784
1411	984
1580	1588
2504	2419
1409	144
1588	1366
450	604
1407	1484
1160	1098
467	823
402	404
1942	1728
1108	1169
492	477
1303	1122
2154	2379
985	836
2387	1899
1562	521
1531	1289
1622	1576
2000	2001
2226	2044
634	1908
1605	1884
2036	933
1399	1472
1162	834
921	919
2187	2152
336	1214
1493	1494
1997	2002
1288	1289
931	835
926	927
1644	494
1583	1089
2393	2395
285	578
1950	1856
1098	132
360	362
833	832
577	519
1495	979
1630	606
648	645
1734	1737
1717	394
1511	1513
1025	1381
1290	1418
1381	713
2061	1936
645	847
2247	2473
2204	2301
272	1199
709	382
2490	2485
2377	2126
646	69
1271	1231
2259	2040
527	526
1038	1955
230	233
543	994
909	217
1536	1537
836	189
2368	1936
835	494
930	604
1328	380
1747	1113
1497	526
1850	1256
1043	1042
939	410
558	901
1504	1059
1172	173
348	15
196	193
523	524
554	1209
309	666
1702	1701
1568	448
531	1189
1689	1100
244	208
1129	1065
2297	1837
9	2074
492	496
419	149
1479	1100
1137	1406
1490	998
523	525
986	924
1118	1115
2440	2441
2164	1597
679	790
105	729
2136	2060
1314	109
24	18
409	525
531	471
1456	173
2196	2208
2376	2129
110	1011
319	322
211	1598
326	1887
1457	987
232	777
1589	1368
2344	2270
834	867
1675	514
1761	1652
2165	1728
791	1337
824	907
259	254
2375	2093
282	43
2066	2078
2040	2055
1753	1203
1224	1223
2300	1163
700	694
1096	607
1886	319
2220	2012
2462	2238
311	140
1934	2305
141	1482
390	165
242	1606
1253	1176
1892	214
2347	2349
414	977
680	682
1057	1784
2279	2096
599	832
200	564
1814	1048
1668	1390
349	354
379	904
701	700
1173	572
1591	1777
1277	1282
1907	2094
907	824
2181	2183
401	399
973	1229
1730	203
1455	1452
126	1496
861	672
1107	660
2235	2234
510	432
1279	1277
315	313
1977	732
1809	1030
1285	810
1598	124
482	1704
1982	2386
1684	543
1020	1198
689	1481
1773	905
866	769
2274	2148
2236	2237
400	164
2367	2215
951	357
2157	1944
494	617
2412	2300
1132	107
1374	1375
779	778
313	316
1032	432
780	99
1839	395
22	299
1293	571
2349	2347
2276	933
95	92
1157	550
1368	1589
733	702
2024	2170
2379	2380
1344	1067
1297	1432
350	344
706	577
693	1246
593	173
562	563
619	666
1525	658
2076	741
523	526
1535	1104
1968	681
1017	1012
700	217
1523	644
353	714
1175	476
2394	2045
99	742
2210	2509
816	1729
1509	1551
1226	799
2163	1756
1240	1495
991	492
690	714
828	714
558	788
275	276
912	1696
1304	1307
841	264
804	1410
2275	2277
1238	1235
1025	827
1850	93
965	568
1580	1534
143	144
1567	1570
1014	1379
505	231
1160	380
538	540
1633	1614
1290	1533
729	713
2299	2209
33	889
2313	2370
501	950
2381	2342
953	702
1903	2210
331	20
2057	2058
2212	2213
516	178
2205	2125
2139	2140
904	198
360	364
33	552
403	347
698	694
165	1256
28	827
2029	2033
1655	1730
726	370
2481	2472
1169	303
2532	2180
2185	2233
2195	2323
1295	1200
506	1620
1344	357
475	46
86	84
2088	2038
1663	1609
1110	1138
1673	221
1627	526
658	1019
336	613
688	689
790	66
1876	1018
230	232
1695	203
993	1546
2215	2289
686	239
2367	1898
1495	249
192	574
711	714
154	1143
1980	1790
1516	1167
712	1633
790	679
2296	794
899	98
275	281
2203	1563
1996	1295
2288	2289
1756	2205
1327	1898
1552	1949
996	110
69	835
1198	580
1323	805
1946	1947
547	553
751	294
1399	1089
514	1081
967	430
995	449
335	341
509	508
1333	1334
1443	2456
1626	1628
1071	1357
646	771
1278	1277
2060	714
1868	1381
1035	1033
75	79
1635	882
1095	792
127	1161
1700	235
144	1577
1743	1325
1577	1666
2518	1443
805	701
1065	1129
6	7
2469	1810
1334	1890
2305	2460
950	948
446	444
2189	2187
1075	252
210	610
543	995
337	395
48	1551
1448	708
2201	1954
441	442
1556	186
178	1064
1153	308
2335	2447
890	1952
2172	2027
1751	550
738	1123
2229	2256
2121	1196
1187	1191
2521	933
591	1144
363	1381
1138	876
1580	1107
891	848
1781	44
13	1276
1626	1627
1622	1497
444	268
2066	2306
1728	2067
1130	113
2022	1735
132	787
2260	2032
1332	1326
2273	2233
1802	1803
1542	217
1912	905
1204	619
2239	2162
2157	2416
2518	1715
2314	2283
1177	876
1936	2471
2219	2091
1343	1342
547	551
1481	1482
174	1138
473	476
568	945
655	632
480	175
2054	795
1839	151
1220	187
2064	2217
958	212
1125	836
613	614
1737	1049
974	972
149	357
246	735
2154	2382
1125	449
402	249
83	80
1386	1276
258	1333
337	1292
2154	2210
1157	767
1235	1236
1153	487
319	320
1334	543
2278	2017
2307	2153
650	660
322	1023
274	926
1267	227
706	279
1565	268
814	1519
294	877
705	572
313	318
2218	2065
1512	1567
405	141
1021	354
108	4
1443	1546
1985	2085
184	16
390	1022
389	388
1837	1011
1398	219
230	231
189	1491
31	1558
1670	1510
1619	1090
604	147
830	876
308	464
2040	2235
999	699
1005	1124
1393	26
1727	1167
2325	2072
1711	919
1111	667
2115	2116
157	416
2332	1943
2195	2065
617	620
268	959
1460	881
1713	452
2080	2300
2000	2249
1940	1125
251	405
831	337
2218	2232
2081	2058
1055	739
151	152
1502	139
815	813
92	694
1138	704
203	357
147	618
707	940
1937	900
525	523
836	922
2109	2361
1479	174
1640	1321
1710	1150
772	66
2095	2091
2036	2266
2188	2189
1741	805
1856	1642
1393	151
1041	1669
701	124
2409	2075
421	205
1974	684
1071	1320
2330	2193
2238	2141
1943	2086
1407	24
910	1190
68	72
1109	1104
1575	1963
2284	2206
1199	1147
600	572
197	190
1457	339
1577	1610
2468	2088
296	725
341	1613
857	42
2365	2134
1421	885
1632	188
2403	2205
123	995
877	597
1839	1831
2449	2035
87	86
697	1271
235	230
1459	436
2057	2013
2032	2264
1025	462
1491	882
1051	21
904	135
264	260
234	232
824	971
1002	1006
2142	2238
1106	632
2373	2315
370	788
791	1006
1607	94
1263	1261
2181	2030
2538	2357
2323	2275
1162	1076
2039	2088
2361	2010
2273	2054
1761	1505
1735	1196
2422	2256
622	1019
1169	829
1775	2326
1763	2039
283	284
1804	829
402	406
713	1005
83	223
710	690
469	1873
511	287
1442	1598
2013	2000
407	915
242	165
1351	645
2057	2054
1334	1327
1442	450
495	63
612	1368
767	765
1674	1227
2204	2431
1871	1754
1902	1369
107	1307
2377	2244
1460	782
788	1264
1354	1676
1381	803
789	997
747	95
2116	2160
2205	2438
344	348
2227	2245
1060	992
2113	2115
566	7
907	123
2007	2005
424	968
1128	1322
2179	2355
1711	362
864	590
1378	1328
102	928
371	367
1294	1229
153	1821
358	184
476	1135
1943	2041
768	248
600	931
1195	749
1047	261
857	241
487	491
1648	632
600	678
882	1722
2204	2178
1233	115
724	722
419	355
629	735
2009	2003
1934	124
1757	1348
1324	132
332	333
929	196
181	1692
303	651
1753	910
53	11
832	599
1127	1549
1014	415
1204	1099
1944	937
2017	556
1742	444
1818	1133
2416	2369
760	539
161	593
513	1768
1002	1004
521	778
80	84
1964	1965
1293	1339
1310	337
664	663
267	266
1423	1195
1141	1142
64	147
1907	2407
403	402
2441	2440
760	50
811	1497
549	547
1047	1050
491	717
1677	386
2161	2010
1591	1634
1968	1181
516	1224
1139	684
1546	1443
347	345
2505	2397
931	600
2144	2367
1478	124
664	619
273	1009
1604	2167
1185	1186
2187	2198
2079	1093
1468	1200
1241	1243
2160	2161
665	192
1371	1899
1826	1827
2062	1952
556	1291
1481	689
2487	2241
147	69
701	7
854	777
1200	1295
2401	2122
244	1357
213	852
1545	1281
1969	1950
1585	206
2279	2280
2054	2055
2132	2133
2394	2131
537	300
1957	2036
576	493
195	196
1541	1538
192	909
1306	467
518	520
401	15
951	1705
854	410
1669	777
1452	163
280	973
726	382
536	77
1424	1900
546	1397
2118	2120
1468	215
2114	2110
1419	794
789	923
619	1109
1296	446
146	604
476	493
16	349
1706	894
1393	1394
2087	1063
820	553
2221	2091
1131	2180
1653	979
230	237
1175	87
876	410
686	363
1931	922
1044	123
2171	2354
1080	1079
973	806
2004	1899
786	1495
1191	1302
1759	1760
1961	415
1112	51
2477	2396
420	355
2227	2246
1690	384
257	217
2120	2049
51	1218
967	968
317	1750
1444	2205
1330	2142
1491	189
623	55
2090	2102
2495	488
405	1579
210	612
2056	2057
642	647
1312	1376
2412	2078
2402	2418
1888	758
411	716
2022	2135
694	701
424	763
996	909
2134	196
1756	2360
423	387
312	310
1791	282
1183	1361
2514	2488
1697	743
2361	2075
691	819
648	847
2179	1957
304	936
572	1174
1873	468
2070	1982
2075	2264
477	1024
1632	1633
1393	1047
729	730
1158	1159
1501	261
2470	2469
2190	2188
619	494
36	1168
2189	2199
1475	1477
2253	2252
1155	1152
1519	346
300	533
1455	159
2225	2167
2003	1053
2008	2010
184	256
1770	98
1184	1500
1044	766
950	803
229	55
2197	2177
1188	1187
494	931
218	652
1735	1461
1669	1041
762	763
2364	2363
1718	33
1174	1980
1038	2148
2301	1943
1287	388
2145	1796
1169	1170
897	1308
81	1232
936	131
1889	437
286	287
664	667
1982	2120
414	1836
1005	778
1885	1251
1399	488
823	283
1067	244
1033	1231
750	1154
2013	2169
1850	1255
2324	2148
567	570
1756	2185
150	139
166	173
21	644
379	290
956	1594
910	1936
336	657
153	148
1706	1203
1073	578
196	379
590	164
1529	228
964	352
1275	1769
352	271
1324	1331
166	172
209	212
1229	973
31	29
2052	1063
740	835
491	489
924	187
734	224
574	966
598	1298
625	623
2132	2044
806	1659
2064	2258
1877	658
496	205
1943	2012
2319	2109
566	569
2215	2286
372	373
1170	1168
1386	1083
2325	2211
831	833
1294	217
2081	1597
1468	231
1144	703
98	104
1100	889
989	991
1492	259
2	1257
2259	2084
1494	1622
1573	242
1135	1187
2151	2055
2219	1063
2074	2094
1544	1621
1767	1441
2113	2289
1452	779
393	870
2194	2068
1733	1196
172	548
758	27
1881	143
609	1377
1	108
611	1531
770	186
165	322
260	263
219	82
2393	2394
2138	2385
1451	438
2489	2032
2220	2222
953	876
1900	2427
2321	2176
676	1310
488	465
386	388
936	302
1302	528
624	241
2024	2131
2478	2030
1129	451
292	295
769	868
1404	1269
311	1086
1308	433
2415	1331
1347	1210
1798	1084
2120	2419
2069	2071
697	802
1541	352
2506	2023
821	1897
2231	2391
2401	2386
709	1128
2288	2361
2086	2127
2366	2131
394	717
165	242
2118	2123
1898	2115
1532	2109
2398	1492
1028	1319
1091	2093
1802	1271
1294	606
1538	131
717	1634
1982	1656
2297	2137
1898	2329
298	1096
415	1971
852	385
887	145
1046	1042
1407	1496
1999	2358
1283	790
2315	2185
2326	2151
1094	644
2376	2344
560	1378
809	1253
81	219
1221	442
872	869
2107	2435
2261	2260
458	1799
1450	1305
293	292
1130	949
2479	2267
1491	769
179	177
2168	9
2271	1955
649	651
2469	2168
1314	260
1531	298
694	699
749	546
1494	1798
278	384
1304	615
428	567
1326	620
1161	1162
2303	2335
246	856
86	83
2499	2299
19	23
1425	1278
1572	737
2391	2498
2299	2309
1594	1487
458	177
1696	1440
1923	88
945	235
472	94
1480	671
2537	2520
1273	774
1137	315
1040	239
2146	2149
269	602
511	513
815	1701
2432	445
2294	2188
768	67
1654	1438
2195	2173
974	1659
622	231
1434	1882
1580	194
1063	2052
2143	2441
404	249
917	918
1564	1172
2058	2054
1562	743
2297	2010
963	1028
1020	43
1904	1905
898	117
1324	1042
483	1186
1876	1183
812	673
654	952
1973	531
437	1039
753	535
1336	1112
1589	602
994	1027
1809	37
884	1415
749	896
206	964
424	1032
582	946
34	37
1005	779
652	85
1380	803
2484	1987
1120	1478
1038	1037
250	136
416	418
469	1215
1977	911
1523	832
136	923
2158	2222
931	494
341	597
2226	2197
793	2126
35	206
1371	2100
959	542
1171	1175
331	190
1828	2144
1457	986
906	1336
969	1454
2240	2241
2225	2076
1694	1304
2043	2044
778	440
1913	1116
1064	139
2348	2112
602	1297
343	1350
788	371
62	115
1888	1927
2207	2078
2105	2089
1021	1179
2200	2295
231	505
2097	2225
2354	2064
1331	2473
1883	365
2310	1691
1184	1737
204	199
1991	128
1890	2035
1741	23
2394	2183
1887	493
1051	998
812	131
1090	827
2038	2040
1759	480
1576	1622
739	1731
2048	2047
788	370
646	642
972	951
1277	926
1795	1744
1830	2113
251	138
1256	43
1481	651
1658	1266
1293	1916
627	629
921	499
1375	1604
1100	1255
1353	992
1111	836
2036	1957
68	64
926	899
1598	1304
1958	2094
638	639
1508	1188
2468	2344
259	1899
711	302
1018	1016
1879	1886
1016	1739
1500	1501
609	313
1297	1909
879	1261
237	66
2478	2197
2534	2080
676	628
2283	2087
1639	1378
2512	2513
1020	703
277	533
816	1782
2293	2258
1965	2065
1206	256
1175	474
879	331
1801	1512
2143	1929
970	1639
1563	2233
2403	2211
1513	529
313	315
606	644
1823	1825
1800	188
464	1503
210	609
104	1095
1172	1564
1275	830
1108	82
1328	128
1393	1395
1299	529
1842	760
1623	1327
2491	2179
2154	2380
1946	1948
1425	1195
557	560
1901	1556
2150	2085
574	208
1294	621
208	1449
1662	1661
1432	1431
316	77
235	233
2438	278
2300	429
871	869
1750	67
2183	2303
2082	2277
1473	1472
126	836
2195	2321
2348	1985
2106	2110
246	855
2224	2231
1349	56
2110	2113
1249	100
2343	2038
2039	2038
669	422
618	666
1264	499
292	294
1585	361
1287	387
1031	1035
785	688
842	1678
128	136
2171	2303
2203	2175
111	314
767	1750
1263	798
342	8
197	331
876	704
2313	2256
572	216
2301	1092
1254	203
1113	833
2041	1943
2211	2281
598	1368
482	480
1798	1494
2219	2221
387	389
2029	2031
379	72
1796	1830
813	815
1998	2068
2241	2427
339	1350
157	165
702	237
2157	2339
836	925
227	928
788	866
268	1983
1329	2447
879	1691
764	769
1063	2012
168	686
1784	751
2219	2012
2226	2228
590	865
392	166
536	792
687	147
230	236
125	121
1701	1702
1370	1747
2353	2082
1300	614
685	962
2524	1890
2283	1063
1257	568
2171	258
940	574
611	210
304	484
1885	771
1465	1841
1436	1041
61	462
619	617
1057	78
1225	1224
319	321
1690	1394
981	1028
476	57
325	140
1549	1550
687	997
2021	2022
1045	971
2406	2339
1845	1846
1098	681
1059	843
1411	1528
2143	314
1115	621
2408	2394
153	1571
517	1707
1570	259
2437	2433
1324	1328
324	1131
1251	1252
1404	122
86	80
1967	1336
2458	2057
1652	361
169	168
607	101
481	264
154	49
171	1194
688	690
158	770
592	590
737	741
2219	2094
1087	1092
1436	1014
469	1216
2368	2088
2354	2188
1220	123
1942	2305
1376	78
2303	2183
223	1175
1096	985
1101	966
452	453
980	1266
1079	49
866	371
634	1737
1042	900
1897	553
837	839
1517	1097
968	1295
1822	1130
1364	802
812	302
540	353
1950	1938
1006	1720
841	484
2079	2282
1447	1233
1074	1452
679	925
551	1135
700	654
1979	2230
749	1196
2068	2471
479	771
221	232
1017	1018
2004	363
905	1914
105	98
180	215
802	803
281	436
836	1125
1436	1440
146	606
576	581
671	672
1743	1840
731	494
161	548
437	577
731	646
1303	906
73	76
104	877
299	833
440	410
1682	1683
1607	1258
1883	1018
824	123
1109	1205
1541	361
923	66
2086	2169
644	1051
2323	2179
198	379
1260	1691
1253	1254
1278	144
1462	1464
1378	560
442	440
2339	2166
2445	2265
146	64
1791	1793
1005	901
907	769
1018	251
1282	1498
774	1273
206	1172
10	16
1619	1359
2081	2096
1697	1282
2065	2314
810	1196
890	1196
435	431
950	982
452	454
1982	2291
1692	869
513	820
1342	1344
224	80
937	1016
2220	2093
682	951
665	178
1942	2332
1841	1317
2368	2149
1347	1743
1954	2374
1523	257
2177	2030
440	442
1986	1003
2022	1652
921	264
1119	1120
2397	2443
964	99
1409	1663
1252	583
495	66
2266	2268
1038	2084
1974	281
1035	14
1826	1828
1169	1168
213	209
82	107
918	701
711	673
1363	1410
1396	1393
1451	700
640	1578
1700	815
1615	453
2231	2169
2189	2188
2273	1496
1646	840
596	1397
422	425
507	509
1074	241
1033	136
2126	2091
1016	916
687	66
992	1060
1502	1646
1123	1125
369	367
671	673
139	385
1891	980
1096	1017
1769	1275
519	285
578	242
1418	1290
243	320
1714	1012
924	72
2323	2321
580	493
1478	138
746	1192
881	1460
746	1219
722	723
2126	2231
587	588
410	1138
1852	1879
2368	2040
1921	1133
2403	2328
1133	1722
930	909
1669	1138
2386	2364
32	25
646	66
1384	347
331	878
1598	1872
661	225
698	95
654	649
1931	64
499	1264
463	464
19	195
2489	2409
1719	851
2500	638
2271	2089
176	175
215	505
650	651
2254	2184
262	826
1213	1218
743	1454
180	1864
2506	2466
1184	144
2538	2154
175	176
2146	2040
2188	2190
1479	237
2176	2282
495	790
142	155
598	595
1125	248
2166	1091
2183	2306
1598	40
299	216
1854	445
1898	2264
2093	2012
424	1398
1656	1982
1858	1674
67	63
2171	2114
1525	496
2113	2215
932	196
28	826
1327	1324
166	171
1775	2349
400	399
430	567
1136	33
957	575
335	331
571	567
1693	1768
673	304
1800	694
1786	714
2124	2126
2473	2177
1187	1192
1639	1025
1290	1288
135	406
2200	2380
510	424
1426	665
144	1409
1556	1901
768	764
1124	67
1310	1114
411	1443
890	889
87	1
1824	1831
414	573
929	682
1612	1108
1026	57
799	12
512	516
357	1729
984	757
94	470
517	214
1162	209
2064	2036
585	279
956	879
2089	2147
1348	1510
915	597
2146	2011
1766	419
1429	969
2448	2055
2535	2205
1230	552
1361	441
71	70
2339	2360
608	663
1241	1242
2265	2267
289	205
981	584
1817	1743
363	207
2032	2256
908	1336
177	176
1675	791
1211	779
2322	2187
300	536
1332	258
1641	632
1542	67
443	442
2077	2081
447	413
2058	2377
1283	127
92	777
608	255
2527	592
498	569
2501	2140
43	282
952	763
975	148
213	187
936	1637
1310	1644
2062	999
336	170
804	802
263	921
170	180
1933	509
1683	1674
1568	439
1287	413
1918	1685
878	665
2206	621
1402	1027
74	339
1039	159
495	835
415	1709
597	1457
2343	1037
16	510
2259	1038
2418	2402
1046	1951
164	165
543	993
1829	111
763	424
2168	2469
1267	240
480	482
2237	2038
1819	1640
63	71
2417	2174
2329	2149
260	151
2298	1140
1866	2390
1704	93
2129	2202
178	516
1115	619
2242	1890
876	1059
127	122
2426	2091
2272	2009
2503	2185
634	636
504	902
2338	2232
1830	2359
312	1658
442	1255
1618	39
628	676
1911	1063
850	852
1359	30
601	602
533	806
512	575
2043	2045
64	70
1868	1428
211	1895
2194	2022
204	1171
80	85
2088	2040
2393	2397
374	376
1989	1255
590	165
710	131
1354	534
1181	503
142	1488
1433	1431
1094	1096
1807	1769
2052	2377
1210	99
128	131
182	1487
56	663
1243	1273
337	196
149	33
2022	1999
294	268
1589	904
1004	893
1020	1456
1791	185
1930	774
1535	609
1245	1082
230	235
1020	776
2000	2129
2315	101
1123	1124
2079	2080
2260	2261
1667	402
752	753
185	189
2409	2049
667	662
970	243
959	444
2447	2304
2098	2083
2282	933
2354	2196
1773	589
2124	2128
267	269
1046	750
413	1014
1931	915
492	494
2189	2208
911	912
1357	1109
179	175
842	1783
1831	1824
2156	2164
2395	2198
769	1369
939	942
1060	1063
2266	2321
1676	1118
2297	2213
382	727
2350	2223
2012	2093
1707	1927
227	1073
2211	2174
1778	983
1532	2318
703	174
2416	933
2245	2227
926	928
20	915
433	431
70	662
2120	2403
677	140
418	1022
1208	1085
818	564
703	1144
310	312
866	867
1507	621
297	298
2050	2047
1127	1126
561	1043
2188	2078
1660	544
178	1706
2041	2372
2147	1954
642	644
139	389
419	1530
1896	382
1378	131
620	835
1744	2352
1081	1218
880	814
2040	2104
391	1534
552	1455
620	1955
408	414
2220	2219
139	384
1145	1146
667	1614
1886	1355
534	300
952	1508
509	215
2360	1603
1402	1403
460	704
2418	2428
2224	2460
2208	2207
2345	2090
1153	1587
678	931
1192	746
1220	145
2300	2013
2039	2055
1098	250
1639	1538
1189	1187
134	1060
1058	659
1382	147
1513	1512
1212	1510
1633	427
2099	1899
1324	1325
1207	223
2082	1093
2514	2282
2414	2326
250	253
1901	399
938	942
334	843
1871	559
148	149
288	290
2286	2113
1536	1055
1288	1290
1071	244
215	509
1503	308
2115	2117
1468	734
1433	392
426	430
373	375
1845	1582
2522	2453
217	596
10	13
1663	1665
1453	585
1199	1022
787	673
539	1431
1530	1597
1768	761
1942	2333
994	995
688	691
603	166
425	1837
1705	806
304	1098
1508	1509
2133	2451
2060	2430
295	371
929	195
1973	1364
1090	40
2121	1734
334	417
836	19
1777	1257
53	1804
710	714
877	879
2147	2000
1878	1392
116	118
367	368
1436	902
1271	1362
2105	2040
1170	16
1778	1240
963	981
639	637
241	42
858	1081
2275	1957
283	108
1318	37
866	868
2255	2015
1897	357
377	378
1160	819
1622	21
1067	1070
2420	1938
1748	989
2420	2458
1314	1317
442	43
156	162
2179	2389
708	379
1240	705
1672	1972
2327	2234
811	43
1190	1192
702	461
2064	2229
2320	1335
101	794
2067	2082
841	181
1431	1433
1038	2270
2337	2375
1340	981
689	858
483	263
1377	347
139	390
995	268
665	1731
523	527
1028	1439
239	240
1832	1275
999	386
2006	2004
377	129
455	458
1087	827
922	1492
2528	878
1035	1280
464	1045
573	1495
497	501
2194	2126
1109	46
724	639
2203	2173
857	770
341	1034
832	833
1023	703
1626	1458
2044	2132
347	344
2259	1954
131	673
749	65
389	1224
995	475
2420	1939
1666	43
2470	2472
2285	2218
2324	2129
1757	1758
257	604
2307	2311
21	1576
162	208
507	510
1070	352
590	170
1672	1477
345	1322
404	1658
617	619
270	274
150	207
1326	299
1064	250
482	261
2031	2029
492	63
82	81
241	239
335	339
1965	2173
2105	2104
1073	1497
424	509
652	224
978	55
270	273
193	973
1583	415
2201	2078
2324	2089
789	678
1075	585
98	102
2054	2052
1926	841
673	1637
81	80
80	87
1854	607
2384	1532
512	573
2375	2391
102	159
1263	1832
2365	2015
956	1486
1991	1328
2084	1955
407	891
710	366
1043	1370
906	1024
1037	2274
2451	2293
1197	271
987	740
884	158
127	1668
847	645
2169	1936
399	401
2231	910
607	687
824	1354
711	301
2229	2064
998	189
1462	644
1889	431
29	845
283	285
1059	1504
2517	1131
139	388
210	595
1642	1855
302	673
793	1837
1399	1922
955	1570
978	1021
2202	2128
1278	1173
2345	2010
1283	923
20	917
1746	1798
1228	1227
1801	140
2214	1954
1649	1167
465	601
478	128
303	631
787	132
1684	1915
2039	2327
1015	1012
1521	1078
2369	2370
1039	1040
1375	1266
703	1479
480	265
1294	339
1883	1275
2511	2454
641	639
632	631
865	1176
852	213
115	262
700	1341
258	1566
2495	308
1580	391
2295	2320
1569	980
707	1101
1190	1189
1736	605
1139	1993
978	1214
436	1459
990	1092
1463	1462
499	501
282	285
2353	2421
2210	2380
2025	2387
2110	2114
1609	43
999	997
1566	1407
1252	840
1161	621
1808	817
840	583
374	1593
2346	1443
357	981
229	390
2343	2041
2032	2173
1507	925
1717	1591
345	618
2215	2111
442	1077
952	284
72	71
1839	1528
938	941
1036	1032
924	189
2292	2282
2151	2038
1033	1786
2185	2262
1796	2145
252	1075
413	1961
636	302
1165	1988
1954	2259
1692	1306
485	483
1494	1746
1563	2479
1889	1514
1802	432
625	55
1970	1971
382	214
1187	462
521	72
445	617
689	353
1028	477
700	124
208	941
317	739
875	843
664	1182
1967	766
1832	1105
990	771
896	749
1826	1595
1761	1464
818	1234
87	223
454	12
202	434
2230	1795
1001	1698
447	1745
2324	2371
370	369
1740	816
2371	2375
2331	1691
197	1335
242	421
1178	1180
2269	2270
1037	1955
2303	2336
1708	1276
1420	1421
226	229
423	386
206	1164
1705	256
1857	1212
701	697
2440	2083
25	28
1916	22
2120	1938
1616	682
771	772
1596	753
1778	780
1134	1135
1883	93
1676	1354
563	927
1349	1232
1538	1540
1670	1671
617	388
102	899
516	587
1352	954
201	1452
11	13
1647	589
1312	446
325	1708
2235	2038
922	1491
1659	1102
299	1457
1917	707
71	67
238	240
2077	2078
508	171
68	1285
1710	1148
2510	2031
1787	3
1277	1281
1449	1204
890	412
546	1088
1940	111
158	321
2409	2149
1536	1367
565	527
1325	1742
718	450
959	269
979	1170
2230	2123
728	729
2155	2157
1502	1726
83	115
2232	2064
1636	1638
1742	1738
67	925
2358	1983
2306	1656
1104	46
2099	1371
1356	1524
2408	2512
854	1295
1172	733
849	702
1270	1834
394	1591
1424	769
887	769
2271	2201
1900	2017
2095	1053
848	891
1288	728
384	1287
2401	1939
2205	2074
461	237
1235	1238
1310	111
1931	78
2326	2293
1744	1092
207	288
1024	36
2203	1903
2165	2356
965	112
1741	1323
146	66
1561	428
2090	2049
321	320
33	359
1865	274
443	927
153	1822
977	729
1796	2144
2060	1755
2134	2248
991	77
1484	700
654	1194
2443	1886
2422	2229
886	1765
2130	2045
2413	2366
864	43
595	63
1855	1679
435	686
2406	2208
687	851
367	370
661	659
367	369
200	291
748	368
2179	2275
1189	1188
247	138
486	487
2204	2117
1799	458
1544	1183
365	1883
1065	172
2093	2128
690	366
1194	170
1813	1319
190	191
312	404
1196	790
2485	2415
107	82
2063	2064
2381	2183
765	189
1077	1355
733	169
1991	303
126	297
2018	1985
2439	2275
1689	954
2066	2424
911	732
520	574
603	790
1417	1419
1310	75
904	1366
1916	1334
523	145
1022	390
1885	808
92	95
2050	2101
1557	265
1044	1337
1876	1184
1166	1315
1641	1927
221	1725
1245	1246
1565	366
740	1644
1043	725
2353	1091
2017	2037
2058	2231
2446	867
967	651
646	600
1084	588
960	1309
1974	280
505	155
2245	2252
2154	2381
1364	1544
1831	188
65	66
1393	1396
1042	1043
2432	2340
585	743
977	1673
2485	2035
1975	76
2216	2218
214	1321
2230	1050
274	843
177	395
269	268
1613	299
818	817
1514	1752
1263	879
967	409
2027	2447
1613	597
985	621
1911	2169
1109	894
1593	374
1486	567
2353	1092
1006	1439
350	347
193	802
1582	786
338	1442
799	1372
1216	1215
1082	265
2400	2343
797	953
2205	2177
2179	2323
411	408
1823	414
215	167
1939	9
995	1982
2429	2440
1321	1640
2067	2093
889	746
1968	174
2451	2077
1698	737
2023	1174
1392	1676
1317	1313
811	1099
1447	1102
91	566
8	342
1917	410
100	88
548	583
2263	2113
1719	40
121	7
475	473
98	99
1770	146
2001	2087
354	344
532	534
976	1205
2021	1271
2298	2457
444	445
866	788
1103	822
568	453
1248	1117
1941	538
1451	569
1518	346
90	421
438	1397
2199	2198
1315	1313
2245	2253
1179	951
1099	681
257	663
565	265
1457	1644
291	288
460	186
2068	2377
431	433
743	1497
894	804
2250	2044
1997	1998
1491	924
207	205
2336	2302
69	1736
1522	1615
486	488
1124	924
464	1472
483	260
776	1274
1083	1150
633	952
254	255
1084	1798
1114	1117
1771	1773
2167	2225
1061	1060
114	1478
1743	1539
1485	836
2145	2305
635	1247
909	192
828	963
2429	2039
1291	123
948	682
220	1320
2208	2190
861	1166
1726	1728
1687	1688
2462	2062
630	627
224	1058
1353	1354
2265	723
1255	1256
2534	2266
1698	1053
2103	2101
794	2183
622	233
191	299
1659	973
2266	2320
728	418
560	1637
1235	1237
334	416
885	1421
2369	1837
851	997
1616	1909
1083	161
309	488
2495	1400
2344	2018
1677	559
1721	426
439	442
2009	2008
743	899
1561	1173
519	578
2410	2244
663	1053
11	10
232	776
1182	790
1716	1591
1414	1526
603	70
1387	745
2314	2361
1447	355
1260	1460
1792	1595
2511	2015
1589	406
252	927
1896	377
2309	2182
1888	138
660	224
1179	1071
1347	1325
182	1580
194	191
1116	550
779	1452
645	1423
1182	494
1091	2086
1523	604
223	83
1355	441
635	1321
1397	550
423	1287
1095	1060
187	922
1426	1099
2192	2193
133	128
2055	2150
1303	769
2455	2456
1085	1082
337	1137
125	1284
1140	2299
734	215
194	52
347	346
352	964
922	925
2373	2065
1829	1117
959	268
806	973
2371	1837
1429	1505
1202	290
2263	2260
2207	2046
2415	2320
1051	606
2313	2046
519	576
2021	194
2008	2009
1347	1744
132	572
2128	2095
1613	740
1663	1666
1598	1116
1055	1698
412	1190
1423	645
396	397
1197	1199
1323	143
21	537
1304	505
532	533
2047	2048
413	447
391	194
1271	802
1359	713
1985	2018
77	536
2327	2055
2206	2256
1605	459
1509	840
99	100
2245	2251
2138	2163
1314	261
1360	1915
1276	1100
2195	2179
387	388
1452	243
1675	1345
2436	2428
755	752
2266	933
801	800
2362	2268
1300	124
938	208
128	132
1039	574
598	1024
718	720
212	339
1957	2258
1111	449
1903	2207
2067	2095
2159	2311
2370	2251
497	498
350	345
494	667
283	43
1645	1449
1125	376
986	1467
35	275
324	1129
1482	707
2280	2279
2178	2317
2101	2103
1338	665
487	489
351	321
65	63
147	604
606	1397
701	802
1514	476
295	1488
658	776
131	710
2292	1092
2512	2408
1609	1100
2289	2075
52	216
1973	1221
2011	1955
689	462
1981	638
539	541
546	70
1411	1527
1046	1674
1857	442
1805	674
70	494
615	1304
1325	1347
1741	1941
537	374
171	1193
348	346
1123	495
2358	1461
1470	1091
2129	2127
2365	2498
440	584
477	1028
2406	2171
2344	2249
692	991
2441	2134
476	492
1470	2174
1768	513
1463	1749
2399	2320
1696	1028
1245	1085
168	180
560	1310
477	474
263	1272
494	147
1336	1732
758	1506
2357	1131
40	1304
1139	1222
1810	2074
1515	842
1065	549
1239	1240
265	261
1786	1482
1482	1481
124	700
1475	1476
682	460
261	1501
2167	1604
596	925
746	702
1978	490
1153	1284
1644	620
1360	1358
2246	1997
1300	1299
2298	2009
349	59
328	329
364	362
264	265
1900	2278
1372	1052
279	585
1901	1710
1370	1579
1155	1298
686	1592
2339	2309
495	64
1431	1432
1753	1754
2499	2032
305	673
1996	309
959	266
1579	817
1175	865
2083	2089
2045	1563
162	226
2374	2038
1141	114
2451	2335
1190	1187
915	917
1202	719
2281	2211
800	782
437	1752
2467	2344
1449	942
687	495
448	373
327	325
2181	2028
1522	1611
489	486
1071	743
1794	1291
1394	1690
1812	152
2431	2268
647	141
915	916
2331	2408
2089	2001
980	343
343	679
582	576
1348	1020
138	249
36	1433
292	296
342	335
1723	1606
1404	1405
620	619
2309	2380
387	386
1064	1502
71	790
2412	2282
447	411
2101	2090
1533	2051
206	7
291	205
138	253
964	206
85	1475
1197	1198
280	938
976	1203
135	602
557	559
67	790
754	1333
2426	2205
130	301
571	551
2077	2079
1490	1488
1028	1725
2137	1952
967	970
592	770
2258	2032
2048	2327
1537	829
600	790
565	545
199	203
175	180
527	1459
402	405
1596	1597
1644	607
778	1452
992	1095
73	79
1920	808
838	791
2064	2257
154	142
710	711
1698	528
1896	77
2520	901
1077	442
663	667
1655	614
2186	2189
137	139
1445	113
1768	1452
444	448
2336	1965
386	1287
156	159
44	859
836	187
1349	434
2151	2256
1824	420
690	305
2305	2092
2187	2199
748	370
898	897
196	339
1633	1019
238	241
623	626
233	108
1989	99
136	790
1490	1489
1043	730
2500	1811
2082	2292
315	1408
461	830
21	1799
77	1057
2306	2456
1105	1641
598	1057
831	314
128	134
365	1018
1831	826
2194	2222
1398	1782
1203	1204
391	1992
1523	996
335	343
1304	1305
1098	1160
1334	268
1543	1126
238	243
1351	1352
1593	372
2157	2245
2287	1830
1458	162
1451	1231
9	1939
2142	2472
938	577
782	427
13	10
1727	1642
1108	1612
1141	1143
1868	1206
1717	432
989	769
2493	2494
767	546
2004	2007
1813	1631
782	881
1460	878
446	381
2038	2151
2480	1533
1723	732
878	877
541	576
2115	2087
717	1777
1495	1969
1395	1493
994	1113
178	1341
1361	442
171	947
2137	2241
1980	1249
2083	2085
1510	1887
614	1655
852	189
1418	1925
396	398
983	1138
936	1538
289	288
627	628
576	586
1567	140
262	614
652	218
80	82
1031	1036
1585	1480
1285	600
272	351
1690	1543
1413	466
1710	1151
2201	2282
1528	1411
941	947
1713	1712
278	280
659	829
1670	1672
97	96
1903	2205
0	1
61	1665
2057	2055
1146	656
501	482
1052	1694
1649	1651
1229	1102
1156	340
514	882
1055	738
477	493
1005	255
782	882
117	898
951	445
306	308
2402	2426
2061	1728
2506	2507
2489	2205
1092	2421
735	736
584	854
2404	2405
98	101
1359	1233
526	575
736	735
247	727
2428	2418
603	1644
776	174
998	991
237	702
1519	1518
660	1107
1725	174
2078	1954
2247	1992
2456	2257
780	943
284	823
1313	1316
852	1095
807	810
1381	729
2071	2512
570	1084
1997	1999
1986	308
1737	957
1092	2353
440	578
1892	1893
2468	2110
823	282
1182	1034
1714	1074
1211	1628
1870	1871
361	1273
1851	379
1816	1491
817	359
299	217
1633	208
1137	1409
751	1376
2207	2208
2004	2005
680	575
1683	903
604	606
2230	2060
1616	869
200	203
1388	141
1378	1376
2274	2235
1093	2282
2459	2123
1726	954
2316	2206
774	336
1506	1012
765	767
1033	399
1709	1184
2319	1532
1634	394
1493	325
1440	1024
2214	2435
1938	2410
1341	1705
2238	1939
1082	328
1941	1341
1247	1030
1827	72
85	59
2207	2285
1818	1819
2326	2001
2511	2102
754	258
2147	2324
567	568
1181	663
1363	1254
2263	2075
1039	1041
327	131
391	573
1052	857
1491	836
2422	2281
596	68
1052	1194
2109	1532
2363	2137
1175	1176
1448	680
1787	329
713	1907
1014	23
2005	1810
1717	1716
49	51
1275	659
1447	818
1706	1205
1737	1735
1488	998
1164	129
1159	1473
1117	607
2519	1857
2464	2465
2173	2080
1210	1622
305	1637
816	1928
1855	1167
963	505
2371	2082
384	281
1002	1003
1678	1516
1052	222
1594	1595
790	495
1651	786
1725	1041
1097	1317
2112	2347
637	641
670	514
207	203
190	198
1418	856
2451	1174
1486	187
1576	904
622	623
725	1162
848	53
317	687
131	714
1666	232
1710	1149
2309	2127
2304	1744
1433	1695
1049	1734
899	927
484	1168
889	890
1043	758
416	165
279	1752
1069	780
2217	2064
2214	2259
1230	1075
1725	493
1891	383
1002	625
52	215
1927	1641
810	1397
214	451
915	563
2328	2274
1354	727
922	765
204	201
487	44
1650	1739
2533	1958
57	476
2275	2032
1930	1643
1494	1047
439	93
646	678
356	435
1854	832
775	235
161	158
1902	1336
441	43
692	305
2089	2084
1582	1584
504	1183
1078	1906
1031	1033
654	968
2123	2440
172	955
2328	2167
617	494
1005	756
471	470
132	302
891	407
383	1043
953	1214
1136	692
1577	1059
1019	658
78	1124
1090	1408
1516	1527
1704	1355
2206	2290
155	734
166	169
680	681
1357	239
348	1518
812	327
2521	2399
1756	2163
1346	1014
574	972
1967	596
1618	38
2111	2110
1090	1960
791	838
1613	810
237	174
1147	1022
887	766
453	895
1018	1664
1801	1800
2403	2460
1749	800
688	692
2410	1830
909	1055
1693	1261
829	830
423	139
267	1827
2097	2014
2085	2038
1222	40
1944	2398
1644	1507
1812	453
373	644
1608	1607
2148	1038
1719	1341
2276	2127
1874	565
1265	1314
2260	2225
1280	1031
1476	353
494	70
66	792
578	899
1196	217
492	493
492	57
234	230
140	1571
2533	2294
714	690
1278	1282
1029	1030
1093	2373
1266	170
50	51
2225	2113
1482	353
15	348
1183	713
2399	1444
2024	2171
15	1518
333	554
1178	288
361	1685
2524	2133
1391	1548
1171	1048
1909	548
1061	1161
2260	2010
66	65
1008	1307
363	434
851	1001
1545	589
1902	901
1627	1453
708	1171
2012	2128
496	206
540	628
717	1257
2086	1744
878	1460
1581	249
722	258
726	368
453	1302
1283	1285
2082	2352
2330	1691
1491	922
2273	2087
1576	24
1533	2297
1331	2266
517	511
348	347
961	303
1284	520
1527	1411
2141	2470
724	194
1324	1329
2422	1958
1228	435
1033	1035
540	1541
2300	2001
130	303
178	1705
604	605
734	505
1652	1410
1240	105
2440	2134
2448	2056
274	1454
2332	1907
38	1268
2012	2324
2159	2320
718	719
2516	2313
2228	2197
779	417
2101	2009
1689	1815
1103	1106
1491	68
987	619
1496	1027
925	1507
679	931
1065	509
222	59
2010	2215
1726	1502
2232	2131
309	486
276	275
733	1021
1712	1502
410	208
1989	460
1553	1555
643	847
2507	2103
1105	1245
1278	141
2087	2274
361	360
1652	696
2149	2259
1270	1835
1569	1481
1286	952
1968	1043
2420	2143
1418	1567
1449	1147
655	1059
1057	751
400	43
762	424
362	1711
54	59
2232	1091
1848	1846
337	727
1755	1867
772	741
1241	1194
820	707
763	762
1975	1008
133	691
1563	1756
976	630
1025	963
764	765
1271	456
2215	2010
222	225
1637	936
38	943
1047	303
392	394
559	492
2126	1322
675	897
111	1391
438	1271
901	1167
2325	2213
2454	2053
2249	2000
477	538
1321	1513
1536	1510
743	585
2220	2128
1005	1845
650	658
1793	517
1305	1747
1103	1105
499	1265
1045	1046
725	722
1189	746
661	1058
1744	2293
202	204
2002	1998
1956	558
238	163
917	375
1434	162
1645	680
969	1189
733	2
2121	1728
172	581
631	636
244	1109
989	832
2089	2271
1041	1039
409	901
1867	1598
1500	1401
159	162
1410	336
834	612
1231	806
2315	741
0	2
128	133
624	82
347	348
708	206
2248	2192
2047	2053
2452	1331
1961	1014
1750	1397
1017	1015
216	604
71	63
275	206
585	1320
899	864
2527	2233
1129	1261
2499	2079
1055	1011
322	320
414	409
954	1374
998	1488
1129	131
1183	1381
1888	251
34	39
1817	786
588	1372
1037	2148
1349	81
2026	1678
2205	2127
102	927
1298	714
14	10
309	21
203	288
663	494
1647	1218
84	223
2339	2382
2507	2087
1046	1270
2066	2065
2381	2380
1311	1805
1789	1790
460	174
2223	2225
1429	839
2292	2499
1492	2010
256	220
168	822
1234	1233
2276	2282
617	101
226	228
232	237
2228	2388
2378	2210
522	239
2055	2038
1348	981
1903	2211
716	413
2493	2495
733	108
693	1105
392	395
127	1840
379	257
623	625
1259	1261
2206	2352
1599	1449
192	559
469	1401
2039	2151
676	1311
879	1460
82	42
343	1229
2223	2224
42	859
975	980
676	1309
452	456
1279	94
2274	1037
594	590
1967	189
1481	221
442	1256
760	762
1498	279
1705	178
1876	740
1273	1243
937	1025
824	1364
1856	1950
704	876
1225	1601
850	385
223	59
1268	1618
772	739
2142	2141
2111	2113
377	78
1376	1377
1689	429
1786	1612
2173	2077
1443	993
321	1022
442	854
2504	2502
1822	140
2267	2233
1441	967
1296	1297
103	417
1523	618
841	843
521	1099
75	692
1431	36
417	166
772	1454
2003	604
1330	2319
1339	492
2352	2206
1883	421
1639	1340
1954	2040
1049	1047
2067	2094
612	834
272	274
339	604
299	617
1551	1509
441	1361
1223	1225
1087	1089
1233	1447
1259	1263
868	766
1973	88
2482	2498
2	733
171	508
2083	2011
1370	421
1824	244
304	250
2190	2189
1203	966
151	1429
735	629
968	66
2411	2117
1728	1942
72	1034
1421	873
138	248
34	40
1459	575
1410	1411
156	160
1913	1914
2426	2149
2037	2041
1512	357
205	199
1546	8
680	683
240	1204
664	620
1812	142
39	1268
235	237
1466	2289
322	580
2303	2171
1865	1081
1943	2373
1647	1081
2136	2138
1132	328
2493	2496
835	987
1477	1476
1091	1470
1300	1724
228	1034
148	153
2504	2139
505	734
1343	1055
643	647
2371	2077
165	321
2488	2080
2055	2151
92	804
2368	2271
1962	308
2209	2489
157	164
259	2134
1686	1244
65	64
1953	1684
1507	1034
2231	2293
2115	2089
492	474
308	1880
1262	1259
1945	2437
369	371
1326	1542
1122	1119
1053	449
2268	2178
75	736
2385	726
608	1027
853	143
108	233
518	522
1327	1738
126	765
817	692
1028	907
1659	1231
1477	1672
389	386
697	694
1445	1475
275	205
852	867
1819	357
2479	2208
913	1976
177	1534
2086	2326
2387	2280
340	1156
1818	357
142	154
39	1618
1154	1805
189	187
1033	1280
835	1644
906	1028
443	1355
2453	2522
480	481
1055	930
1229	806
1452	522
648	807
2023	2026
2057	2037
1556	1201
2049	2077
1920	1674
1177	1686
1670	222
1013	1012
209	210
1651	824
2007	2162
208	706
1042	750
1196	687
1383	268
2518	1546
2226	2199
1796	2359
2400	1855
1230	1497
979	404
2201	2321
618	66
2177	2411
1397	67
1267	1268
132	318
2438	2065
280	563
1283	1284
846	848
620	1182
2407	1092
249	1581
564	289
1277	95
1004	575
1470	1092
1169	659
1770	383
1681	844
1686	1635
251	1064
2125	2193
2206	2284
796	801
1128	1445
408	410
320	237
229	702
395	1579
1514	57
503	662
710	305
1561	521
1712	139
2078	2077
1317	1953
150	152
1936	2231
2089	743
2326	2113
1058	223
1799	1607
175	179
780	828
2065	2078
1455	575
959	1327
1544	779
1717	1634
1263	1260
299	620
279	706
2105	2235
1004	280
2225	2263
2367	2113
351	591
1761	1201
546	147
24	1576
1053	1698
1146	1700
617	495
574	520
1535	975
1432	1806
2001	2086
962	352
100	780
776	232
909	1011
1857	563
1202	730
848	846
759	757
2010	1492
2055	2235
2100	1371
1793	105
2374	2055
1879	1496
2080	2185
790	1507
289	207
1675	243
2474	2131
2400	387
1906	1652
837	825
1837	1943
22	23
401	1194
1083	237
880	1065
2270	2040
857	233
360	365
1005	910
2165	2411
618	1073
1757	1571
2434	2041
675	898
1107	1482
1190	746
2099	2095
1714	1715
104	1124
335	338
606	217
2352	1744
423	388
2107	2219
123	479
2041	2343
1427	1428
1428	1427
2323	2302
300	537
1188	1508
1489	189
1369	868
1356	1525
1357	244
2130	2132
2381	2210
2162	2161
726	63
2017	1900
753	258
33	149
2168	2143
1240	275
1070	682
1297	691
1920	1918
429	426
1305	1306
831	1164
987	1644
181	949
285	519
1176	474
337	335
1877	54
766	836
691	347
1290	611
962	963
1286	376
828	395
1850	1221
1152	699
2306	2164
2172	2024
2119	2126
1372	475
593	161
2448	2126
2267	2177
1086	1082
711	692
2466	1532
1468	417
774	1366
1406	603
2143	2221
1002	1005
236	704
2423	2002
1171	205
1	87
796	800
2148	1955
2518	1444
2120	1982
2240	2137
435	732
1827	266
1497	811
2052	795
1387	397
2483	2349
252	1203
937	1944
268	294
202	1171
2321	2266
461	459
560	557
2301	1091
1242	823
52	221
645	1497
271	493
964	962
1058	1059
2491	2189
1259	879
2261	2315
1855	1680
2335	1329
1257	422
2167	1898
541	277
429	15
2005	2007
848	847
1804	86
2521	1163
980	1579
12	1121
2172	2306
1189	462
1200	1935
211	1442
775	1101
2523	2415
1546	893
930	605
274	1725
782	62
573	1373
1099	1101
667	664
694	697
166	174
880	1064
128	130
1095	607
866	367
802	806
486	489
2061	2125
137	140
1421	188
488	1218
204	205
258	725
1328	819
186	321
888	867
88	95
340	561
201	241
2378	2032
933	1957
50	107
1627	1211
2083	2087
2200	2182
621	617
572	964
1136	1137
1106	1510
716	903
270	272
1061	644
1812	1570
817	16
1844	1423
438	431
2025	2023
670	1864
939	208
87	80
2434	2093
2071	2506
2513	2218
1273	484
620	931
1433	539
1396	1207
1955	1038
348	859
605	1736
733	1008
1850	1821
316	313
1778	1602
351	593
1571	140
1371	2057
1100	707
792	1124
2454	2050
111	1114
570	481
764	766
2139	2142
1806	1924
1661	1662
1198	493
2266	2082
1032	1398
1342	586
64	71
1214	82
1239	1041
871	874
1877	476
828	1718
2093	2095
2123	1286
2400	390
1979	1981
2061	2169
1032	219
479	997
1494	205
1587	1711
1553	1556
868	769
812	305
1810	637
921	260
2351	2110
789	792
1890	2164
967	969
412	890
837	840
1653	1181
248	379
1033	1785
850	187
778	1357
1656	2260
607	835
2289	2286
1425	1277
205	275
1083	1144
373	1592
1768	1120
1424	766
649	632
710	712
200	289
2399	2304
1104	275
1377	1477
1808	16
2492	2303
86	55
2091	1728
494	63
2012	2222
1831	956
351	592
1679	1681
2500	356
2503	1163
8	456
576	585
678	66
1959	1459
1852	253
2278	1900
1069	280
195	19
9	1503
978	976
1967	836
1048	205
2425	2320
150	253
303	692
255	450
1445	56
1639	1640
1396	1243
1343	575
1083	321
272	173
995	994
856	286
1221	1850
862	1158
643	891
160	158
1535	42
1665	1577
1530	1232
2289	2288
55	62
231	419
1099	1070
473	474
2343	1903
815	46
1909	572
2028	1174
2008	2015
275	279
986	1115
1574	1044
930	1053
1459	527
850	851
783	983
1788	1477
196	662
476	473
1836	266
672	861
314	831
798	654
237	777
1481	1019
102	227
67	64
236	1718
1051	1095
2028	1829
2347	2112
2289	1898
1132	1
607	987
150	817
2525	2068
481	485
2077	2082
2213	2296
904	290
144	1666
1626	1453
103	227
1605	1242
856	921
1488	78
481	570
512	517
762	1032
2122	2409
1392	1114
892	548
999	1337
982	1272
368	371
1365	612
2185	2176
2327	2041
2049	2122
1662	997
1742	542
1478	432
1955	2084
222	180
2444	2002
1202	75
300	534
1233	818
1903	2176
1508	1646
2347	2114
940	707
76	78
366	360
43	590
338	1332
1967	925
1685	774
180	170
924	765
1850	1950
789	687
1405	296
115	329
2246	2359
644	1055
45	160
448	444
1079	1080
22	18
811	593
1184	452
1106	1103
269	128
1264	900
688	640
1220	741
1230	252
55	623
1155	675
937	1575
2003	2231
1468	1469
142	1130
1598	836
2328	2211
150	33
1060	1061
2113	2288
851	1000
813	816
1640	1819
2152	2027
2350	2015
1359	1381
1769	762
2352	2292
2328	1037
981	686
1737	1320
1923	1843
536	300
725	1236
2462	2129
2068	2076
2513	2339
2295	2412
384	684
746	1189
1074	928
2039	2085
1042	644
1617	1599
2427	1900
1652	8
1438	1318
2378	2421
13	11
1243	1461
1936	620
1217	1081
129	300
2062	1337
510	508
829	56
2426	2061
1189	1192
582	777
834	1572
1184	645
712	1430
2367	2263
613	172
2116	2102
339	860
1998	2002
2076	2301
172	1039
2510	2282
792	445
747	92
676	557
886	1266
248	253
925	596
677	855
1828	1907
182	137
1931	749
2107	2221
2447	1735
2392	2133
2200	2183
1078	1264
1673	141
775	240
570	139
1997	2001
348	1520
2332	2093
436	527
2282	2201
1961	1745
1446	1535
576	583
994	905
273	271
2165	2301
1117	299
1723	1133
892	895
1319	1695
322	1449
1238	276
1254	584
1494	1493
2289	2083
204	202
2055	2106
1097	1094
148	154
1043	1371
2357	2208
2151	2085
1354	1548
322	1752
2058	2376
2150	2040
1753	1756
1087	1093
1205	1109
2362	1567
1197	351
34	36
2322	2198
2273	2274
1310	318
197	193
1751	1114
410	707
805	802
1327	753
14	1401
1459	927
1282	147
754	753
741	930
1316	900
2013	2160
355	419
571	428
1077	1255
540	1403
559	1339
930	1011
730	719
16	344
1370	386
2089	240
570	567
1967	907
1502	1713
1057	1328
2402	2401
1779	1780
2040	2105
1607	1966
2235	2055
1695	548
417	775
802	701
987	835
2320	2159
815	816
877	730
2118	2022
2534	2181
766	868
1989	1990
2270	1038
869	872
217	299
76	730
2489	2072
2189	2186
763	50
1604	2168
2274	1038
2234	2106
2084	2148
1588	135
206	207
2097	2246
2027	2450
2175	2203
2010	2083
2044	2043
730	1202
1955	2324
1368	808
387	423
2089	2282
574	243
821	819
1134	62
48	1387
454	515
561	1354
224	180
410	1041
2523	2369
1340	326
1694	1212
1249	1390
2528	1691
810	790
263	982
177	179
796	458
2241	2239
1391	109
1916	963
2390	933
2347	2348
320	770
225	1058
1026	1817
2404	2031
2137	2240
2013	2037
649	655
1098	819
793	1936
134	454
0	5
634	785
414	1973
1771	1772
188	1119
1611	830
1391	1118
1936	2038
1206	1207
370	371
334	165
986	597
245	246
2387	1939
1954	2293
325	324
895	892
2365	2460
13	1275
215	1021
72	600
193	1350
945	451
489	487
320	1022
986	339
1969	2027
2052	2219
349	16
2103	2102
2134	2075
2339	2490
815	215
2143	2470
886	166
2422	2196
2463	2430
221	1673
2119	2139
1189	124
1690	386
1791	1792
1122	1303
1911	2089
1078	1405
373	376
433	1471
1183	1268
519	579
956	1487
3	108
715	717
2429	2249
1160	691
1128	1349
2030	2415
1517	408
993	1547
217	835
2059	2060
1115	1204
796	797
331	194
1215	469
626	623
1899	1371
1654	672
75	609
2083	2038
1321	635
6	9
1325	1744
2281	2174
741	1943
1630	663
1123	189
1146	570
1575	1574
2391	2268
1869	662
1550	1639
1213	799
2425	2424
496	708
305	711
325	327
1452	1453
53	649
2396	2023
1024	1675
1364	805
1808	170
299	1118
58	1577
686	132
1067	436
982	501
2503	2317
1778	1671
2055	2085
2290	2206
1407	1565
1039	581
2275	2276
305	131
1115	617
2531	2072
2072	638
1372	1456
2290	2292
97	1148
797	514
927	1112
573	1579
945	568
2276	1957
1241	52
2127	2129
2160	2053
2023	1159
2096	2098
1296	787
1761	362
1320	709
1186	588
52	218
1637	690
185	186
1066	1648
2265	2337
1979	794
1987	2339
1278	426
618	69
8	1233
1423	1425
346	1519
556	1599
529	531
2194	2192
325	250
291	201
1343	753
649	652
2487	2427
2350	2158
816	813
435	1681
2410	2418
778	1449
441	1077
1623	1624
1095	1061
774	874
663	1196
195	190
1293	368
665	22
2295	2299
1004	281
1007	1010
2179	2036
1022	164
289	291
782	879
1782	219
2095	2093
2286	1899
2323	2229
113	112
238	174
101	793
808	990
2185	1163
2119	1936
876	233
2269	2107
1199	157
4	108
331	879
804	7
2096	2097
396	124
1069	572
1325	1743
1522	1135
2457	2427
2289	2197
821	303
2073	2309
1565	999
1635	568
673	305
1939	2420
2403	2075
728	730
1904	483
2379	2154
2139	2141
1955	2089
2006	1532
377	77
2380	2379
2521	2277
1915	862
1372	965
2043	2046
1768	1769
340	1554
2135	2049
2306	2066
796	799
536	78
1714	16
1048	786
962	646
2281	1092
1004	242
1331	1744
2528	2142
2461	258
877	76
591	1145
302	132
1302	524
1759	707
1796	2230
845	1137
810	597
1666	1663
1205	978
2511	2090
1497	1230
1088	1337
1510	57
927	1230
1417	1289
2354	2171
785	786
227	1499
1303	766
1344	1343
582	577
18	21
2155	1691
720	718
642	645
289	564
407	513
39	38
1656	194
2180	2174
13	256
1733	1734
665	1622
1	107
652	59
996	741
707	208
13	1274
1794	1050
1166	689
1581	707
2384	2434
1533	2145
1143	838
242	576
1830	2326
778	243
712	1525
1579	251
2286	2115
241	320
1429	1313
180	1451
2150	2106
1072	244
1695	1320
1978	812
1280	1277
1561	1563
2484	2145
1616	205
1117	985
1943	741
1051	644
1849	2438
1451	1161
2516	2503
647	345
1917	1320
1550	1540
1636	118
744	745
1609	1610
1241	1135
2121	2093
1254	196
736	824
1042	246
1369	769
1968	411
170	593
2013	2151
2268	2391
430	569
2180	2407
812	129
776	240
1632	1634
1135	1522
2423	2424
952	884
284	471
2327	2048
108	422
1231	1412
2162	2318
181	175
44	881
709	727
1901	1714
827	1090
2033	2353
690	327
822	1398
850	213
2038	2088
401	14
741	678
833	1111
1217	1218
2111	2146
2287	2368
219	85
2381	2256
964	1172
1217	1221
1306	823
105	705
25	31
575	424
1676	1117
1071	779
752	755
108	944
2469	2351
1604	1523
1217	439
563	436
972	938
1343	159
2018	2345
1202	77
1156	696
1510	712
2036	2082
1016	1846
1749	154
333	555
1061	792
2060	1999
2101	438
1322	2169
379	198
134	1063
512	574
2274	2414
2011	1038
23	1834
1298	771
807	808
1622	1341
553	820
2083	2086
490	486
1192	1187
2337	2444
2454	2102
1382	835
622	626
1346	1347
459	462
2312	2191
2083	2014
2310	2307
1055	909
542	544
1540	1538
819	1098
431	438
116	117
661	224
495	678
244	1204
280	682
1910	555
273	407
1988	1989
1827	63
66	67
824	877
290	198
2509	2154
1638	118
1343	1344
659	59
1204	1115
242	1573
687	835
1105	152
1747	1305
758	1025
1909	1882
2177	2205
2104	2055
2509	2380
147	835
414	1823
501	485
1986	1987
1759	1185
1613	860
726	1000
2226	2229
2474	1945
223	87
1393	178
62	1972
1137	1290
2464	2154
1565	835
2020	1461
847	848
67	68
1458	1254
189	836
985	835
793	2127
1242	355
2189	2315
318	77
2149	1955
2039	2037
1670	979
2160	2162
371	369
230	55
2190	2173
356	516
2506	2280
2175	2177
1491	925
584	440
1763	2427
2159	1507
655	649
761	319
2111	2143
803	802
1095	1344
1607	1568
436	280
1440	1439
522	1497
135	808
2379	2210
248	250
395	141
816	144
211	1116
1853	1854
782	880
2071	2528
842	757
2449	2451
1296	673
909	930
2207	2422
1375	1523
1417	718
1676	1643
2056	2448
2220	2091
620	618
1354	216
1732	769
133	1574
1269	869
1992	2065
1451	1229
1074	1752
2492	2293
483	501
1652	802
1262	1888
476	1020
1789	542
1391	111
1609	144
2086	2115
76	1057
312	1786
31	1658
1195	1278
2534	2270
1341	700
1770	1166
2326	2087
205	291
2119	1898
255	1097
483	485
2232	2231
257	339
2040	2150
1812	670
1038	1954
440	443
953	689
2491	2208
240	622
741	1837
1156	432
163	240
1958	1942
1382	621
2011	1934
257	413
2520	620
711	710
1418	1257
278	276
1646	1279
2306	2424
237	1479
1305	1746
1547	1671
142	688
2173	2175
2536	2281
2507	1532
1832	977
1154	1136
1006	100
1277	1280
22	192
517	388
1656	1992
1782	80
626	625
2446	2204
1769	1807
1193	171
2388	2226
73	77
1955	2149
1488	1931
1913	515
1079	712
1578	1577
1923	1731
859	44
955	798
2038	1936
2415	2222
1537	1168
1293	337
2072	1810
1865	462
1707	1064
531	529
1257	1258
1522	430
924	790
571	1705
1775	2108
1765	886
354	935
367	294
1163	2293
1749	1325
1024	240
990	1091
2407	1091
2042	2151
541	1995
2508	2170
181	1705
448	665
1366	824
531	746
2308	2310
1867	791
458	1607
1300	529
1375	1374
2138	2386
1973	1994
673	690
726	479
2344	2466
1590	609
55	626
1879	255
316	727
1294	604
1672	1410
1119	1121
1267	252
1408	20
979	1670
804	694
1171	1069
579	592
2134	2440
2014	2314
1043	1046
607	1061
799	1217
1714	418
213	611
2117	1898
2248	2249
1100	1256
1321	1511
593	1456
1110	1524
1189	1190
635	1217
926	1454
1913	1722
774	1802
2124	2093
627	630
1559	1158
1024	1440
2016	1985
886	884
700	397
1086	311
995	1586
1080	51
1330	2136
2004	1998
1337	1053
413	844
637	639
1651	603
2246	1899
1856	2036
1271	1363
901	126
2416	2417
1422	150
1345	1675
2130	2043
829	224
657	656
534	533
1616	572
2400	386
2142	1796
2140	2095
68	63
802	32
445	792
2401	23
146	495
908	192
1388	1183
2383	1950
997	134
1771	1407
2284	2088
228	136
197	194
260	261
408	412
1662	852
1043	807
654	284
1394	1393
778	1459
929	679
628	677
502	504
976	894
2164	2166
72	68
1571	1372
12	1250
1455	519
2086	2001
2153	2159
1321	214
2047	2049
1044	1586
1817	826
1932	37
1739	1016
2132	2200
1779	1781
256	1207
1259	1260
1513	1321
1725	1028
582	581
803	1380
2029	2030
1394	1396
2	56
431	435
1564	1122
65	679
1227	309
1842	1258
465	309
87	82
1065	1686
685	1172
1247	796
1748	1293
780	100
1674	1183
1327	1899
1074	778
787	151
639	70
1992	331
1594	386
2199	2354
315	1056
1461	456
1537	1536
1707	251
1448	1447
2491	2196
1505	632
1910	415
827	1619
1024	451
720	308
1348	57
772	65
1050	2230
869	871
2190	2517
1238	1237
1172	170
1697	102
1481	1673
1546	1233
1391	1390
475	474
1690	1817
659	652
583	1252
921	856
749	1195
16	347
138	252
1532	2319
1709	1014
1807	1382
97	946
799	1647
2148	1037
2370	2203
1391	340
263	262
935	859
1366	739
212	550
1493	1395
531	895
1132	1019
153	137
354	401
1020	1256
1804	224
1429	151
796	798
1950	1163
1083	1386
1199	390
324	325
661	489
607	281
1113	1485
237	703
431	14
2178	1911
700	1934
196	376
1953	1317
1217	1219
64	63
580	577
546	550
2270	2091
1445	1349
448	1333
188	1800
2016	963
1142	1528
2259	2055
2486	2053
155	1084
2019	2517
883	886
353	1482
2324	2147
1865	1606
1205	46
2023	2025
672	671
2053	2102
2208	2178
1670	141
360	366
1629	642
597	877
931	147
1574	1575
1596	754
284	282
2425	2295
37	1455
2429	2419
719	1202
1170	979
727	382
124	1484
1157	546
1135	1134
2432	2433
1523	1604
135	1750
1768	403
2090	2256
1650	1227
357	289
2373	2292
1572	1698
2239	2236
634	1885
1063	2222
1099	1458
2087	2115
842	1515
879	1461
108	106
551	547
1987	1986
2427	2039
2056	2060
769	1303
2172	2183
483	261
1837	930
1368	598
957	1135
261	1500
323	325
2091	931
237	1144
1487	1594
302	812
257	606
600	65
94	1279
1846	1844
1598	1442
1315	98
1313	1317
2240	2236
57	492
740	1613
1129	305
1351	411
1558	969
801	1860
1136	1139
83	87
2112	2114
2066	1764
980	685
1749	801
45	1452
62	1134
115	1907
45	41
2093	2091
1199	321
319	46
166	167
173	161
2366	2140
2264	2439
1852	254
1036	807
392	50
1458	1627
1231	1033
669	1686
295	546
144	1726
550	547
1767	1024
337	1293
1516	1816
1001	1489
1466	2011
1176	1253
1058	59
1746	1906
1326	1630
1116	338
1391	1724
1958	2156
795	2052
2337	2343
847	643
1577	876
108	236
2152	2046
147	931
1317	1517
2426	1728
266	268
2490	2535
224	660
2297	2467
1946	1185
2209	2423
1800	26
1061	607
2234	2235
215	180
2121	2091
552	549
806	7
1094	1016
1838	730
2032	2229
1198	1697
546	1157
134	985
2271	2259
144	1665
1715	1738
1114	1115
131	711
2192	2194
1239	1012
255	1094
1777	717
1525	1725
2109	1796
1404	1406
1769	835
819	347
351	272
721	2475
673	936
124	396
78	1931
595	598
1742	287
2091	2095
380	1011
927	1101
1793	1791
117	897
599	835
383	35
2030	2445
2151	2088
2293	2300
2057	2052
19	836
1943	2372
266	267
2107	2371
278	275
951	972
1297	485
1354	339
2244	2001
2079	1903
737	65
2319	2121
142	1761
1452	162
662	618
2517	2177
1230	577
2259	2435
2099	2093
625	626
2487	2162
1126	1043
1497	1074
1299	1300
216	597
842	1784
1016	1015
65	600
1726	1727
834	172
2127	2202
1305	823
25	26
1863	203
371	368
219	81
1357	778
1106	822
2132	2131
567	428
2137	2136
541	1772
455	452
2125	2061
655	1007
2141	2471
72	790
169	733
984	1528
1453	778
1873	1216
2530	2140
1565	1566
2373	1093
738	644
1369	1732
901	950
58	1576
182	26
631	632
15	14
168	82
1023	322
1274	1456
1880	836
2377	2221
1909	575
329	1787
1959	494
2144	2418
1807	790
2282	1955
1249	1979
278	281
2364	2240
667	663
471	531
2276	2275
261	482
1774	1393
1221	1255
772	495
693	1170
1186	172
1938	1939
1942	2002
801	796
663	1111
1271	438
199	204
2263	2117
209	213
821	399
60	626
2150	2104
499	500
709	1320
1584	1583
2464	2200
2493	2497
914	765
1305	467
1116	450
1221	1256
689	1482
45	157
2372	2151
10	15
443	519
1062	2077
1965	1444
1112	927
953	1213
586	1621
2289	2113
217	147
15	347
2488	2254
2145	2045
1382	646
1779	181
1927	1064
1619	827
715	716
936	327
213	210
1377	609
62	54
2377	1322
591	1147
1488	877
1777	125
1429	148
1894	1652
2215	1939
1600	1601
2360	2028
162	580
719	77
765	922
846	174
1145	239
2149	2329
1438	1654
20	860
2446	2178
604	69
2365	2284
1593	373
349	1520
1856	2144
1654	203
2524	2517
1271	805
1981	1980
2261	2065
203	1389
834	832
1313	1314
327	1296
262	260
1568	1608
2045	2043
1306	1113
2311	2205
354	347
64	145
2274	1955
2130	2133
1453	1452
880	427
828	780
2396	2397
133	26
1671	903
1171	708
106	1
764	768
1111	494
865	1175
29	1571
483	482
691	651
2301	1093
1109	1645
1679	1680
1269	750
282	283
1024	37
2080	2201
1502	1064
481	480
692	817
959	1022
2517	2355
411	1444
1368	466
694	696
1752	1659
2458	2086
1072	1073
1077	93
2534	2183
249	1579
1975	1302
1084	155
1448	438
380	1328
1071	778
2053	2458
1633	880
1931	877
1136	1138
1478	700
2538	2479
785	788
1365	1368
792	1061
1832	822
2147	2077
767	1319
1157	999
678	495
145	64
165	577
1699	848
714	353
1357	593
1114	109
1378	382
2327	2039
2035	2036
1163	2185
644	1052
1103	1109
1750	1489
1501	1500
668	669
1275	1276
2181	2184
1831	1823
1807	923
296	1078
478	123
1840	1652
707	410
2375	2371
1857	1850
1663	1268
954	1689
2264	2229
1969	1495
1587	1312
781	783
141	1277
2414	2274
274	352
2197	2388
473	477
2415	2373
1088	946
958	960
2458	1929
2516	2046
486	490
1940	109
588	1186
1274	173
2194	2221
50	763
99	564
2016	2019
741	1011
798	954
1472	309
499	921
1749	1820
1515	1516
933	2390
2107	2002
206	496
2193	2233
2294	2295
1354	535
1075	1498
1985	2288
660	658
1269	127
660	829
1466	2283
1410	804
1193	1065
307	464
731	383
231	215
1807	164
495	1034
361	81
622	3
1987	2009
670	668
1006	396
970	279
2118	1929
2095	147
526	524
239	163
2226	2227
1287	384
2502	177
2078	2412
1917	1146
1069	102
1364	1369
553	691
2297	2507
925	1034
49	50
2234	2055
756	757
911	895
174	1479
1863	37
2435	2012
404	405
1691	1460
1456	593
560	133
967	395
1788	979
1628	1172
664	666
409	411
2104	2107
2363	2240
1522	428
1377	1376
234	235
1820	1685
426	427
1599	1985
1327	1857
1562	1697
2521	2276
1798	1277
1957	2390
1073	899
8	696
236	108
119	1814
436	1342
1887	1671
2065	2032
1430	1505
1192	1190
1449	1199
2410	2326
61	54
2384	2347
619	618
2397	1886
1093	1950
82	624
981	431
1182	618
109	110
1258	1257
572	1173
1360	870
972	974
1332	611
444	446
465	1472
858	1731
819	1274
666	664
2236	1533
473	475
1866	2266
1975	1860
1737	1734
110	930
499	497
196	1467
216	1117
470	94
405	403
790	835
2351	2347
734	180
1667	1567
1095	436
2199	2173
707	520
2113	2110
674	675
722	726
1207	80
1959	64
232	775
2246	2247
1703	1068
503	302
1579	303
418	770
1618	1268
2041	2037
239	577
566	1172
1442	1474
2380	2210
2123	69
1196	596
552	779
2467	2018
1910	206
1061	740
762	507
1207	1367
1844	1846
1698	550
2005	1330
388	1456
210	209
1426	1101
2158	2094
1414	123
2202	2125
45	970
611	213
412	889
705	105
2300	2077
1237	1236
131	690
2129	2093
1282	1459
1792	483
2355	2179
2116	2325
1550	1244
644	1054
1256	442
582	854
1260	879
685	383
1560	342
673	131
1561	1562
1922	1399
2507	2167
423	389
532	130
2473	2066
667	929
732	911
412	531
2177	2390
1737	1184
939	706
846	103
1333	420
1362	10
613	616
379	600
211	783
1481	1477
1908	1222
280	278
2182	2200
948	17
1883	1210
646	1182
16	10
1340	178
317	1083
1775	1774
540	1538
2046	2262
1897	817
405	249
2438	2304
892	894
595	321
302	690
892	893
1282	527
1681	1951
127	1264
2054	1943
719	729
384	1295
585	581
934	937
535	300
2359	2246
1879	242
401	349
2326	2086
919	856
2059	2061
753	1327
238	244
1230	927
1476	1477
1892	511
345	214
664	662
417	843
1572	1803
223	84
2011	2086
2413	2293
608	604
2054	1982
261	485
1524	1525
2186	2188
169	170
2376	2377
298	1496
138	250
1666	1577
2051	2486
53	1764
88	91
183	184
733	875
761	424
2037	2013
1148	895
33	357
786	719
572	512
1805	1442
2419	2049
1950	2332
786	1581
518	519
353	1266
594	864
1261	1129
2284	2185
2383	2193
1746	1113
1941	1942
1371	2099
1135	1241
1432	1433
1258	763
1750	68
1070	169
2510	2517
1753	1272
908	1206
1920	1600
1462	1466
2521	2490
1211	204
321	322
681	1099
783	984
2536	2357
478	479
1549	1127
854	271
315	877
1214	1530
1759	1482
1685	1247
2374	2040
369	866
381	377
165	580
2149	2273
606	257
1343	552
593	843
2425	2078
2467	2466
429	1815
323	253
2012	2095
536	960
1137	1313
1337	906
1763	1419
992	739
1566	449
2428	2120
2229	2033
1196	620
317	990
390	1199
604	257
219	1398
1090	1683
2211	2233
1805	1245
175	181
711	305
1743	1911
998	1490
2108	2109
1608	1568
1418	921
992	740
1974	1004
483	480
756	715
1957	2268
20	19
281	1631
1450	285
1997	2003
366	690
1028	1024
633	1797
652	225
1064	251
1417	127
118	1638
2350	2351
2157	2490
1275	1200
1854	1397
195	929
973	7
1268	38
2150	2088
2427	2090
738	739
649	650
699	77
2093	1837
1513	1673
1982	2194
2380	2154
120	1690
680	200
1279	882
1985	2087
324	327
2088	2151
1372	529
85	652
955	1243
1985	2016
1363	802
766	769
315	1407
1529	163
329	115
2348	2106
346	1520
1301	453
452	457
796	685
322	165
770	857
1224	1030
2130	2044
1064	980
1415	884
383	681
2438	953
1804	1200
1806	1039
2514	2163
2395	2357
779	1458
1851	603
829	59
413	1745
1639	936
689	1483
2531	2039
1290	1289
647	643
111	1354
2435	2271
806	802
1814	178
1502	1144
2209	2431
2374	2085
71	72
792	687
2176	2174
926	1458
1111	989
481	260
1657	1646
2439	2246
751	610
2365	2417
591	1146
2274	2040
2201	2195
41	42
1694	567
2382	1886
1673	689
1887	1430
786	1582
2085	2106
141	405
1699	591
1811	2500
2031	2033
1135	569
1892	1084
387	1287
445	988
729	1012
430	1522
567	571
2206	2315
1001	1123
1857	453
252	1040
1840	960
2409	1936
933	2277
2323	2455
155	148
12	620
418	321
1404	292
1062	2201
975	976
2097	2167
1938	2231
70	790
2382	2142
1447	694
2125	2086
2201	2040
680	685
547	549
1058	225
333	556
1772	1053
341	1507
1814	1341
2513	2381
2193	2192
1365	904
602	123
920	1638
2178	2315
2177	2523
561	316
1276	1769
1264	826
1211	826
244	1071
2187	2196
547	552
863	531
2260	2264
69	931
1945	937
488	464
1006	1715
741	605
738	1698
667	810
2415	2094
2282	2079
526	1204
2271	2435
1484	124
1048	714
1389	288
43	1256
1592	1086
2146	2147
362	699
444	447
377	381
1589	135
271	579
1537	484
2104	2106
560	327
1592	1048
775	940
1198	776
1848	861
2079	1957
1418	1546
835	217
2497	2344
92	698
154	148
1453	1073
851	769
2168	166
2087	2086
100	778
1553	1330
135	212
802	694
643	848
102	926
1353	216
639	1811
644	1053
1302	523
737	740
1899	259
1355	2093
129	302
2046	2197
1358	1360
1173	216
2523	2357
875	876
859	1052
508	509
1655	278
1331	2320
686	1204
1885	124
1584	1098
1518	1520
598	1677
1365	331
746	1606
1265	1317
1596	1140
263	264
190	192
2235	2107
833	294
2197	2289
1489	187
1440	576
601	371
1117	606
1704	1934
1251	911
1708	323
2243	1754
2135	2123
4	235
2376	2011
1026	584
707	577
1170	222
1176	1175
324	692
370	382
2332	1163
414	94
798	955
1164	206
1774	360
2338	2390
676	1312
2360	2304
2283	2011
195	197
552	778
2167	2361
2189	2196
1087	940
2008	2011
323	327
1286	762
1140	1596
828	1098
2140	1999
1770	690
1513	214
1911	714
1668	127
2129	2061
1231	1659
2508	1979
974	1146
1444	2435
1889	1179
29	1678
1163	2001
2459	2147
1737	1738
1116	1097
1061	445
1332	299
2414	2040
155	101
2123	2459
1174	2464
925	67
148	155
1160	787
2519	1437
967	971
76	75
1075	102
2414	2107
2122	1929
751	1042
951	806
1711	979
508	432
2519	1742
1336	1573
4	1237
2091	2093
895	453
2	0
1705	951
121	123
1545	1543
2341	2309
938	410
346	1518
123	741
134	1095
1744	2086
1537	1272
1596	1598
25	27
592	103
2355	2358
2415	2030
1478	1508
86	1475
1484	1122
1277	1278
1153	286
2422	2299
973	288
743	98
2069	2070
1127	1550
51	1079
2314	1063
1543	1545
2145	9
1624	1623
1650	1867
663	70
2480	2145
575	680
382	1896
1956	1409
128	129
438	1231
1208	1245
2021	190
1494	1799
2396	2130
206	275
1792	386
208	577
1221	1479
1455	1345
623	240
795	2038
280	1004
200	207
1198	1498
2304	2378
377	257
227	159
1475	56
136	1497
323	178
258	1565
1550	19
2451	2133
563	1459
778	1458
1410	874
1571	148
341	909
1092	2093
725	1334
1796	1795
1087	1090
1406	123
133	560
322	1022
202	671
1375	1066
658	82
568	944
1748	833
323	131
225	218
1285	68
357	951
1388	1389
325	251
2131	2045
1084	385
1169	1246
33	1254
935	348
815	1700
795	2315
987	607
1346	143
5	0
1452	1455
2084	1037
1380	151
2138	2384
519	575
2355	2357
704	170
2237	2409
739	772
1137	1183
721	2465
765	924
2300	2201
2438	2185
1977	1036
360	363
2427	2235
849	814
259	2010
1195	1425
1104	1039
392	5
1028	1696
356	113
1720	1721
1580	1243
1798	271
846	849
667	1111
1627	1626
759	1516
294	730
1744	2320
924	70
651	655
1453	779
2238	2421
112	114
1955	2147
2290	1744
717	491
887	867
823	284
2038	2234
1728	1719
520	518
631	303
1626	201
1226	1228
866	766
377	379
972	706
1903	2203
1087	1088
1630	257
634	1393
1009	968
350	351
139	387
1475	85
2401	2403
2055	2234
748	76
2044	2130
1095	1459
708	378
623	622
1568	1607
1013	1017
43	233
1526	1414
2141	2139
344	256
510	16
116	120
1377	349
349	347
373	372
162	239
548	549
421	814
1125	379
538	539
951	1178
199	208
1874	1678
1358	1359
581	576
1175	475
1936	1322
1451	654
1658	148
1138	4
773	774
758	1678
973	255
1322	2126
1112	1336
277	806
1327	1886
1016	1013
1718	963
682	681
29	31
2204	2205
2386	1588
163	1452
1053	930
568	946
612	210
1897	552
809	227
979	1169
796	452
628	629
1228	1772
15	1052
65	67
251	395
2373	2357
1551	48
794	2394
2068	2194
131	936
2384	2235
1740	572
2156	2366
320	321
2188	2196
2106	2055
1372	907
518	227
1069	1071
1805	1154
1538	1403
609	1446
605	604
1581	806
1804	82
604	339
250	1098
987	495
18	20
595	71
1810	1316
1459	526
1646	1657
555	615
545	464
1929	1999
1189	969
1648	1008
666	1182
2118	1998
2425	2515
2130	2131
1939	1847
1562	619
173	271
861	862
618	617
2216	2217
786	779
2190	2186
1220	601
1482	1445
662	663
1677	999
921	261
2056	2054
259	1492
1660	612
228	226
874	1685
112	113
1596	1599
2466	2467
66	495
2387	2439
1909	1004
1476	1445
272	270
1338	986
2138	726
989	990
662	621
1456	1274
976	978
2125	2127
47	48
1869	624
1762	1763
1777	1197
633	631
2030	2356
1136	1140
1239	1018
1642	1727
309	1964
1938	1950
1789	1334
1020	1340
1538	758
1040	809
2402	194
350	354
1908	1632
1356	1110
1362	1364
938	947
937	1013
243	1452
1538	936
872	871
2181	2185
2375	1734
1900	1424
1479	703
2340	2342
2012	1063
475	139
910	906
2451	2182
1726	1282
761	763
2054	2058
1957	2117
1128	345
501	483
192	908
364	1515
468	469
114	112
636	812
555	1345
529	160
558	1164
1675	1024
2307	2312
1101	1099
1390	929
2381	2304
2006	2457
839	774
680	684
374	375
711	131
1439	1028
2275	933
1061	101
2234	2038
556	1617
2323	2178
96	97
152	151
2045	2529
2367	1997
660	661
2465	2336
2040	2084
2371	2125
669	568
2483	2212
2244	843
2477	2478
2454	2054
1793	1066
779	173
84	87
1096	1097
1126	1127
2312	2307
2118	2122
2016	2017
1224	1225
1288	1125
1909	1438
631	633
577	938
804	1233
1055	644
1160	304
2329	2222
2271	2269
1807	835
558	1165
370	367
2084	2091
2433	2437
1436	1439
817	820
1820	1015
740	1397
776	1198
1288	1291
2244	166
2536	2029
1507	70
1268	39
1371	2010
864	899
2399	2159
1179	207
1317	995
794	2334
1695	1621
1078	1076
1205	894
193	379
1165	1576
1645	686
1944	2408
580	938
408	413
1079	796
963	584
565	1015
1048	1047
1168	484
957	1036
398	1609
2384	2037
2199	2188
1685	361
799	1226
231	55
1042	1045
156	161
2152	2153
513	915
2528	2387
1217	966
285	926
1108	1275
2462	1943
1071	580
2013	1903
112	115
1824	1833
478	74
1979	2088
1533	2084
247	340
184	142
1138	1669
1472	287
2172	2131
2420	2387
1672	1412
2132	2130
1195	1423
1593	376
341	621
451	214
1274	161
268	269
303	329
955	23
1309	303
1660	1589
919	920
2449	2334
1044	1111
1763	2213
422	423
1079	1081
995	1317
821	691
1455	37
830	1275
2192	1470
1752	1229
1641	957
1434	214
1682	1684
690	302
1052	776
2323	2195
1633	1179
1541	934
2038	2235
2377	2052
561	1391
706	942
2305	2415
280	1027
1210	1160
1117	216
622	55
861	1167
2091	2092
1848	438
2444	2121
1538	690
2488	2184
104	450
1812	1370
583	840
996	644
736	79
2033	1092
554	1208
2410	1938
1342	575
913	453
2183	1945
1362	1363
807	574
1633	1021
2244	2115
2381	2526
651	967
798	356
73	75
1775	2014
2402	2015
2147	1955
2182	2201
165	1449
539	1364
961	729
694	700
1983	268
410	577
2190	2032
2038	2106
650	649
2254	2201
1594	1287
779	593
626	622
2389	2179
50	762
57	473
1127	24
849	1700
2354	2190
339	196
2033	1091
927	443
1692	1135
2128	2093
1204	1203
134	739
425	308
100	779
1625	449
1175	473
544	1660
2211	2290
192	906
371	295
656	657
264	483
600	646
388	386
1252	1251
2061	2127
779	1357
1022	1147
878	248
1035	136
151	540
1666	1255
1031	1037
1322	1936
998	992
391	139
584	1253
1876	1004
1634	1632
2361	2083
1258	170
204	436
2186	2190
175	182
381	259
900	904
2440	2442
2371	2128
1644	1117
2238	1532
845	841
1479	1609
1733	1735
1012	1017
1629	976
913	1977
1652	1528
681	383
300	535
2218	2233
381	1076
1651	707
2488	2514
2235	2105
1181	1182
2164	1958
2429	2149
690	140
2376	2052
445	444
930	644
1806	1568
1028	172
793	2129
772	771
1782	734
1260	1461
697	701
2517	2173
1138	944
1014	447
1296	672
194	197
2521	2027
719	1201
1987	2162
248	138
1429	1558
1564	215
714	131
1767	120
511	517
263	260
998	1125
812	301
2149	1954
1817	1026
2065	2066
1108	1246
442	441
1349	1128
719	609
1722	882
1626	1211
2459	2122
80	81
1486	189
2398	1944
1097	1517
726	560
1551	570
2007	2236
1263	1262
2286	2287
2203	2204
68	596
2482	2372
982	264
2434	2089
1284	127
354	1449
1867	1755
3	0
1478	952
10	12
538	541
742	418
2046	2313
2010	2214
959	298
905	1773
1946	974
172	1621
128	135
790	925
1806	1925
225	659
1558	498
2267	2205
272	462
229	733
428	1522
1580	573
722	725
568	4
608	559
2229	2078
1795	2230
2314	2270
2154	2378
841	842
806	1451
1569	1482
552	547
2426	68
462	459
1065	1193
1669	95
363	437
934	177
653	695
311	310
973	204
938	706
1250	1201
591	1022
761	762
1514	437
308	750
1719	836
1152	332
172	166
2018	2344
382	1446
1605	1648
2181	2080
1934	1704
