2121	1734
56	1107
2281	2282
2097	2225
2177	2030
24	1407
211	1116
688	690
2374	1954
1354	1548
1844	918
1125	248
950	981
2403	2260
1233	1234
279	1074
1831	1824
1026	202
624	82
1837	1943
2126	2061
852	1095
1911	2459
1613	604
184	1541
906	1028
400	164
1666	1255
687	931
1184	645
2223	2224
395	405
2012	2095
2110	2111
907	1382
2104	2055
404	1579
220	1041
957	548
2032	2256
171	1194
405	249
1704	482
770	320
701	694
2287	1830
1371	2100
520	940
2138	2381
13	7
1083	1144
517	1707
1660	1589
483	482
138	250
1137	1409
53	649
1940	1125
1220	544
1572	1803
68	72
1338	986
1171	434
1737	1196
1495	405
1806	1847
1216	410
2229	2258
2047	2053
475	1175
48	95
1838	1088
1457	1117
1848	1849
2260	2065
2061	2125
1708	886
561	1354
2366	2140
1975	731
87	223
796	799
2452	2453
2099	682
66	147
2231	2293
612	1869
220	1803
2091	931
1312	109
2409	2075
185	188
1346	1347
1812	453
1495	1969
1563	2479
2386	2364
2173	2180
2301	1091
2189	2208
752	754
2495	488
2189	2188
42	107
1677	607
930	1055
1500	991
341	909
319	322
356	823
1473	877
2079	2077
1195	1425
1095	134
901	1902
792	66
2511	2454
2344	2467
659	218
1267	227
2361	2167
250	253
560	1829
197	190
913	911
1851	617
733	237
1659	1102
2360	230
1267	240
1494	694
985	621
2368	2040
1748	598
1940	109
413	1053
2231	2126
2024	2170
1253	36
2381	2304
1514	886
104	836
809	1040
2464	2465
80	83
608	606
1117	607
174	1479
1769	1693
1824	1823
685	797
1070	352
244	1449
392	394
632	655
1981	1980
130	129
2194	2126
256	220
741	607
1047	303
2354	2064
785	688
994	1656
1109	1104
812	711
1591	717
2265	2036
1313	1317
204	202
1449	1199
2429	2256
606	644
313	111
1975	76
899	927
1365	810
1196	68
763	760
2269	2107
2041	2037
899	279
2523	2415
1891	980
2527	2233
1865	459
806	7
2447	2121
87	83
2136	2069
1023	580
1347	1744
1240	276
910	192
2110	2113
243	320
499	1264
1179	202
2305	2092
622	3
795	2151
2160	2053
546	147
1387	1
1748	1057
193	379
2068	2471
1616	572
344	256
340	335
157	334
703	843
2366	1886
2083	2089
709	686
925	1034
791	1337
131	936
175	177
1832	1275
1337	604
2182	2188
1761	839
1580	417
2141	1183
1429	839
2079	2080
322	580
1169	979
1199	1022
1413	1305
1369	1489
2093	2012
1071	1320
1652	1906
18	22
2298	2009
162	580
2013	2000
959	1327
1560	1367
2512	2142
828	251
2282	2147
1459	527
1516	757
2303	2265
1507	101
395	253
2004	1998
83	223
1106	1103
1581	7
1448	966
1482	353
1782	82
767	1614
171	166
597	1613
1504	968
1936	925
236	235
106	1
2048	2327
709	809
1979	2088
1430	714
1052	859
1903	2211
2284	1163
1684	611
2394	2183
1868	1411
522	240
1501	1500
563	1267
1954	2271
98	100
1565	258
360	366
1372	588
652	223
1497	1074
1283	101
1877	1510
921	263
847	645
861	1167
2229	2032
1518	1519
992	907
2198	2188
2181	2028
2022	1999
604	69
1262	1261
984	784
2130	2044
2282	933
665	448
987	619
827	28
86	53
2454	2102
2512	2408
92	95
767	1750
1654	1438
2029	2032
817	821
1644	987
477	492
1530	707
144	1409
1138	704
1179	285
373	257
259	2134
1673	1481
1239	509
483	501
2091	621
841	842
2151	2055
1663	1610
904	748
1580	1534
1451	569
1280	136
1332	258
2098	2081
1319	1318
187	924
2045	2394
1885	531
373	448
736	1748
1006	396
1774	1775
2197	2226
1047	1048
1911	2089
1515	842
1396	395
1321	968
1618	1089
45	875
2363	2365
989	769
748	749
1599	1985
2320	2159
205	275
1958	2156
472	470
619	1115
2492	2342
1031	1035
428	1522
1598	40
665	1338
2386	2092
438	1397
278	275
1871	724
2006	2004
1187	1188
193	196
1596	1598
1501	1178
13	14
203	207
2458	1037
909	738
1580	573
663	1053
508	510
300	533
1145	232
1136	1140
196	1802
2014	2083
218	168
389	386
540	184
846	847
747	95
2006	1532
1019	42
1737	1738
836	19
882	1722
2126	2231
166	170
802	697
611	1332
413	1961
1013	1017
749	368
879	331
1390	1392
1579	817
1096	621
335	331
1288	728
979	1670
1958	2166
207	205
585	928
1844	1543
1871	637
2138	2364
2207	1903
1605	1387
1824	1207
374	375
402	406
556	836
316	1117
833	598
998	1125
1997	2003
584	576
1755	1325
541	277
1154	1311
1492	259
1240	1495
1018	1012
336	1213
279	706
178	1341
2116	2325
2122	2409
1667	1568
1197	351
572	1174
1123	495
2100	2099
667	197
1188	583
291	200
606	217
315	877
68	1285
442	440
667	494
1269	1270
99	564
1516	1816
1343	1055
2438	2184
1510	1605
92	397
1836	951
955	23
1270	497
1857	1850
1896	1378
1302	528
2418	2120
635	1245
807	810
1214	82
522	102
1632	1633
2082	2353
1494	205
327	673
1032	1398
84	80
2134	2357
588	1084
1482	1481
134	739
1683	903
192	190
797	953
2394	2508
431	435
857	241
1486	568
1111	449
2365	2460
2160	2116
1855	1679
632	1247
951	806
2313	2043
2143	1929
1044	1284
1109	46
1634	717
2173	2176
2125	2126
638	637
939	580
361	360
1525	1197
1964	309
2025	1131
1152	1153
387	390
284	952
1017	1018
658	1021
719	77
1944	2398
1462	1466
2208	2207
190	193
948	951
608	1344
2380	2154
1033	1035
187	925
175	181
496	206
34	36
2265	2338
899	102
151	812
237	777
1897	1819
739	740
2284	2287
1888	1927
2306	2267
1311	1929
162	226
905	1773
2423	2425
366	690
125	1668
2315	2264
384	1295
751	1042
866	766
1461	1460
999	1593
367	371
1538	690
568	944
1596	1599
1629	714
345	1322
94	1279
1507	790
1347	742
259	1492
1423	1195
744	746
241	320
2327	2048
1195	1423
312	310
1725	703
1883	90
1755	336
1088	546
1708	1468
979	1788
374	993
739	991
135	406
2003	1604
135	1368
1112	895
135	128
1877	658
181	1666
475	271
805	1362
2186	2190
977	691
1462	1464
707	1101
751	610
1779	181
2229	2087
1727	901
1072	443
64	146
2470	2472
2075	2287
1796	1795
2106	2085
425	308
808	957
2151	2088
1207	256
2220	2222
1376	1378
1280	923
710	131
299	1229
2078	2065
1493	325
431	432
555	615
1265	1314
2185	2233
1582	786
139	386
687	997
654	968
1763	2427
2506	2023
1080	51
692	673
2328	2211
176	179
2127	1756
250	1098
1718	963
1310	313
1955	2040
2461	2462
409	411
908	1336
2112	2347
423	389
1965	1444
989	992
304	1272
227	102
811	252
16	347
113	276
1898	2329
1974	974
2507	2083
2343	2337
964	99
1459	1458
381	1076
1304	505
1468	1200
573	1579
919	856
603	599
2042	2037
2073	2309
1867	1598
328	2
321	165
1141	112
1999	1461
1563	1903
1666	1577
791	1054
821	1897
743	98
2298	2183
2134	2441
1257	2
2269	2055
2026	2132
85	347
908	1613
1144	237
170	590
1442	1097
618	617
1434	1320
1319	576
2245	2253
155	101
1913	1210
2135	2022
813	815
2109	2294
2531	2072
778	1449
45	970
63	66
323	251
50	763
221	320
412	1190
2417	2284
563	436
1852	254
144	1278
352	962
1719	851
1263	879
2404	2362
1324	1327
2431	2268
2187	2199
403	935
381	18
570	567
1538	1541
2182	1062
2096	2081
1675	243
890	412
1854	1061
2186	2188
247	727
745	744
934	935
1490	1949
450	607
360	363
1072	1073
1260	1460
1175	865
1233	115
660	1804
1274	593
701	92
210	213
1685	361
156	160
2339	2166
2350	2213
1241	1021
810	597
223	84
2059	1952
2365	2134
1410	1363
974	938
1060	739
320	1023
782	879
1812	1552
1359	827
1314	260
345	347
913	1977
1880	258
1328	819
316	1548
599	1368
1856	993
709	382
2329	2115
2180	2173
275	206
537	534
2150	2055
1812	1370
729	713
2254	2184
1938	2120
2281	2077
1911	2178
1282	147
1767	1333
363	1882
124	527
1020	42
2064	2229
1104	275
775	707
1711	1587
279	1039
104	1862
1288	1290
1159	1158
2215	2289
1127	1550
414	573
347	344
54	57
244	208
492	496
305	302
2400	402
2165	1093
981	1675
927	1073
387	1855
1964	1827
2039	2151
1713	1712
1634	394
1194	222
1189	462
517	1793
2167	2014
1118	216
2048	2326
2107	2371
350	46
1406	123
174	320
572	347
1399	488
2445	2030
2323	2179
1804	219
876	1138
1426	950
214	220
1800	26
1494	1622
2459	2135
135	331
743	585
1203	227
1140	1596
747	583
1331	2415
108	1387
650	218
875	733
2209	1903
2451	2335
955	1243
181	175
1092	1470
127	788
2282	2089
1792	386
148	132
404	402
1199	322
652	225
2361	1899
1384	347
2466	2467
2010	1492
1669	95
352	275
2134	2263
2066	2473
2481	736
871	873
664	662
1709	415
1004	1217
582	584
2225	1943
2363	2240
2060	1460
644	738
258	726
2044	2250
774	1366
2247	2302
205	438
1283	1162
740	1382
505	231
2293	1744
1577	876
1256	166
2133	2293
634	405
1791	1792
1546	893
486	491
1390	446
2488	2254
331	878
846	848
987	740
1432	1297
2008	2012
940	208
1642	1727
1061	792
2321	2201
1511	476
1079	796
939	410
379	604
2016	963
828	131
1049	1047
1297	523
2374	1955
1377	349
1991	303
150	1422
1441	1045
227	159
511	515
1514	686
937	1945
924	72
367	368
86	87
1028	1024
1042	644
2042	2055
16	10
1199	321
1035	136
679	604
1800	1393
1498	147
1302	523
998	851
1791	289
1504	876
199	203
1171	1211
469	1216
1587	557
217	257
1070	951
14	426
1967	925
85	1782
1916	115
1405	1473
1107	1525
2143	2441
1172	166
1662	852
2068	2194
447	23
590	43
652	1058
141	405
2204	2390
1086	140
1711	1918
2016	2018
1035	1280
2099	1899
1982	2194
53	152
921	499
1012	1016
1838	1959
2192	1470
23	1835
1173	1277
2373	2301
2517	2177
2521	2027
1132	328
2135	2139
323	253
1598	1116
77	78
217	596
2406	2171
1057	792
726	63
194	8
1502	395
938	577
371	367
518	520
2271	2221
1566	1565
1111	766
1094	644
2198	2322
1243	952
768	1125
2384	2235
2214	2435
960	536
2023	2026
412	531
1627	1211
240	239
401	15
1275	1693
33	150
2101	2009
1210	99
2032	2065
2181	2030
1482	707
1256	441
1755	904
212	550
1451	180
284	823
1457	987
1892	214
1580	684
559	1339
669	568
2401	2402
2076	1093
271	1020
834	612
1566	449
1824	420
1304	1306
845	1137
2408	2512
134	985
1763	627
384	835
184	183
9	308
156	157
836	1111
1528	1412
1752	1659
1097	1096
1669	770
319	165
1768	403
1136	1138
613	615
317	550
2513	2218
869	873
741	678
1217	439
2215	2115
1726	1727
1730	1729
238	242
2340	2188
1704	442
455	458
43	233
2148	42
1418	1257
1450	1305
1197	658
1436	1437
1989	460
2332	1856
86	80
488	465
2403	2459
1258	1032
1087	1090
2468	2344
560	327
582	410
1633	427
1751	1114
1154	1136
596	925
940	1373
2300	2262
172	548
1810	2073
1095	607
821	399
1183	38
623	843
1605	1041
1616	1887
490	489
507	508
483	1186
1365	878
849	814
980	1266
50	1032
73	79
1015	543
725	1642
1712	139
2109	2319
654	124
1977	911
900	901
1139	884
1734	1196
2215	2246
313	315
647	345
477	1024
1082	1086
1519	451
1137	1290
1175	475
1508	952
614	1234
590	170
1190	1189
1866	2390
2372	2373
1353	1118
1005	756
1104	83
1744	1325
1778	983
1075	585
1523	1604
1324	1330
374	1593
1865	1606
1135	1372
1188	840
1750	1011
991	985
300	537
165	577
2062	999
789	923
2175	2205
1331	2373
1594	386
331	20
692	303
1175	1177
2207	2256
243	593
165	242
1172	593
1874	1873
2061	1936
2247	2268
231	215
1584	786
305	690
247	337
1317	414
2310	2153
702	461
264	483
2150	2151
1331	1744
241	239
1857	836
1279	94
861	1158
1253	1254
1491	769
354	1021
1544	1545
1929	2231
796	800
1043	725
607	835
275	279
2517	2179
644	1053
935	256
61	54
617	494
1899	1371
2091	2095
619	621
381	378
960	1162
550	546
2301	1943
1706	976
196	376
1901	1714
2366	1958
416	165
1502	1144
206	1164
377	78
1786	1482
77	992
97	96
2304	1744
692	690
2376	2052
1943	2372
1296	787
1987	794
832	599
737	646
2166	2164
102	159
475	477
670	1864
313	318
725	722
2381	2380
2055	2234
2403	2325
68	1542
2088	2151
1399	463
574	931
1136	33
1477	1445
280	563
1361	441
1802	432
262	261
1007	1009
2024	2131
837	549
713	729
373	372
1064	250
1154	750
290	288
920	919
2057	2054
204	205
1490	258
1741	1740
129	131
1550	840
201	1019
2411	2264
1651	609
1453	564
454	12
2097	1419
1117	985
1071	1067
2033	1092
2203	1563
622	626
1145	591
1497	1499
239	580
21	1622
1713	1502
2124	2129
664	620
1650	1739
75	521
352	271
1267	846
1577	1665
823	467
647	891
1288	1291
2068	2076
1616	682
1699	1022
1822	975
2444	2002
1613	740
288	207
280	1631
598	1298
1612	714
208	938
443	440
2371	2128
2055	2040
1651	75
729	1012
1663	1666
461	830
1354	216
487	489
82	107
268	543
1183	1268
219	81
1535	1104
982	1210
401	399
1278	1277
1360	378
1932	1318
1481	1477
2354	2198
1366	123
776	174
2089	2001
1992	2067
105	1793
1658	132
2206	2290
824	1364
1285	772
1271	1362
1321	1640
269	1289
217	1115
1181	606
1359	1233
734	231
665	1426
1507	925
1354	727
2289	2113
1768	1769
1522	1616
1001	851
2203	2176
309	307
1982	2070
1190	1187
1122	124
349	16
442	1361
244	243
953	702
1371	2099
1689	1815
80	84
1655	614
1694	567
817	395
1458	1099
1742	543
130	817
776	658
546	1088
793	2129
2105	2151
2232	2407
2391	2498
480	481
918	805
217	299
2488	2184
1061	1095
1980	1249
67	147
1203	1109
647	273
364	1515
1378	711
1806	1432
2167	2115
2064	2258
1171	708
1569	1482
945	235
2288	2289
592	864
805	1271
711	710
1160	304
734	1385
1516	1527
2481	1297
558	901
55	624
2163	2138
355	149
132	318
2068	2067
2288	2286
433	1308
1509	1508
325	1708
834	1869
2263	2117
938	940
571	1522
1576	1622
1026	271
926	864
1216	469
865	1176
2215	2286
2003	257
2319	2109
1273	336
56	233
2332	1950
895	1148
85	223
774	1802
985	1229
131	673
758	1043
1623	127
550	1157
603	987
2459	1911
2079	1903
994	1113
573	405
2046	2180
2458	2219
1031	228
88	93
1486	1487
2264	2065
2488	2082
1805	958
160	1219
631	632
689	353
2151	2038
1264	499
43	1256
2018	2114
370	369
443	442
2531	2151
2199	2198
583	1252
2209	2256
343	1350
258	543
2000	2249
2145	2009
1859	400
22	192
775	1101
1931	492
66	790
363	431
23	1014
233	236
52	218
658	1020
1823	1015
404	1639
2208	2315
1426	1731
2236	2231
193	973
2517	2178
2395	2393
275	277
667	810
2350	2015
20	730
1565	999
430	569
1814	1621
1065	814
2017	2026
360	362
57	1510
2365	2015
1067	436
731	646
1377	1862
959	905
2096	2083
2031	2510
1796	2142
1641	957
1429	1313
1082	1084
103	522
1500	261
1778	1069
807	156
582	777
1327	1742
805	1741
1740	1277
1916	258
625	623
618	1182
688	689
215	734
1074	1497
1684	995
662	663
1698	738
1349	81
1653	362
1772	431
1480	671
166	169
1558	614
1530	1764
1732	766
2037	2039
1378	1328
1377	1477
595	599
720	308
1395	1632
2014	2246
1594	1595
1472	287
2446	867
299	1457
2148	1034
151	540
1897	983
1359	1381
646	600
2119	1898
389	387
1188	1509
2400	390
1161	832
1890	2242
2353	1470
1240	105
891	1184
1128	1322
1653	1181
797	514
779	1071
1503	9
655	884
1046	1270
134	1095
952	700
84	86
431	438
98	99
19	533
1077	1255
147	620
72	71
2099	1371
935	934
583	586
1493	289
2425	1091
923	495
979	1612
2086	2169
244	1204
444	449
2259	1038
284	471
930	909
774	1273
2089	42
1099	681
1588	372
123	479
1851	290
1389	203
1837	741
2004	2005
28	828
807	242
1953	1317
255	1094
6	8
2331	1691
547	551
510	16
1071	778
529	1299
2282	2148
2439	2275
1264	127
1346	991
1017	1094
85	829
889	412
1104	1109
2003	2231
707	1100
999	386
2375	2371
2128	2219
1015	1017
324	1130
1888	395
1176	1254
342	1560
561	17
157	776
793	1837
791	1857
67	63
963	584
2377	2221
725	723
700	694
447	415
2225	2263
1445	56
1009	1007
28	25
210	611
1196	790
1488	123
2200	2380
1197	592
714	1629
1286	376
1666	43
2028	2304
1980	1790
619	1182
272	1199
82	1214
140	717
1777	1197
760	761
1166	1315
1002	1005
766	868
1346	1180
737	740
164	157
678	835
790	72
2149	2500
886	884
963	1028
72	924
585	743
789	67
1746	1567
2274	2084
1593	373
2323	2275
2009	2158
996	741
2089	1955
419	1530
1399	464
625	626
930	1011
99	100
2190	2179
1239	1018
1644	494
162	410
1217	1081
134	1060
1264	497
343	1229
435	276
1238	276
660	658
1312	639
63	68
1271	1410
821	553
790	835
1300	1299
498	501
1111	1112
272	274
430	567
1334	1890
1028	1696
2238	2141
820	378
2362	2268
33	1759
1163	2001
336	170
408	409
1287	1053
2056	2448
830	770
1398	219
327	1637
168	505
600	931
1376	609
2394	2408
62	55
936	690
219	1782
1567	1512
518	521
2344	2259
383	797
43	590
2306	2424
29	845
1689	954
1285	66
2303	2171
2082	2292
2099	2094
582	576
345	214
1535	609
178	1707
303	329
601	603
23	1319
687	851
321	320
970	1639
2297	2507
1592	1652
189	836
247	379
2263	1898
674	301
405	1579
1567	1568
953	1214
2189	2491
746	1189
2078	2282
1182	790
922	187
1868	528
441	442
802	806
1649	1167
1291	1369
1851	603
1561	1173
2011	2086
566	138
302	305
1388	848
1372	965
525	610
1276	1609
487	491
279	1752
341	1613
519	576
210	612
381	1206
1309	960
1697	440
2438	278
22	18
1287	1594
1433	1432
2229	2064
29	25
1452	243
1309	750
622	82
1170	1168
1581	786
24	791
733	1449
793	2125
1285	68
2416	2063
1514	437
1220	479
713	1183
1396	1243
990	771
2504	2419
1766	1767
1497	811
1048	1181
2047	2049
710	713
967	663
1850	442
2375	2093
568	945
2271	2435
2166	2284
267	1095
2315	741
1105	152
1542	67
1565	1407
772	1454
2171	258
799	954
131	1108
19	23
1353	992
2414	2326
632	82
775	103
2268	2178
805	1364
201	205
1399	1153
1553	1556
1055	737
1348	493
809	432
1037	1038
531	895
1358	867
351	173
1059	843
1169	829
1588	135
390	157
936	673
748	127
929	930
346	348
223	1175
2097	2101
2282	2078
2109	2075
2347	2114
344	16
622	623
642	644
162	1282
1282	527
929	931
1387	4
1635	568
799	1226
965	514
470	472
1025	963
2324	2093
11	52
2193	2293
786	719
1876	1018
1104	1115
2307	2308
2335	2447
87	80
2190	2189
1772	413
1889	437
2168	2502
480	482
126	765
1580	391
1080	310
2235	2269
237	1479
166	167
578	440
1992	1656
2374	2259
1243	977
156	161
2226	2227
712	1525
25	30
1138	591
271	584
2246	1997
2154	2380
1796	838
531	471
560	557
1541	361
538	540
1274	776
10	17
28	330
2451	1903
574	1039
1878	1115
511	514
193	300
574	966
216	597
1031	1032
2302	2505
797	383
2427	2235
159	243
1809	1345
1744	2086
2123	2459
2429	2409
2533	2166
283	108
2284	2185
520	518
1531	1289
2061	2091
1380	803
859	42
2109	1942
2211	2174
2299	2309
1043	1371
157	165
410	208
1889	1455
2086	2127
2111	2110
356	516
1186	1185
66	65
772	1285
2203	2173
852	867
1887	1510
534	300
1208	1209
1375	1523
2079	2301
1348	1510
566	1172
1869	644
293	546
1753	1409
769	1369
62	1972
1743	1910
1336	516
2401	1939
741	996
371	788
1913	258
225	1058
361	81
584	581
563	915
2263	2367
2179	2389
811	1497
177	176
815	1700
2039	2038
138	252
1553	1330
1182	494
325	250
1850	1923
2209	2431
81	84
1823	1690
325	251
2148	243
204	1659
2244	2086
748	750
127	125
351	590
1020	1456
764	67
1670	1510
531	529
2352	2082
2310	1691
320	322
1233	804
1896	382
812	131
2297	1837
2005	1330
1547	1247
414	409
85	219
162	577
161	776
1675	981
1801	140
1332	1326
2401	2386
2188	2208
1115	619
600	646
2490	2031
1211	826
2173	2077
877	878
381	446
1114	1118
1238	1236
733	702
1663	1665
1275	1200
1459	1499
910	1936
1213	799
1701	1907
829	224
1018	1239
1277	1279
208	1204
240	622
2208	2189
984	438
158	418
275	180
661	1107
299	1117
796	458
2125	2169
2491	2354
887	867
2417	2080
973	1229
548	580
1845	40
1094	1097
2080	2173
551	547
1851	72
1044	766
1355	2128
909	644
1064	251
1038	809
1827	1291
419	420
228	790
1695	289
1192	1189
487	486
1254	203
153	131
2296	2213
208	706
2415	2305
169	168
935	345
568	946
98	101
950	501
483	260
1688	172
658	473
274	158
0	5
938	941
2339	2232
1704	1934
1753	1754
1169	303
1991	1580
1468	734
1073	240
1199	157
539	1431
1045	1951
1327	753
81	87
1217	1221
1261	1693
1547	300
1368	466
2238	2142
52	216
1746	1800
2205	2125
204	199
1183	1227
814	1065
2173	2177
1873	1216
1314	1265
1500	1501
1967	596
1184	452
1824	1708
431	436
1488	877
1310	196
1658	404
97	1148
2127	2125
2061	1322
1888	253
972	932
1202	290
2157	2339
271	476
1113	1748
762	763
737	678
1268	39
2137	2010
1588	1589
1241	1242
941	942
2204	2431
1321	1512
1317	1313
1172	169
2379	2380
1578	1536
1929	1930
686	743
150	139
1026	1817
820	553
1050	1795
1628	1626
198	290
792	596
181	1665
827	1619
374	373
132	302
591	1144
951	1451
1338	559
1146	1700
2248	2057
1282	1498
71	67
156	162
294	368
495	678
1507	189
1434	1128
763	1069
547	550
1006	100
1344	1067
2427	2039
1589	1368
492	474
1652	8
789	66
1794	855
972	974
98	104
957	1135
1310	318
1686	1635
1245	1105
1004	575
2400	2337
1071	1452
292	293
38	943
915	597
55	626
739	1731
437	1039
1920	808
421	93
1362	1364
1087	1088
1950	1938
2305	1934
1627	1626
2323	2315
1462	1463
274	352
2326	2001
72	68
260	264
741	1011
1083	237
2266	2320
654	1194
2293	2258
698	92
1372	1456
1294	1196
1550	1538
1187	1189
1479	703
2290	2262
565	1012
701	1200
2236	2145
2147	2249
2310	2307
2071	2493
1649	1619
1388	141
417	167
1478	124
768	67
31	33
1608	1449
796	798
469	1873
2004	1899
1388	1183
1417	127
465	601
1358	1360
112	114
812	301
1957	933
2386	2401
339	860
1705	949
978	1609
522	239
1604	2022
161	156
506	1885
856	919
992	1095
1073	1449
1507	596
1646	732
725	296
741	930
349	347
705	206
2369	1837
1039	574
1128	1445
1429	969
1572	1698
52	215
577	208
2287	2367
105	780
1934	1704
1182	618
607	741
600	572
235	236
809	1253
522	43
12	620
597	607
516	1336
1937	1847
173	166
1243	1372
1723	732
852	1162
2073	2234
788	371
687	147
338	1116
1051	998
271	579
2099	1322
195	929
952	284
1378	1376
1711	919
2149	2259
193	802
2194	2192
560	1378
719	382
315	1409
2152	2027
52	214
400	43
62	54
81	876
580	938
829	830
180	224
2053	2102
246	245
1023	1609
35	383
431	437
679	343
1220	1218
1987	2162
229	55
1812	142
1956	826
78	317
1108	131
2149	2058
1028	1725
492	475
504	1379
702	703
2438	953
1592	828
982	483
2112	2348
1798	1277
1419	1418
1477	1475
1363	1410
1769	1276
2032	2229
249	404
2037	2013
2358	1999
1325	1743
1175	1176
67	66
384	100
2393	2154
413	1287
1670	222
1160	819
1136	856
2260	2263
535	78
173	417
1802	1349
1155	675
1276	1256
1863	37
394	717
2324	2148
2321	2266
1375	171
1442	211
1968	411
102	98
1525	1524
2534	2080
299	620
1904	955
278	281
1016	1017
2377	2126
288	291
1641	1707
714	711
708	378
1551	1509
1391	1392
2426	68
1274	1456
477	538
778	440
1270	1834
2374	2088
1565	1566
2011	1934
1296	812
1445	1475
694	701
2150	1061
2154	2382
2514	2080
1032	1258
738	739
490	487
973	1659
1647	1843
751	1784
1755	1460
906	192
2095	931
816	219
1037	2040
2385	726
2136	2137
781	100
585	581
476	271
1516	378
1701	815
681	1070
255	601
1459	927
1549	1550
1096	1097
1796	2230
1656	194
1757	148
2077	2079
1384	1386
1728	2094
2027	2399
738	1055
494	1182
2511	2015
965	966
1294	339
526	1073
2248	2249
1909	1616
381	259
450	379
71	63
266	268
256	346
296	1405
312	1786
762	1032
2190	2208
728	729
1517	444
1679	1680
551	609
688	691
1840	900
29	1578
247	138
1626	201
2286	1603
1802	16
84	55
174	1725
1272	1273
1523	213
272	351
1115	1104
417	173
2451	2133
724	639
2306	1992
565	1015
1991	391
2259	1954
1585	708
264	481
302	711
39	34
2324	2202
323	326
2426	2061
1510	1887
1135	1522
608	559
1025	827
1020	271
1074	241
714	131
1448	438
1886	319
566	1401
1028	172
2151	2040
2350	2351
353	1477
1192	746
977	547
229	390
1615	1135
2018	2345
210	595
1490	1488
239	279
693	1170
1039	279
2188	2078
2220	2219
2339	2309
2105	2040
802	805
18	20
2399	1444
2434	2095
2249	2372
1449	1147
645	1740
2324	1955
246	855
832	604
540	1541
991	77
354	1449
20	918
1692	506
2402	2418
1341	1705
1958	2094
1053	1287
2501	1317
2204	2415
1391	1390
1020	174
664	667
2203	2205
480	261
535	1467
1221	1077
252	1497
147	618
379	904
2267	1163
1138	777
1153	487
1810	1811
2088	2039
1649	1650
1874	757
1876	1004
805	697
2052	2094
305	692
1517	408
1709	1014
866	367
1270	1586
687	66
1410	1412
2487	2427
1956	558
2229	2264
2410	2326
2009	2159
878	665
708	1171
192	665
710	712
2372	2041
629	627
157	590
41	43
834	867
978	1205
652	218
1938	2410
592	399
1203	1204
1828	2144
1406	1154
1651	603
1156	359
1221	442
986	559
548	832
1365	904
1659	1229
150	357
1060	1063
1277	926
2375	1837
129	168
639	1312
1705	181
1804	734
2344	2102
1322	345
763	762
1059	876
1248	1249
1324	1325
390	285
373	644
804	7
879	1260
1361	440
1196	596
355	420
1078	1906
1491	68
402	141
1211	585
2250	2130
1002	1006
1221	93
227	1073
1869	624
1124	78
866	368
1626	1627
1033	1231
279	1101
204	201
2521	1744
1759	480
924	765
242	809
2420	862
10	15
525	20
925	790
1452	1455
1494	1047
2345	2049
2047	2050
1967	1336
1536	1321
67	925
1090	827
2370	2175
2056	2058
96	84
2194	2319
897	898
513	820
1633	1179
2146	2149
2403	2211
33	552
2267	2233
2147	2077
1651	1649
157	164
921	919
646	678
1256	165
1157	550
694	698
686	132
934	936
1759	707
1221	441
780	963
1756	2360
377	379
1240	780
2011	2113
25	26
1114	628
567	571
2	733
157	1199
591	1147
953	461
1955	2259
2281	2211
136	1497
1048	1047
365	1883
2209	2423
1728	2092
308	463
2231	268
291	564
1650	365
1580	1107
1466	2011
517	511
1169	1106
61	462
2023	1174
1433	392
927	1101
1014	415
85	59
1388	143
1055	738
805	802
2038	2106
139	388
480	483
2518	1444
1099	1070
577	938
1203	1754
303	691
1926	841
738	1123
1028	1319
2240	2137
2067	2091
519	580
1012	1014
2374	2151
1885	771
1035	1233
2368	2201
959	542
1931	749
1975	1860
1543	1544
2289	2197
124	397
1212	1244
581	854
31	29
762	507
2046	2197
809	227
1639	1640
1382	646
506	1620
2023	2025
2033	2353
1225	566
1152	332
404	405
2301	1092
548	583
1488	1365
33	357
2314	2014
150	253
2373	2065
552	1230
1092	2095
1016	1013
2123	840
795	2038
1556	1201
787	151
116	119
282	43
1260	1691
248	253
1565	268
1936	1322
2367	2113
1766	419
2278	2017
644	1051
953	689
1041	1039
2064	2217
308	1953
2236	1533
1382	835
817	16
933	2072
2047	2052
842	1784
1365	269
1406	70
662	664
377	378
2221	2435
2493	2496
1210	982
1892	1201
1489	998
657	656
593	1456
436	1459
1583	1584
22	1613
475	1372
819	691
1025	462
1912	269
871	1560
984	783
1144	703
1812	1301
584	493
1059	1058
146	604
2274	2414
260	262
1710	1149
1161	878
341	931
1103	1107
190	195
1304	615
2089	743
1443	1546
2268	2431
1706	1203
990	1092
2338	2265
1169	659
2308	2310
2439	2246
454	515
2469	1796
215	1021
2036	933
1802	1271
190	191
24	298
831	314
1891	700
1646	1657
2322	2187
335	341
2244	843
2	56
206	205
1174	2464
1298	598
592	770
1859	43
1509	1190
746	531
794	2334
496	708
1580	1588
2049	2077
1223	1225
1612	979
215	180
1514	548
979	404
2420	2143
1093	2523
186	770
2297	1063
667	1614
973	291
1212	1510
268	1983
398	1609
976	894
98	105
1915	862
165	321
1021	354
2120	2419
793	2126
590	865
1118	299
669	668
2024	2172
1585	671
2052	795
647	141
1378	560
929	196
2538	2479
398	582
1014	23
833	1677
259	2010
1135	538
1426	1099
480	175
1605	459
1037	2089
1979	794
709	727
465	309
445	986
2068	2377
186	321
315	1407
264	261
878	879
1648	1008
1332	1335
340	561
1481	1673
1228	1772
741	605
1198	580
2057	2056
1278	141
1980	1979
597	1457
788	672
2304	2378
1967	766
584	1176
166	173
1418	1289
1466	2289
294	730
743	1497
1730	288
510	509
492	477
1093	2373
384	281
619	617
309	1964
1781	44
624	241
450	604
156	163
820	707
1823	414
766	1112
214	451
572	1173
2208	2190
2528	878
1997	2000
392	166
1104	619
1239	1210
1229	830
379	72
2427	2286
2246	2359
1769	840
967	969
1579	303
737	739
102	227
978	1214
136	1035
1757	1758
160	158
18	19
937	1575
317	687
291	207
384	1287
1357	778
1685	774
1708	325
2221	2128
1080	1079
595	63
1813	1631
848	1135
1832	1105
1458	1453
924	187
810	790
1436	1041
1422	150
631	634
957	1036
920	1638
1262	1263
295	788
1955	2374
1032	1036
440	943
162	227
2289	1898
452	456
1443	408
701	802
2499	2299
2142	1796
127	1840
2305	2460
2468	2088
1817	1823
2399	2304
1183	1381
2026	757
664	619
1112	927
814	1519
2448	2126
1807	790
813	816
2508	1979
520	972
2435	2093
1020	776
1233	1447
1496	255
1048	714
138	247
380	381
1521	1405
1997	1999
1270	1835
1255	442
424	507
348	346
680	200
2163	1756
348	347
726	560
1907	2476
1768	761
1084	588
1200	1022
1689	1100
50	51
2271	1955
1064	438
1982	2058
2171	2436
341	790
72	1034
569	1451
1706	1205
1441	967
1071	244
154	142
2106	2055
28	825
1746	1798
991	492
1402	1027
1326	1542
2126	2249
718	719
1153	1587
1083	161
554	1208
1491	924
1816	1491
1569	980
436	278
1375	1307
2207	2206
2022	2135
200	291
1455	1342
242	421
2538	2154
582	577
1544	1621
808	990
2286	1899
1317	1953
1049	1734
1060	1061
439	440
1086	311
1843	1731
172	1251
1268	1183
1717	1716
19	195
523	528
2123	2440
1051	1095
724	722
558	370
1899	259
547	553
1654	203
363	434
123	999
1071	580
2370	2313
904	198
781	783
2518	408
2352	1744
668	669
414	411
1018	1015
925	189
1753	910
891	1389
2085	1985
631	633
576	586
807	548
517	815
1932	1439
746	1219
2287	2264
731	732
1453	1458
1953	304
714	690
2319	1532
1936	2471
2500	913
1040	621
2507	1532
508	509
2390	933
575	424
496	205
1012	1013
1119	1120
700	217
464	463
1456	1274
2200	2183
1640	1321
295	1488
1912	905
679	925
235	234
1637	673
442	441
334	165
2400	387
2372	2013
1921	1133
1155	1298
391	1991
350	354
948	17
0	1
690	131
38	1268
1378	609
1245	1082
1481	1019
2408	2452
1870	1871
346	1519
2468	2507
1399	1089
1386	1083
182	26
1735	1196
2374	2085
831	1164
2506	2280
1125	925
2343	2037
2253	2245
1942	2333
622	624
1178	1180
1957	2258
1419	794
1334	725
338	1442
2260	2010
2358	2355
2258	2173
1855	387
54	59
609	1446
1669	410
1989	1990
2292	2193
549	1065
209	212
753	1343
2180	2357
63	69
2293	1163
792	445
441	1255
2215	2110
1967	189
2010	259
2088	2150
213	611
2083	2038
958	749
990	808
353	1266
1700	1213
2402	2409
214	1321
970	243
458	455
1871	196
1529	228
2032	2264
1630	1542
1523	996
1547	1671
791	1006
1252	747
1285	1000
2136	1734
2446	2204
1556	1901
2292	2282
339	1350
2008	2003
354	401
1104	46
1024	1440
2071	2512
836	922
854	581
42	857
1623	1327
1611	830
2339	2406
1065	1193
1451	1231
2181	2185
1857	453
153	1571
2215	1939
2235	2038
1303	1251
2247	2465
1253	584
1168	148
854	582
1196	217
2379	2210
174	1138
2509	2379
1565	835
534	1354
2032	2258
268	959
2307	2309
354	15
2469	2351
1652	361
1241	52
205	204
1108	224
1024	37
1596	1140
694	695
2286	2288
1088	1112
249	1579
2269	2151
251	1098
680	681
67	596
2324	2129
648	807
277	533
2275	2276
158	770
1193	171
1842	1258
1362	1147
1092	2353
881	782
1001	1123
2363	2364
878	1460
1942	1934
1798	648
1910	415
694	696
1661	1662
230	231
568	4
214	84
1854	832
671	673
2440	2442
442	43
1387	397
643	647
1577	1666
598	595
344	345
940	972
1073	743
1375	1266
2425	1092
2507	2222
1968	174
862	1158
925	679
1364	123
2404	2405
972	951
1941	1222
685	1385
576	493
1666	232
570	485
2401	2403
2304	2381
701	7
658	42
1080	615
2325	2429
160	156
1112	1336
959	444
303	302
1192	744
2014	2039
1051	1094
626	623
490	486
800	427
2433	2437
1460	878
156	165
204	1171
1087	827
682	276
2338	2036
2048	2047
722	258
1708	323
1017	1012
1134	62
1452	163
732	911
779	1458
1217	441
1017	1016
1165	1576
2272	2009
817	303
224	56
54	56
11	10
2493	2494
2402	2015
2311	2127
1774	1265
1946	1948
413	447
1107	660
1592	1540
2129	2169
504	902
2041	2343
54	58
1206	259
2168	2041
1288	1289
1672	1972
1320	709
2324	2371
1584	1583
2152	2154
2104	2088
810	1397
1297	819
2095	1053
1559	1158
835	790
2360	2028
666	618
1397	438
948	682
1278	1282
1125	376
1052	857
1989	1255
516	940
84	223
2458	2222
265	260
2462	2129
486	490
1058	652
1868	1428
1227	1830
442	1256
2260	2262
1633	1241
856	500
1708	253
720	287
990	997
1814	1631
760	50
1079	49
2363	2137
263	264
265	261
1389	1423
2105	2235
2462	1733
2441	2134
1711	1877
1939	1847
322	770
1506	1012
883	885
141	1670
483	480
1381	713
1283	810
629	735
1692	869
34	38
1719	40
711	305
1168	303
1287	384
680	687
1053	449
399	401
447	844
1370	1812
803	1379
952	884
972	973
240	163
716	413
2156	1958
2043	2046
962	646
1826	1828
2021	190
2360	2304
1710	1148
2492	2378
1946	1185
812	327
597	1229
1448	680
1525	496
1553	321
412	889
439	443
478	74
866	371
2245	2252
69	931
429	15
383	35
2300	2301
1389	848
9	1503
2497	2344
1577	1504
1726	1282
32	25
2084	2040
799	1081
324	1131
2218	1163
1484	700
1147	1022
2169	1322
2164	2165
1364	824
666	619
717	1591
511	512
866	769
249	1581
1946	1947
1071	1357
413	1745
1831	956
1682	1683
269	1365
1248	1118
765	646
2348	2112
829	56
1974	684
998	992
601	602
273	407
951	1705
488	1218
69	1736
2181	2183
909	192
1418	856
1596	211
1449	1204
15	1052
2537	2520
1674	684
173	271
1964	998
1123	1125
1812	1570
2167	1063
1705	256
2101	2102
603	166
1073	604
1050	2230
1977	526
1827	266
1817	786
1017	255
1153	286
1100	1609
1327	1324
989	991
2462	2238
550	547
552	778
706	707
1203	252
1475	56
2432	2307
1146	591
324	142
764	766
459	461
1451	806
929	679
1175	476
1203	966
907	1303
356	113
257	217
748	368
1673	689
1470	1091
1596	753
769	1303
1170	1612
1312	111
50	1356
1889	1514
2408	2191
1007	1010
1108	1612
987	607
1938	2409
760	762
1372	1052
2202	2222
1305	1746
618	1320
250	136
935	859
327	692
2138	726
2399	2159
761	762
1763	2213
1716	1591
1721	426
416	334
595	598
1587	1711
20	860
1065	1129
2306	2066
676	1309
369	371
372	376
256	344
2166	1958
579	530
814	849
1228	1227
392	393
1128	1611
372	375
1235	1238
1727	1167
2385	2381
1185	1186
1098	251
650	225
1624	123
489	491
2204	2301
2120	1938
2040	2150
2456	1443
196	339
1120	1478
251	405
2320	1335
2386	1588
1225	1224
2124	2093
194	52
2168	2469
436	1095
392	359
2053	2458
1841	1249
832	835
956	1486
1593	374
2166	1092
995	543
1630	663
1423	1425
401	817
1507	70
1134	1135
1075	1072
2113	2289
2267	2177
1426	1101
225	659
516	178
384	684
608	255
1038	2270
548	549
1133	1722
1538	1540
140	1571
667	929
1638	118
297	101
150	33
1055	740
2118	2022
798	654
722	725
2524	2133
1418	1925
715	717
690	302
1973	1994
1145	1229
1389	891
2002	1998
1237	1235
516	587
178	949
289	33
1577	1059
1681	99
154	1143
2126	1936
788	1154
1043	1042
905	1914
814	880
1774	360
1026	584
446	448
2275	2277
369	367
950	682
937	1944
1014	1709
664	1182
1477	1481
1330	2136
2051	2486
1348	473
1637	936
1229	973
1141	1143
333	556
889	457
703	237
1737	957
574	1102
408	415
240	1449
940	706
704	702
725	1162
864	899
1374	1375
2510	2262
1339	492
1909	1882
2267	2265
967	409
1535	1446
270	274
2235	2104
693	1246
1288	1125
1850	1255
665	1622
1505	1430
2389	2179
190	194
105	729
437	577
1205	46
1199	164
763	761
1707	1064
2391	1957
1056	1057
2120	1982
103	417
537	300
1254	1176
1069	1040
1189	1192
1887	1671
2451	2293
1929	2459
954	798
508	432
1408	205
881	885
2072	2090
1189	1190
436	431
697	802
2199	2322
1991	819
1845	1846
626	625
641	637
1653	979
708	206
400	399
1502	1064
1006	1720
31	1658
309	666
1354	1676
1854	1095
1211	779
2383	2206
16	17
2354	2310
317	1083
1670	141
985	1196
571	567
1954	2055
1856	2144
2521	2276
1644	607
2399	2027
846	849
1658	979
8	696
1476	1475
611	210
596	1507
163	1452
1148	895
778	1459
2027	2450
992	1060
2197	2228
408	410
2140	1999
1207	1367
810	299
1633	208
1314	482
647	643
1767	420
1705	806
1411	1528
2097	1371
1838	525
2327	2259
2097	2167
1622	1341
222	180
997	851
1032	219
2310	2183
1152	628
842	845
925	70
704	1138
1355	2093
1079	615
2017	2278
2422	2019
2285	2218
1096	298
891	645
1670	979
600	790
521	1561
285	519
1271	1231
1913	1914
2050	2454
2499	2079
2124	2126
2225	2125
2066	2306
102	927
1748	833
2210	2380
1541	304
2414	2040
2479	2208
121	122
2001	2086
2227	2245
1103	1105
2339	2382
239	241
796	685
2127	2129
1659	1231
147	69
341	621
539	541
2311	2205
72	494
904	1366
350	147
1270	268
245	246
1040	103
1354	1467
166	174
2149	1954
4	167
2175	2411
1503	308
1075	252
1443	2456
2323	2195
2511	1939
565	527
145	1323
1188	1508
1183	713
297	126
185	189
2238	2421
1324	1326
1910	1181
1105	220
1253	1176
232	775
1263	1260
1982	1656
492	495
1436	1440
242	1606
2372	2039
1837	1011
740	1397
173	522
2106	2088
660	85
1607	1120
324	325
2118	2123
2087	2115
77	607
1453	778
305	711
2143	2470
535	534
254	258
856	260
208	707
1396	1207
2003	604
5	0
236	1718
2271	2089
184	16
2425	2515
1382	621
477	1028
1394	1476
1265	1733
2408	1910
2439	2359
1564	1258
1650	1867
1968	1181
2085	2106
2286	2115
2090	2101
1744	2320
2296	1999
114	112
2183	2306
2007	2162
599	494
145	64
2322	2199
1172	733
460	704
673	936
81	82
63	71
970	967
102	899
967	970
1056	751
1982	2120
2066	1764
2447	2304
2	1257
1957	2390
2344	2466
663	1630
2371	2375
2135	2049
2095	2220
1393	1396
154	148
661	489
2328	2167
1339	1229
180	215
1070	606
785	786
995	1982
577	706
1537	166
2134	2328
499	921
1982	2291
1181	503
21	1051
2067	1728
769	868
2079	2300
199	204
1867	1650
540	628
1547	1510
135	1750
1709	1184
348	859
1005	255
201	1452
1647	799
1069	780
431	14
1672	1477
617	101
512	574
935	14
1676	1117
1673	141
237	66
2434	2003
1761	142
1716	1515
395	337
275	280
904	135
2130	2131
890	1952
136	1034
356	1212
1495	1528
1593	372
1418	921
1078	960
2133	2451
2181	2182
1961	1745
2264	2082
590	864
50	107
1965	2080
2148	2084
1356	1110
2403	2460
2232	2064
693	1477
2021	1271
728	418
591	1146
2510	2517
1927	1641
602	123
598	1057
2331	2408
2203	2175
560	1637
408	414
1262	1888
2410	2205
255	1097
2084	2324
817	692
965	112
816	1782
271	493
348	1520
1544	1183
33	359
2516	2307
651	16
1672	1412
1044	877
169	1172
2437	2433
495	835
1578	1577
162	208
334	416
141	1277
2011	1038
391	194
221	232
542	544
2393	2394
2123	1286
689	1483
1617	1599
2114	2348
1254	584
1274	161
35	206
2060	1999
1300	529
2417	2174
796	797
271	270
76	730
1517	1097
2412	2300
354	935
2058	2231
998	189
2425	2295
2201	2077
636	812
1230	1075
1410	874
479	1298
124	396
1979	1981
2486	2053
1518	15
2224	2231
2042	2085
345	1434
1396	1393
2217	2064
1965	2065
576	584
782	880
1370	1570
983	1138
411	1444
2451	1174
1596	306
153	1757
529	160
1043	730
1025	31
1314	910
257	663
340	727
569	457
543	994
815	816
1107	224
1732	769
23	1834
522	173
1230	1498
785	788
1830	2359
2422	1958
459	462
556	1617
1650	1227
1822	1130
2480	2145
91	565
915	918
309	488
2483	1775
980	1064
2045	1958
1296	446
447	454
2336	2302
1168	1169
1319	1282
2196	2354
2020	1461
1501	261
2167	2361
1842	760
830	1449
466	467
1413	466
88	91
2377	2244
669	422
1713	153
270	271
2479	1563
2459	2122
2378	2309
648	645
2206	2456
2516	2503
799	1213
171	462
889	115
982	1272
914	765
2360	1603
721	2362
261	485
1791	185
2113	2215
753	258
972	938
1271	456
1330	2111
1128	709
1282	118
850	189
1479	1100
2474	2183
10	13
806	533
1055	930
2371	2129
581	582
1429	148
2211	2421
1153	1586
505	734
2507	2167
418	158
952	1508
935	347
2523	2455
2533	2294
298	1096
1974	281
75	692
513	1768
1015	1012
113	112
1058	224
1515	1516
956	1594
1894	1652
1270	1588
2293	2174
2205	2129
765	767
1511	1513
1767	298
2218	2232
31	402
2235	2234
206	1172
963	981
230	232
652	85
2398	2123
1665	1663
1492	1899
2027	2447
1008	1307
2205	2127
2244	2087
2358	1983
2188	2354
1981	638
2307	2153
567	428
1223	1224
1342	575
2197	2381
2422	2196
2188	2196
1453	1073
1372	529
1196	687
232	777
1818	357
2437	2204
1484	1738
1632	1395
290	203
740	835
792	1061
1690	389
701	124
313	316
377	382
1671	903
351	593
700	124
57	492
1768	1120
1391	109
2305	2415
1366	773
2326	1903
1100	1255
212	339
2269	2084
121	126
652	659
2357	2159
45	418
1206	256
195	197
1592	1048
1755	1867
1591	1257
1808	821
2234	2055
344	347
744	745
711	301
2127	2128
128	136
995	449
2013	2151
1348	57
1416	700
2469	795
1061	101
1977	732
735	736
1235	1237
2377	2095
1698	1123
2446	2178
578	242
1091	2093
795	2115
1022	322
289	291
2269	2105
2267	1131
2150	2085
2151	2106
2519	1742
2306	2065
187	922
1417	1419
2131	2231
1698	737
1115	617
2008	2013
1347	1743
623	622
1486	187
1594	1487
1719	836
2208	2357
751	1057
1357	1071
1748	1113
513	273
612	1368
1522	1135
1698	1000
321	1022
1730	203
2268	2275
1016	1846
1798	1494
1497	526
1155	1249
726	1000
1491	922
2352	2292
2290	2127
2048	795
2259	2055
2332	1907
1720	1721
977	729
1230	252
338	1332
486	489
1247	796
531	1188
2135	2123
317	546
2354	2491
2182	2201
164	1022
130	131
276	1240
326	1887
1513	1321
499	500
317	1124
2145	9
1098	250
924	790
654	952
1974	383
704	170
2144	1898
2067	2095
919	920
1819	357
1247	1030
783	438
2353	2421
1031	1034
1283	790
1171	1175
2275	1957
1395	1493
759	756
274	1971
1955	2324
471	530
2068	2525
1001	1489
2130	2043
1353	77
63	70
1057	77
139	387
313	317
1855	1642
2045	1563
858	1081
1695	203
399	400
2372	2000
1446	345
290	730
1512	1567
2344	2379
1467	1061
1522	430
183	184
1540	1538
629	245
786	1581
567	570
1866	2266
1605	1242
2029	2031
120	1690
1987	1986
1950	1856
586	1621
1101	707
2330	2172
1156	432
172	1621
480	484
819	347
2197	2313
1793	105
1014	413
1213	1640
1044	999
2306	2456
906	1024
2367	2263
1699	815
444	447
1431	36
1161	835
1137	196
2202	2371
959	269
1684	1915
2479	2267
961	303
163	240
2317	2300
2071	1981
251	138
337	196
1484	1642
662	70
718	721
1846	1845
1354	534
2357	2208
67	68
1917	1320
2492	2303
2028	1174
348	1518
2434	2093
887	766
106	108
2303	1331
793	2169
2113	2361
1390	1391
762	1398
797	685
2198	2354
1171	1048
458	490
360	364
817	359
964	962
2296	2297
2148	2147
2007	2236
1974	280
2083	2086
2205	2074
1263	1261
2265	2267
851	1001
1381	729
267	269
1042	900
2293	933
835	217
2056	2054
2392	2133
567	568
335	337
1558	498
682	951
888	867
1309	692
197	194
936	1637
1397	67
574	208
280	973
233	108
5	422
501	950
1852	1879
1958	1942
299	833
954	1689
42	859
1959	678
1851	198
2090	2256
1761	1505
2290	2293
926	1455
2368	2271
1857	1077
2013	429
1468	417
2490	2485
705	522
1865	1081
926	1458
2378	2210
2188	2191
2370	2308
227	208
215	167
1502	139
974	1146
1585	1434
308	750
1669	1138
2380	2309
2527	2421
582	581
2249	2000
1136	1139
2197	2289
571	271
1168	827
1429	151
34	40
2499	2292
1048	786
495	790
77	79
2046	2152
440	410
2488	2180
1494	1493
749	1196
960	1309
659	1307
2067	2093
1069	431
717	394
2383	2193
1873	469
1932	1438
2445	2265
1046	1951
180	1451
126	297
1160	691
2219	2220
2298	1934
1101	279
664	618
1698	1053
747	92
841	844
727	1322
1405	296
816	1729
604	339
1247	869
680	686
1115	1204
1432	1227
1759	33
1017	1015
1141	1142
909	996
2323	2196
1645	1449
279	1040
718	497
1899	2286
2225	2167
410	876
460	166
1831	188
2259	1955
101	793
2017	2037
2209	2309
200	289
1805	1245
1046	1674
1033	1280
2112	2114
1880	836
1247	1721
35	275
961	719
2381	2183
2047	2048
1799	458
1368	598
872	271
1064	385
2289	2075
958	127
1070	1099
1097	1517
1309	303
1018	1016
273	271
967	971
445	217
1159	1473
682	681
51	1476
218	80
2100	1371
2463	2430
2302	2182
656	234
1199	592
936	302
1134	969
2231	1936
876	1214
795	2040
64	147
1105	1641
1284	520
1067	410
1446	382
1891	383
939	208
2055	2106
1266	170
1641	632
476	57
2531	2039
1903	2209
1736	339
711	302
1541	184
816	1689
2522	2369
1108	1169
414	94
1091	2095
1987	2009
584	1253
2412	2282
1404	1269
2467	2344
1735	1734
941	410
691	133
2303	2131
763	424
2196	2208
146	495
1668	127
1817	1743
1725	1028
2132	2200
772	739
670	1812
99	98
481	501
711	692
1228	435
1211	204
1459	1101
2478	2030
116	120
1265	1317
691	1297
2454	2054
71	72
161	593
596	68
1564	215
992	989
1436	504
941	208
879	1460
1130	137
687	495
45	157
1475	1477
1173	572
1659	1752
529	531
16	349
2181	2080
628	676
208	1215
1146	589
799	1647
1268	1267
2221	2091
662	665
1402	1403
1938	2231
1656	1992
2120	2049
2201	2078
1782	1611
2411	2117
1103	1110
1337	906
224	80
25	29
2423	2389
1530	1232
438	1254
204	436
1687	1688
409	901
164	1199
2468	2110
1245	1085
1376	727
341	1507
2317	2185
2258	2229
1362	10
2514	2282
1600	1601
458	1607
2195	2323
2284	2264
215	231
553	691
195	196
2485	2035
232	234
1973	1221
12	1250
108	422
70	790
1700	815
1839	395
2059	2060
270	273
2039	2374
382	1896
2129	2126
2154	2378
68	64
1372	475
995	1317
2381	2465
712	1430
795	2315
675	897
1103	1106
2089	2148
2183	1945
2058	2054
1789	1790
2241	2240
1575	1574
864	590
1248	1117
1637	1378
1656	2346
2360	1903
347	273
547	549
1675	1024
2469	2168
132	137
1005	910
1386	988
1809	37
1394	1690
1607	1258
758	1678
234	235
1491	187
2031	2029
617	620
2088	2085
475	46
2378	2256
2165	1728
1950	2332
415	1709
2323	2302
2168	1536
1922	1399
2081	2098
1727	1642
263	483
2261	2284
1488	998
1458	1459
706	577
2033	2233
2219	2094
227	809
2320	2295
951	1179
1770	1954
2143	2139
337	1137
807	809
1855	1167
1789	1742
2219	2222
1472	309
1885	1251
1154	1805
806	1231
2519	1437
1375	1374
271	1144
428	1561
203	1389
257	339
258	1566
517	388
1108	82
2428	2418
2208	2178
2384	1532
1856	2332
2045	2043
2395	2189
220	1320
2038	2088
1162	852
2416	2417
2519	1857
2039	2085
2036	2268
477	473
1173	216
667	663
1414	123
2395	2309
1255	1256
618	620
67	790
1095	1459
1371	2057
1653	140
1525	658
2125	2086
2234	2038
297	299
321	322
250	14
2157	2245
412	1196
2	0
1211	202
2179	2355
1275	659
1510	326
13	11
824	877
662	666
1944	937
2091	2093
856	264
1101	1099
1043	1361
2408	2394
2178	2315
2300	429
392	178
492	494
2171	2354
1667	1567
2018	2344
1792	483
1189	124
1084	155
1417	1418
365	1018
461	237
1517	1841
225	218
940	574
289	288
395	251
2388	2189
55	223
1507	1034
592	103
292	294
1598	1304
485	483
181	98
1022	390
1415	884
900	902
703	174
1418	1531
2517	1131
987	1644
134	454
1103	46
2126	1355
2367	1898
2142	2140
1044	542
1122	1119
1298	595
2008	2011
1152	699
2340	2309
651	655
907	824
1697	743
606	604
1536	1055
0	2
165	322
1528	1411
1056	627
1220	187
10	11
114	1478
835	97
815	46
2447	1735
1695	288
879	878
501	953
2202	2128
2199	2197
322	321
239	163
2036	2267
895	892
168	822
158	161
2065	2078
639	640
2122	1929
1478	952
1900	2017
686	1592
2274	1955
463	307
492	57
2069	2055
460	186
1636	1637
233	167
2270	2040
1909	1438
623	240
2434	2041
601	67
2363	2027
55	231
1807	678
18	21
143	144
1795	1050
562	563
1673	1242
2488	2080
1390	929
2154	2027
1644	835
1512	357
1433	1431
1069	102
641	639
313	314
2181	2184
2398	1944
2418	2428
173	161
1078	1264
1998	2068
1270	499
1877	57
1251	911
1353	1354
1961	1014
546	687
208	1449
679	930
825	1296
1451	438
754	395
1408	950
2	233
690	140
1111	1113
2082	2431
2429	1563
322	1449
281	1631
1430	1887
2426	2440
1513	1511
1768	1452
2086	2001
2503	2317
229	460
142	184
805	701
182	1580
600	678
1741	1323
1224	1225
2145	1830
2487	2162
495	923
31	1558
827	1090
94	470
510	507
1502	1713
1476	1445
1806	1039
2371	1837
1686	1244
1725	493
603	925
804	694
2144	2117
1456	173
2323	2321
710	366
2008	2015
2371	2082
2375	2372
170	180
2052	2219
501	982
2380	2378
77	1057
383	1043
1639	1510
309	21
130	824
227	1499
2426	2283
917	375
1203	1177
3	0
1804	86
2038	2085
2438	2065
823	283
2347	2349
2023	2028
365	1650
1580	194
1092	2421
1777	1257
374	537
856	920
2528	2387
2306	1062
178	516
1542	646
1295	1200
221	1673
1132	1
304	1534
2235	2151
2119	2139
1808	880
511	388
1628	1172
2377	1322
2230	1795
1563	2233
722	723
18	24
2038	2040
2232	2131
1220	123
660	829
391	1992
1095	1061
721	2475
2101	438
1998	2002
630	736
733	1021
527	1459
370	866
2095	2012
1909	572
2130	2045
155	1266
144	1726
2368	2235
1028	1440
1827	268
460	174
331	190
2409	2149
1488	78
772	771
483	261
2023	1159
60	626
431	281
1613	1294
2014	2013
909	1055
2373	2292
2108	1775
1771	454
1361	1355
308	464
626	622
1442	125
1290	1288
2483	2349
1858	1674
2348	2110
987	835
1746	1113
239	577
595	321
1285	646
1083	1386
1682	1684
605	604
2112	2113
761	424
446	444
2010	2215
104	98
785	787
1204	240
299	1294
2326	2087
514	1081
540	151
2466	1532
383	1266
910	1190
2229	2033
631	635
992	740
2194	2068
414	1973
1078	296
280	1004
2157	1944
1404	122
15	14
1583	1089
1160	692
2314	2270
2491	2189
2154	2379
2188	2189
1907	2093
973	806
53	11
509	215
2225	2113
681	682
2244	166
1396	977
1093	2301
906	1336
2387	2280
644	1054
391	1534
1078	1284
2089	2282
634	1737
1046	1042
753	1327
5	580
282	285
679	931
197	193
824	907
2079	1957
526	1204
1259	1263
2355	2357
83	85
110	1011
2147	1955
1723	1133
206	964
2538	1365
1613	299
2308	2313
765	70
148	155
842	1043
869	871
2337	2343
177	1341
1877	476
922	1491
2403	2205
847	848
1332	611
2427	2151
620	1034
938	208
1552	1812
1513	1512
588	1426
911	912
1071	1449
217	147
933	2276
229	702
279	574
1361	442
740	987
581	584
1332	411
2457	2427
804	802
478	128
255	1096
2337	2400
1497	1498
2042	2039
2330	1691
513	707
2365	1796
2038	2055
1513	529
2029	2034
2013	2160
2215	2111
1676	1392
1616	1522
812	129
734	180
1787	329
1932	37
1028	1439
82	624
2014	2361
418	334
147	931
1286	952
1538	758
1856	1950
805	694
1241	1243
1227	309
243	577
1476	1477
275	276
416	418
1194	170
2311	2159
1407	1602
1273	874
824	123
1655	278
789	792
2110	2112
1817	826
839	1262
2462	1943
2352	2206
753	535
2082	1091
1647	1218
968	1295
816	813
2104	2106
1411	1529
1426	1279
1190	1192
1883	93
92	777
1407	1565
2151	2085
1433	124
605	1350
2413	2293
1163	2185
1799	1607
1733	1049
951	1178
1839	1831
1051	21
121	123
915	563
1060	792
1324	1331
491	487
1705	951
1243	1461
146	606
2210	2379
11	53
1888	758
1045	971
598	1368
2534	2181
2448	2055
814	451
2186	2189
2396	2130
19	1643
1462	1061
1892	1084
342	8
426	428
1258	763
929	605
2440	2120
1275	1769
635	1321
1844	1846
1594	1287
731	68
660	1475
136	790
1256	439
1604	1936
284	283
19	18
2432	2433
768	790
709	1611
1749	1463
1568	1607
357	289
174	237
1021	1241
829	59
1865	274
244	1109
593	161
2172	2183
307	464
2271	2269
703	1144
2511	2090
840	583
32	1255
1434	214
367	369
1698	550
1622	1497
319	321
244	1071
77	536
1197	474
532	130
1177	876
1883	1275
1591	1777
1274	173
2508	2170
719	609
263	982
1421	873
719	896
1370	1579
131	711
1229	1145
587	516
933	1957
146	835
1099	1101
1538	131
13	1276
995	268
222	224
2131	2045
1253	432
464	287
210	209
2309	2127
522	1497
1116	550
1283	127
1625	627
561	316
1277	818
628	629
1630	217
2017	1820
2124	2127
269	602
2106	2150
1192	1187
570	265
692	817
1473	1517
104	877
1277	1282
2255	2015
1114	109
21	18
2226	2044
87	1475
1624	1623
2038	2234
81	219
1016	916
1138	4
792	1124
422	423
452	455
770	321
1478	700
426	430
2504	2120
1728	1719
1693	1261
566	321
790	1034
2080	2079
2371	2125
223	85
1712	389
1332	299
2220	2091
471	470
1095	436
1020	43
1205	894
76	1057
256	348
1786	1612
1341	1813
1184	1850
2461	258
1097	1094
1078	687
963	1026
1077	439
1382	907
1459	575
256	1207
389	390
354	344
2190	2173
1839	366
2219	2091
2365	2498
2399	2439
518	522
1706	978
540	1403
1874	565
131	302
2136	2138
170	168
1737	526
2373	1943
2116	2160
673	711
739	772
580	208
868	766
921	856
103	775
1784	378
512	516
1205	1109
364	362
2478	2209
951	445
255	257
70	925
2264	2287
1387	745
1616	869
1737	1735
1016	943
1942	2092
2517	2355
1810	637
2061	2127
588	1186
1806	1925
264	263
137	142
1777	1154
1067	1070
1083	732
552	1455
390	1147
625	622
2399	1331
1901	1570
813	237
828	1098
416	157
2012	2222
669	1686
458	177
404	1658
340	1554
736	735
83	87
1162	1161
907	769
2132	2043
2365	2417
1326	620
618	666
2482	2498
440	442
2401	2122
438	431
2241	2239
2513	2381
482	821
1032	50
443	577
2327	2151
1006	124
1974	413
1479	237
2250	2408
886	1266
288	290
2506	2507
1303	1122
1172	170
734	215
1207	80
1090	1960
1148	1151
241	42
634	1885
607	281
1386	1384
2127	2169
2504	2139
2030	2356
2361	2083
2380	2210
2093	2095
391	1580
2165	2356
1075	102
2370	2181
1298	771
196	662
49	50
229	733
2271	1954
2297	2137
2097	2014
1214	1530
1143	838
1391	340
783	983
444	192
749	790
1196	607
2211	2033
2078	2001
1844	1389
2269	2104
350	345
2188	2190
11	12
105	98
1849	1848
1103	1108
1828	1907
1945	2437
2240	9
1231	1033
1569	689
2538	2428
252	1040
1516	1167
1524	1525
787	673
1639	404
1451	1659
761	760
312	1658
1874	759
2137	2241
832	833
2416	933
2157	2490
2089	2271
651	967
1533	1288
1425	1278
703	1479
1563	1756
2246	2436
74	860
1817	1178
634	636
941	938
958	959
1365	612
1173	428
853	143
2435	2094
337	395
1782	85
565	1874
1317	1841
516	1224
517	214
210	610
1198	1020
2309	2379
2144	2367
495	1034
194	192
2232	2406
599	835
2068	2463
2289	2286
1392	1114
2489	2205
1802	336
1911	2169
22	299
1211	1628
389	388
1154	788
1772	1053
2344	2270
1889	1179
343	679
1887	1430
190	198
1684	1043
1016	1739
2427	2090
2201	2079
1386	161
869	872
991	989
80	87
1839	1411
1404	1405
766	769
676	557
339	196
639	70
329	631
992	1061
1673	221
1473	1472
2524	2479
1679	1681
2084	2148
80	85
798	954
168	734
529	471
2024	2171
108	944
33	889
318	77
155	1957
2492	2293
188	1800
1674	1183
1850	1256
697	701
1741	805
2086	1092
1242	1605
2084	1037
846	174
1677	139
711	690
975	978
1813	1319
521	778
1380	151
2335	1329
1489	851
1859	1256
1169	1170
666	1182
2211	2201
1613	339
1752	1229
507	509
1434	618
387	384
275	281
833	832
2520	901
2507	2468
1140	2299
2166	1091
2029	2030
1824	1833
1711	1962
2055	2038
2534	2266
1915	861
851	769
1701	1702
1837	793
41	42
1334	268
1879	621
741	1837
604	608
443	1355
408	412
746	1192
2143	2168
1045	901
2104	2105
1100	889
426	429
665	1341
1973	88
198	379
304	264
685	383
918	701
1492	2398
832	836
1178	1179
1187	548
921	500
1570	259
1190	746
1176	1175
2088	2055
1344	436
2297	2467
780	1069
2040	2084
780	99
905	1053
975	979
2134	2440
2207	2078
1127	24
1541	1538
2509	2154
1277	1281
1877	1015
821	303
34	39
223	59
1294	1229
2484	1987
2345	2016
2423	2002
1058	13
257	216
1106	822
44	859
86	1475
637	640
1458	1627
1640	1818
1839	1528
2417	2276
2076	2288
215	505
2146	2147
435	686
1142	1141
2231	910
2506	2142
38	1183
2159	1507
1702	1701
2042	2151
627	628
1743	1539
861	1166
2052	1063
64	71
963	505
288	203
1992	2060
1718	33
526	926
1771	1407
1042	750
260	261
1069	1067
2436	2258
1458	1254
1035	1031
566	1033
2464	2200
2113	2110
2523	2369
1486	567
129	300
2157	2443
445	299
2021	194
1303	907
878	248
1718	828
153	148
440	443
2147	2371
1633	782
705	706
2438	2304
420	355
2054	795
2254	2077
1959	1459
1033	1785
230	236
2088	2234
2167	2283
645	1423
1583	786
36	1168
619	666
2269	2271
1676	1643
350	344
1331	2266
1823	1825
2367	1997
2037	2041
1283	596
2200	2378
1241	1135
1692	1693
1628	1211
1490	998
492	493
127	1161
2359	2246
86	55
1105	1108
2078	1954
2352	2127
402	403
109	110
271	57
482	1704
431	434
1763	1419
682	575
14	401
2125	2202
1848	1846
171	1193
2219	2221
407	513
857	233
2089	240
1067	577
1497	1230
1447	656
2208	2229
833	1748
336	733
65	63
2504	2231
1824	1831
2016	2019
726	71
2400	386
1425	636
2443	1886
1357	173
2426	2149
448	196
2242	1890
266	269
1619	1090
250	405
1568	1608
139	391
488	1400
291	205
2299	2295
1468	713
2351	2347
790	679
1346	1014
2283	2087
600	789
155	1084
347	348
2355	2358
499	1266
1445	1349
234	230
1853	1854
195	19
828	780
1806	1568
1923	1843
1186	480
882	1635
2286	1830
184	142
995	475
1038	2084
2060	714
2303	2334
558	76
1832	822
1704	1355
604	605
2165	2301
1123	189
570	481
1493	1495
2008	2009
2465	2336
1782	59
1099	926
2377	2052
640	1578
776	240
2303	2336
1170	222
1413	660
2397	1886
2361	2075
1450	285
642	648
121	125
1903	2210
1305	1747
1053	1698
783	781
771	646
165	1449
1728	2067
677	855
257	1053
2157	2045
1199	1147
32	30
582	854
1381	1441
2271	2259
123	741
2028	2032
1705	1917
2229	2173
20	917
209	213
319	46
765	922
2064	2036
352	274
36	1433
1238	1237
2012	2128
471	529
116	117
1791	1793
428	1710
2306	2275
2194	2221
997	134
2039	2327
1696	1440
163	157
139	389
930	605
559	1338
956	385
762	509
100	99
180	1864
851	766
15	136
388	386
1083	1150
649	651
1868	1206
746	1190
1460	881
1725	1041
486	488
1950	1163
2524	2517
2111	2215
2523	2357
2297	2010
774	1643
1333	1334
2491	2196
445	988
1604	1523
835	687
955	1570
678	66
320	1022
200	288
206	275
1561	1562
464	1472
219	85
199	208
480	485
497	500
235	230
2167	1898
1794	1795
1093	2076
1607	1966
2511	2098
1031	1036
1618	38
1739	1016
1728	1942
2195	2258
899	743
1077	1355
2451	2077
2292	2407
1945	1944
1343	753
2193	2127
1203	927
556	245
2161	1524
2380	2509
1544	1620
701	697
952	763
915	20
1743	1840
2355	2179
267	1827
1120	1119
1298	714
2270	2091
232	776
547	357
1111	989
1766	531
564	289
362	1153
1916	1366
806	973
304	499
1852	247
1187	462
2294	1062
1798	1891
132	787
2325	1903
1585	206
2173	2178
2008	2014
91	566
1042	1044
1626	1211
706	940
440	578
765	189
839	774
713	1907
590	165
1152	1154
2232	2231
990	836
838	791
1283	67
2022	1652
1983	268
1098	1160
1037	2148
2309	2210
477	1319
448	444
736	824
1376	77
2478	2009
1362	889
2082	2352
173	593
1407	1603
579	592
2075	2264
2493	2495
197	908
1114	868
169	733
142	154
1581	249
1145	239
327	1296
54	55
197	331
809	709
2420	2144
2106	2151
938	942
1722	882
1517	1196
152	151
1284	127
1300	124
1567	1569
386	388
597	877
126	914
284	530
2354	2181
1225	1601
148	154
594	164
689	1481
849	1276
953	876
1857	1212
1012	1018
1857	1361
1883	1018
48	1551
2198	2323
816	1928
135	1589
99	742
2095	2222
2109	1796
2243	1754
1363	1254
1812	152
1022	418
2332	1943
2388	2226
2111	2146
897	1308
582	946
1986	1003
768	764
185	187
1573	242
1020	1340
1917	410
1535	975
1278	426
1518	346
1249	1390
1136	26
1892	1893
1903	2203
2373	1331
1063	2012
2019	2208
438	1231
2264	2262
294	877
1476	1672
263	262
897	433
1318	37
1577	1610
883	886
741	1943
1388	1389
1841	1667
1941	538
2003	2009
1269	869
2236	2237
801	427
1186	172
2077	2080
168	218
249	250
955	1579
936	305
2282	1955
1714	16
793	2093
1018	1724
2428	2120
1043	1370
521	243
2293	2301
177	1534
786	1583
2352	2353
422	425
2267	2036
1273	484
1052	222
1805	674
655	651
1066	1648
303	651
761	319
2057	2037
1433	700
1911	1604
1955	2089
2013	2372
1039	159
104	450
861	672
316	313
910	906
409	1266
2195	2173
633	631
2159	618
1184	891
667	600
1104	1039
575	682
323	263
1383	268
2391	2268
513	915
816	895
1907	2094
1508	1647
467	823
1414	1526
360	365
638	639
2065	2032
666	620
2235	2040
236	704
1897	552
989	600
407	915
2097	1907
2322	2198
558	371
2185	2176
858	1731
1098	681
398	97
1442	1076
2313	2256
1571	140
2409	2419
1116	1097
1456	593
2109	1532
2274	1037
2294	2188
1138	876
316	727
936	711
311	1086
2226	2199
715	716
1183	1361
2521	2163
1740	816
2115	2087
473	346
1919	1484
1596	1093
941	939
1732	1489
491	1685
765	923
887	769
2148	1037
1116	338
1645	680
1371	1899
373	1592
2061	2126
196	195
1472	464
1669	777
776	1274
2253	2252
676	628
296	725
1318	1319
709	1128
153	673
149	358
2270	2104
126	836
513	407
585	1320
217	835
51	52
849	702
1901	1710
1145	1102
686	239
1013	1016
304	250
391	573
40	1304
445	985
1114	1115
872	871
1278	1173
1393	151
237	702
1331	2320
1619	1359
1644	1507
545	464
1579	395
976	1204
1432	1183
177	395
150	207
94	472
2199	2173
262	614
2234	2151
2326	2113
1837	2012
884	432
1468	215
691	651
413	844
2205	2438
1651	786
707	972
97	946
978	1706
1648	632
1249	100
1310	1114
931	69
1261	1129
2124	2128
1200	1935
1513	1673
959	298
577	321
2368	2038
1832	977
1216	1215
1345	1675
2240	2236
1690	384
10	16
558	1165
2292	1092
645	1277
2453	2034
2022	1735
1604	2167
2234	2106
655	1059
34	37
852	187
2194	2220
1851	379
373	374
392	395
879	1261
534	533
2384	2138
856	499
959	1022
1467	1354
1514	57
837	839
254	256
2214	2259
1391	1118
1376	1377
998	1488
1478	432
756	759
2246	2247
2190	2032
2132	2044
999	1382
70	494
1463	1462
2118	1998
819	1297
762	424
1312	676
510	424
45	1452
293	292
1109	894
694	699
417	775
489	486
1568	439
2250	2132
680	685
1299	529
1767	120
620	617
1901	399
909	1011
1164	1229
363	1802
522	417
1618	39
1772	447
257	1630
337	247
1038	2435
2420	2058
327	131
1164	1339
1527	1411
1453	1452
2206	2352
176	175
1954	2259
680	682
563	1459
1867	791
1517	1715
395	1502
1481	651
1683	1090
1667	402
334	417
2381	2210
1229	1230
2204	2218
356	913
2327	2234
2449	2450
1985	2018
126	1496
832	644
2139	2141
2509	2210
2093	2094
2208	1957
1087	1093
1488	1931
2161	2096
177	179
1627	526
286	287
372	373
2173	2175
107	624
1781	354
401	344
2500	1811
1273	774
718	720
223	87
1561	1563
1347	1325
1424	769
1744	2293
1455	159
2429	2149
2039	2037
302	304
23	447
1770	98
414	1823
103	227
1084	791
854	397
178	1705
1174	1980
1879	242
1193	1065
2172	2330
187	189
1146	1145
1876	740
1325	787
337	1292
2086	1744
1393	1047
499	501
76	996
128	129
1900	1424
512	572
1968	681
2005	2007
745	1387
560	1310
1296	1297
1869	1660
1259	879
1879	1496
1977	687
2274	2148
1354	535
423	386
1799	742
2336	1965
512	517
1196	620
414	1836
1609	144
2060	2022
1697	1282
1576	21
725	1236
324	692
149	357
1953	1143
1660	612
834	1660
1018	251
1423	645
305	1637
2069	2071
963	1025
1910	200
156	159
1808	16
1683	1043
1528	874
205	206
2411	2210
1623	1624
76	75
1220	1291
1140	2298
1005	778
1357	244
320	165
1530	1597
539	143
131	305
986	445
1249	1980
1898	2264
607	575
2409	2115
398	397
1039	437
1047	1050
976	1203
304	131
377	380
1779	1781
2185	2262
2469	1810
981	584
1064	1502
2043	2045
1224	1300
688	651
134	992
1221	439
1186	588
482	261
2324	2125
623	55
663	70
940	520
1413	1414
1592	1086
1784	751
2426	2459
2026	1678
2119	2126
1191	1302
475	139
2072	913
84	87
157	416
473	477
1942	2002
2022	2060
536	960
228	1031
100	780
1431	1433
1024	36
439	441
1855	758
324	327
73	76
2223	2225
1541	934
1931	877
1187	1191
1589	1588
717	1777
851	999
2258	2521
1221	1256
2013	2169
1202	961
2118	1929
1022	320
665	22
1897	817
646	1182
190	197
285	282
1006	1715
608	1027
2381	1903
817	819
987	495
2402	2401
151	152
199	205
53	1764
1169	1246
194	197
85	652
1341	700
581	576
1317	1097
599	832
2107	1998
181	949
1330	2142
1226	1227
1930	804
994	543
1690	227
1057	1378
299	1118
409	525
2441	2440
1641	1105
349	256
479	997
2118	2121
1319	1696
675	1068
576	581
1042	1045
620	1955
2474	1945
639	1810
2310	2180
1840	1652
422	424
967	587
1438	1318
701	700
1457	986
239	162
73	74
300	534
522	572
773	774
755	752
330	331
1536	1510
326	1510
1898	2117
2259	2235
1143	1141
129	302
42	241
1355	441
1944	901
2065	2316
463	465
2423	2209
269	128
1	108
848	847
1737	1184
533	806
1537	1168
85	1475
1126	1043
659	59
1907	2407
1642	1856
837	840
543	268
2085	2055
1934	124
1196	1000
2136	2060
712	1510
1777	1591
130	300
2304	2317
793	1936
1999	2358
1792	1595
2128	2091
2413	2366
1042	246
1547	1011
2307	2310
2224	2460
876	410
2062	1952
221	157
337	335
2096	1795
295	368
1941	6
1690	386
1598	124
933	2277
1352	954
2183	1744
1933	509
974	965
608	604
1317	1517
2348	1985
1931	78
796	452
2129	2202
2215	2414
133	560
1793	1791
2321	2373
543	995
772	65
1550	1524
247	340
649	654
2226	2228
2468	2151
1742	268
151	1430
1256	1255
1254	1253
383	681
2132	2131
574	972
1388	754
1294	1000
1113	1111
231	505
1344	597
801	796
2147	2148
699	77
1294	217
2504	2409
692	305
2066	2411
446	381
1672	1410
924	987
324	323
2340	2342
2139	2143
862	1309
2129	2091
395	303
387	386
2149	2426
1896	727
1337	999
424	509
765	604
883	704
112	115
203	1695
2281	2174
1957	2275
2502	177
1855	1680
1771	1772
1430	1505
2386	411
389	1224
2010	2083
2169	2127
1294	606
1558	969
2382	1886
1445	1128
1628	1627
886	1658
1630	644
1794	245
2120	2403
869	874
401	349
1677	559
2207	2208
2435	2128
1067	580
2078	2201
2129	2127
687	792
544	1660
83	115
527	526
1297	691
1830	1898
464	1045
1293	337
111	109
1930	774
257	413
1807	835
1297	485
267	687
1672	1246
918	145
2325	2328
759	1516
571	1705
299	617
1725	171
1878	1392
1489	766
850	213
2341	2309
1198	1498
2385	2138
2150	2038
2435	2221
2263	2225
1172	173
546	550
2522	2404
2084	1955
2448	2414
249	405
690	305
2134	2055
71	596
1176	473
447	1745
1264	900
706	279
1344	357
572	964
1777	125
1562	521
1381	1183
417	843
813	814
1561	228
481	483
356	435
2266	2082
2194	2022
1612	1108
1491	189
2199	2188
1649	1651
511	516
489	487
1229	605
355	419
1099	1458
546	1157
2237	2041
2370	2203
2425	2423
1492	2010
494	835
402	407
125	1137
175	178
693	62
1567	140
58	1577
2057	2058
1327	1886
418	321
510	432
332	333
1613	860
1696	1028
1871	1754
1831	1493
1305	816
2244	2115
975	148
1532	2109
2501	2140
435	413
2213	2296
1523	604
1979	2230
2230	1796
1321	635
335	342
1290	611
2287	2075
634	1393
2275	933
1937	1939
828	714
841	264
278	280
531	746
2091	2092
1397	546
770	857
1697	1498
1359	30
2237	2409
2084	2091
2315	2256
361	1273
2244	2001
2313	2046
1359	713
989	832
1518	348
21	24
1762	1763
938	410
1406	603
2178	1377
787	132
179	175
1298	23
2129	2125
1889	1251
292	295
475	474
1095	792
451	214
2143	2221
1080	979
1439	1028
1217	1218
37	1455
641	640
220	966
111	1354
1075	493
2366	2131
1110	1138
325	324
220	85
1082	1083
409	967
1523	257
1432	1806
2232	2250
930	1053
881	1460
850	385
1490	1489
1320	220
1267	100
819	1328
1231	1412
97	1609
1903	2205
441	1077
999	1337
652	59
242	1454
1036	807
2025	2387
1195	749
1911	2091
1818	1640
2313	2370
334	321
1486	1488
981	1028
14	16
78	1931
383	1891
952	1286
347	346
502	504
1929	2122
1704	441
2396	2023
964	1172
864	43
958	961
1461	456
1922	1153
57	476
1810	2072
1170	1169
2456	2284
1721	1720
1588	1270
1173	1278
1537	1536
549	548
740	739
2179	2229
1704	440
786	1582
1796	1830
371	295
563	1631
630	735
2436	2428
86	82
1563	1247
828	963
21	644
1770	1166
1144	591
1297	1432
2505	2397
1260	879
2226	2229
733	108
1944	1945
117	33
857	42
958	79
13	256
2438	2185
2227	2246
1743	1325
578	581
2012	1063
461	459
1880	1598
1596	754
217	987
2481	2472
55	62
184	1403
807	808
230	234
1113	833
1285	810
845	1026
2225	2076
1128	345
51	49
216	52
1639	1550
1538	1539
1550	1244
339	621
1768	256
141	1673
1039	1040
1293	1339
670	668
437	279
2453	2522
2407	1092
1220	145
2309	2380
933	2275
222	59
156	158
1909	1004
607	687
2131	2172
2059	2062
1363	802
978	55
2269	2270
1391	1548
722	726
1384	1274
996	1011
969	229
1479	174
1129	1065
790	66
1468	645
1452	1204
1453	585
1541	352
1753	1756
1009	968
973	288
1239	1012
108	4
424	1398
926	1454
302	673
410	1041
337	1293
1145	966
960	300
1073	578
22	908
1802	727
1537	484
2081	2096
354	349
578	899
1846	1844
649	218
2053	2486
2155	1691
1837	1419
2354	2196
728	730
804	1233
2292	2417
38	39
1353	535
2327	2085
1759	1760
700	397
1512	1513
2319	2361
2422	2299
255	104
636	631
1560	456
580	577
1502	1726
2078	2077
1155	536
1975	1302
2003	1053
2518	1715
2048	2328
1256	442
892	548
538	541
2524	2190
1088	550
558	788
324	1129
1612	329
517	251
2143	314
1279	882
1424	550
1170	16
594	592
908	192
2106	2040
2483	2347
981	1024
193	1350
1263	1262
1910	206
1336	1732
2204	2205
2462	1734
969	1454
2310	2308
243	521
123	824
2415	1331
811	593
281	278
25	28
547	552
1126	900
518	227
919	274
1421	188
2204	2282
2470	2469
2406	2339
2500	638
1767	1227
526	1498
1524	1110
2010	2214
1647	1731
2271	2201
2040	2055
1987	1400
1025	1381
1495	979
595	71
1462	604
1212	356
2216	1849
666	664
9	2074
381	377
430	428
1100	1479
999	699
2150	2106
258	542
1798	271
1243	1273
929	682
2003	1936
2055	2151
547	548
1632	1634
2218	2233
1904	1905
1714	1715
479	771
53	1804
1092	2086
818	456
736	79
303	631
1213	1081
161	1454
184	688
123	995
736	877
1639	1378
970	45
1518	1520
1850	1821
340	337
302	1637
110	1350
216	1000
1622	1576
1786	1033
2140	1934
1282	1697
24	18
1395	694
347	16
237	703
1936	2231
1519	346
1162	1297
1965	2302
858	170
845	841
22	559
1887	493
2093	2219
1005	1124
1118	1432
742	1015
1067	244
207	289
68	596
1111	494
312	404
2220	2094
242	576
2327	2256
939	163
2126	1322
557	558
1222	40
1687	823
856	286
1942	1728
336	657
1404	1406
1713	452
1192	5
1487	1594
100	778
532	533
1761	1201
1665	61
2324	1837
2158	2094
115	329
263	260
448	1333
807	574
2293	2117
1406	1404
984	1528
982	264
2217	2216
269	959
1447	1102
2371	2324
1941	1341
1296	131
2049	2409
609	1377
1125	836
2145	2484
919	838
1734	2121
1436	1014
1769	835
1759	817
2209	2254
2084	2270
1968	1115
774	1930
66	792
849	1700
1116	450
2435	2107
692	688
1639	1340
470	94
2171	2114
657	232
1362	805
141	1482
1436	902
1368	599
472	968
584	440
1451	1161
2512	2513
1977	1036
1957	2036
2036	2265
1608	1568
1057	1328
1959	1931
138	249
1197	1198
2161	2160
390	1022
192	559
580	493
1280	1031
205	199
2234	2084
851	997
21	1799
727	382
1481	689
900	904
554	1209
441	43
1763	1762
608	257
1272	224
119	116
99	743
1237	1236
2204	2178
772	495
1004	682
4	1237
2044	2132
51	1612
1221	1850
1294	621
543	89
322	1022
1571	148
622	231
1514	1889
1988	1989
2116	2102
2167	1936
200	564
1378	131
1097	1317
2314	1063
108	233
2503	2300
2134	2248
2235	2105
637	641
2274	2235
1804	82
2425	2078
1038	2259
2303	2164
172	166
1480	162
261	1501
1544	1543
1153	1152
690	366
1648	1764
1604	1938
520	574
541	1995
513	1769
2168	2122
2312	2307
962	352
33	1254
105	705
573	1580
933	2282
692	992
523	145
1186	483
351	592
2125	2193
1334	543
959	1332
1411	1527
2009	1092
1484	124
1059	1504
646	66
519	575
951	972
1204	1203
410	162
2362	2082
289	564
2214	1954
1426	665
1626	1628
207	203
1811	2500
1106	1671
1845	1584
1756	2164
1489	189
1920	1674
742	418
164	165
1287	387
1429	46
1090	40
2145	2305
1230	577
1675	1345
979	1170
1360	867
2346	1443
1127	1549
127	122
652	224
1535	42
580	5
295	371
148	149
2300	2077
56	663
1533	2145
2409	2122
65	67
2176	2079
686	363
251	395
1718	1719
2060	2430
635	1217
2423	2424
2337	2444
1101	927
68	63
2377	2091
1340	178
2524	1890
1663	806
2389	2266
230	55
2149	2410
2167	2225
2412	2078
771	772
1939	9
315	1408
1365	1367
1807	1382
835	494
1276	1769
1481	1482
929	932
2143	2084
729	730
1546	1233
2402	194
387	139
1192	1190
1136	1137
2368	1936
2121	1728
636	302
2449	2035
1804	829
1765	886
2369	1830
1695	1320
1434	345
1052	1194
1044	123
1809	1030
1533	2084
1285	1294
1325	318
1112	51
57	271
1124	67
2101	2090
1446	1033
238	239
1486	428
1609	1100
2456	2257
417	522
731	383
1761	362
235	232
1304	1307
617	621
2530	2140
1466	2283
1968	327
892	895
1275	830
2146	2040
671	672
455	452
300	536
2386	688
351	272
989	877
1263	1832
1082	265
2177	2390
2132	2133
1732	1369
2258	2032
917	810
1391	1724
70	1507
125	40
1070	169
1234	1233
877	247
169	170
2459	2022
426	14
1819	1897
302	132
2195	2322
1850	93
1311	1587
1552	409
1826	309
822	219
29	1678
1674	1227
1590	609
1800	1801
1641	1927
1837	2128
1386	160
96	97
2532	2180
2282	2079
392	5
2006	2457
1802	17
267	268
2289	2403
602	1368
2171	2303
1793	98
1863	203
2312	2191
1310	111
1211	205
542	543
1354	339
2350	2223
801	800
2297	2213
936	304
700	1341
2376	2125
1992	2065
1153	308
1954	2201
1814	1048
566	569
2299	1093
2003	2222
1942	1856
1896	1446
319	320
480	265
994	995
1946	974
155	742
2264	2229
1478	138
1818	1819
1636	1638
1759	357
335	339
192	909
495	64
2308	2307
1449	942
1569	78
2220	2093
2352	2077
1275	1832
2180	2407
2470	2122
1608	1607
606	147
2536	2357
1057	1784
734	155
1605	1884
1040	809
663	1196
1004	281
968	1504
665	1731
2176	2077
1293	571
2439	2411
1387	108
1111	836
1470	2077
986	597
571	1135
158	81
517	512
806	802
2488	2514
1854	1397
2260	2264
21	537
2348	2347
1311	1154
2083	2087
71	790
2261	2260
2332	1163
985	604
2000	2129
327	325
1798	1084
2288	2361
1663	1609
598	1024
2474	2131
1267	98
743	899
792	1095
798	957
2105	2055
1058	223
2076	741
297	298
1158	1159
634	785
426	427
8	1410
1215	1012
2307	2312
2198	2187
1662	1661
202	1074
310	312
1093	1950
478	123
226	229
901	950
912	1696
317	78
2141	2470
1263	798
710	714
2144	2332
1129	42
101	795
2186	2131
1622	665
693	1105
565	265
1406	602
654	651
2381	2342
2407	1091
2130	2132
1306	823
739	1843
1264	826
1127	1126
1146	775
394	1591
1047	140
1409	1610
1002	1004
817	553
678	931
1063	2222
1241	1244
601	418
679	790
790	925
1417	718
2338	2390
1266	1385
2298	2457
171	947
2367	2287
907	123
1769	762
618	66
2194	2222
1220	741
851	68
771	678
172	1039
2176	2174
325	323
251	1064
1920	1600
2168	9
71	70
401	14
1793	517
1497	1459
180	170
1082	328
2379	2154
645	1497
1283	1285
2257	2399
2019	2517
539	1364
660	1107
608	663
75	79
1726	1502
1708	1276
1432	1431
1929	1311
737	741
1377	609
48	47
187	646
1284	287
1162	834
2210	2229
1943	2076
584	582
390	1454
1807	494
2263	2260
1364	1089
941	577
1579	251
1033	136
1634	1632
2238	1810
1532	2318
2245	2251
2415	2320
263	484
2044	2043
1162	1076
1197	1020
2193	2233
690	714
857	1456
283	43
2376	2129
645	648
1107	1349
2522	2453
2306	1656
303	817
1970	1971
1616	1909
1667	1184
2438	1062
1067	1039
268	294
2363	2096
1831	826
707	940
1004	893
570	1084
2326	2293
1651	707
1996	265
1869	662
2507	2087
1684	1683
2313	2210
2292	2499
2103	2101
1178	288
246	735
822	1398
1550	1036
619	664
149	355
1087	940
2110	2114
373	375
1	83
2314	2361
353	714
1455	575
1980	2164
1747	1305
407	891
1327	1325
1315	98
518	519
2422	2256
240	1204
192	907
2535	1992
1986	308
198	143
2107	2002
2296	794
2299	2304
1485	836
1166	689
2288	2076
735	629
2072	638
2345	2090
1501	513
1703	1636
61	1665
450	298
213	187
1475	85
2452	2449
2085	2151
998	991
2087	2086
740	1613
587	588
795	2314
2103	2060
338	335
975	976
344	348
1002	625
1434	162
1788	979
2415	2030
133	1574
819	1274
1040	578
1519	1518
1767	1440
897	117
1494	1797
519	548
2188	2465
1789	542
1475	1476
1131	2357
1135	1187
239	240
138	248
688	692
1406	1137
2383	1950
901	1853
1759	482
15	1518
2123	69
1484	1122
506	1692
573	1373
202	434
623	1456
1674	1650
1750	1397
92	804
41	45
1332	1334
1142	1875
227	928
1517	1316
953	328
1342	1344
1536	1537
1372	907
2167	1604
281	141
1587	1312
1365	1368
2127	2093
2517	2173
2039	2055
1488	76
2177	2205
2458	1929
1137	1183
961	729
1749	154
1750	67
761	952
309	486
956	1831
2367	2119
880	1066
1823	431
2414	2249
296	1078
1160	1210
2244	170
260	263
555	1345
2206	2256
2394	2045
1824	244
2345	2235
940	938
144	1577
381	395
2395	2198
2340	2341
1670	1671
288	289
2307	2311
1703	1068
561	313
18	23
583	840
1360	870
1028	907
461	702
1735	1461
575	432
157	163
908	18
1663	1268
634	1908
932	195
2159	687
1647	1081
194	1243
1741	1787
1410	1271
1436	1379
2207	2422
1325	1744
1082	1085
2142	2238
1961	415
498	569
1911	1936
1427	1428
672	861
1569	1481
1313	1315
2420	2120
86	84
915	916
353	1482
111	314
2198	2189
1500	1401
1694	1212
607	1095
1084	1798
118	1638
632	631
511	517
1822	140
1801	1800
1943	2012
702	237
408	413
2144	2418
281	1205
1936	910
681	1098
1607	94
377	381
2165	2092
643	847
2360	235
1119	1121
991	739
682	460
1968	1043
1892	26
927	899
440	743
848	876
121	7
2273	2274
1909	575
476	473
2364	2501
726	382
1559	406
398	160
799	515
555	34
1645	686
945	968
694	700
2132	2130
348	344
45	787
1408	20
2169	1936
788	866
1973	531
2004	2007
815	1699
689	462
2426	2205
698	95
722	724
553	817
1126	1127
788	1264
76	78
2172	2306
423	139
2043	2044
2058	2038
1265	1774
449	542
14	10
2420	1938
2439	2421
223	80
13	1275
1372	1135
2088	2038
2013	1903
1775	1774
1135	551
252	1230
1300	1724
687	607
580	519
2276	2127
1315	1770
166	172
443	899
1058	225
370	788
625	624
1955	1038
2057	2055
135	1776
935	833
348	14
1750	65
759	757
39	1618
1389	288
2141	2471
1814	1341
1045	1046
1547	318
550	212
1096	1094
1850	453
2469	2081
1165	1988
2190	2517
836	1967
437	1752
2381	2378
2248	2192
2080	2300
207	201
250	395
1817	1026
1023	320
572	512
2098	2096
258	1337
2172	2131
848	846
2534	2300
2346	1790
2229	2078
1898	2288
2187	2188
149	359
1504	1059
2416	2157
2416	2369
24	254
1256	43
64	145
1546	8
354	346
1189	969
1880	665
1684	1098
968	654
52	220
1510	712
1910	555
748	370
804	1410
1397	550
2055	2085
1024	1345
403	256
721	2465
1294	299
1088	1435
1230	552
756	758
2444	2121
2247	1899
569	430
1626	1458
1396	144
276	275
1416	124
302	812
1051	644
1936	2038
510	508
1896	377
1752	437
1599	1449
147	835
505	155
1357	241
1052	1694
930	1523
891	848
810	1229
348	15
2373	2000
1202	77
1522	428
646	737
29	31
192	574
612	834
852	189
923	790
1107	1475
1262	879
2319	2121
234	237
1767	1024
595	600
1598	1867
915	407
571	428
441	1361
1686	1177
1904	1661
1145	1146
1369	1732
2093	2091
2014	2167
1182	664
87	84
1697	102
1536	1367
1012	716
571	551
2325	2403
1663	1149
278	276
127	1668
1081	1218
211	1598
1096	985
283	285
2458	2086
886	166
811	1099
768	963
758	1025
43	1255
911	732
216	217
1137	315
234	232
1957	2268
2265	723
2404	2031
387	1287
2147	1954
1152	1155
1233	818
2338	2232
2054	1943
886	461
1670	1672
142	688
227	1253
2036	2266
1931	64
2200	2182
337	340
1551	570
1509	1551
374	376
1442	450
2052	2095
2247	2439
603	70
1114	1117
262	260
225	80
885	883
1911	1063
2353	2082
2534	2270
1336	1112
2354	2188
358	184
1770	1538
1314	261
165	580
711	673
1	106
218	652
1093	2185
2079	1093
2287	2368
2203	2206
1461	879
2009	2008
305	131
278	384
462	459
1496	1027
541	1772
487	44
1761	1652
687	835
720	718
453	1302
1031	1037
202	204
889	890
367	294
887	729
2225	2068
1104	1357
627	629
2073	2368
2273	1496
1035	1033
1589	904
628	677
1085	1082
877	597
1836	943
325	140
1326	621
124	654
1337	1088
83	80
1420	1421
2406	2188
1310	337
620	1182
617	495
1820	742
2037	2038
802	804
2065	2315
1101	966
2219	2093
774	336
1254	431
1204	162
141	1278
2300	2016
2501	2364
1552	1949
1501	1230
1707	1641
886	883
2325	2211
368	749
158	1613
1691	1460
126	268
2087	1063
820	817
1448	1447
389	1594
382	727
1858	1206
2254	2176
203	288
335	343
1977	1285
1394	1393
1262	1259
476	1020
1937	900
75	609
2410	2434
1331	2473
170	704
1124	792
309	832
2446	2411
1358	1359
2032	2078
2189	2196
2538	2053
1064	139
1562	1072
238	244
289	203
1744	2352
1579	405
658	82
2516	2313
559	608
2177	2523
1744	1911
1254	585
1296	671
2281	2283
962	963
556	1097
2083	2014
680	607
809	811
225	173
2082	1093
980	343
2454	2053
2077	2078
351	591
2489	2397
1147	1199
1695	548
2209	2489
1987	2298
1164	833
2242	2243
2285	2275
1359	151
2150	2040
645	891
2178	2317
496	204
1693	1278
1810	2074
382	214
2376	2124
1574	1044
1642	1855
996	644
1257	422
639	637
326	323
2052	2377
510	1398
2387	1330
228	1034
851	996
1369	868
159	162
1210	1860
1688	166
272	417
1879	1886
2286	1955
2447	1329
121	127
1697	1039
161	548
976	164
1007	1008
2086	1936
373	376
146	69
1831	1528
584	1254
2189	2187
2083	2085
1954	2368
833	559
171	508
536	300
2073	2279
2311	2174
2361	2314
1757	1571
2117	1898
370	371
418	1022
1897	357
2149	2329
146	66
281	436
574	279
1494	1798
2069	2070
992	739
2239	2162
47	48
2528	1691
1463	1749
1425	1423
2162	2161
1786	312
2263	2113
1699	1175
1945	937
2098	1830
1195	1278
1436	1438
1707	1927
396	124
2167	2087
1711	362
1975	1120
179	176
2343	1903
1160	1098
77	318
662	618
2021	2022
863	531
217	1630
2028	2181
98	103
976	1205
193	804
1472	1474
29	1571
1954	2040
199	201
767	1319
2004	363
1264	1284
2276	1957
1712	1713
766	1470
1208	1085
2240	2241
1130	184
2329	2149
1142	1528
203	1729
1959	64
1376	382
66	495
1137	1482
646	925
1652	1528
348	57
567	265
2210	2378
1658	886
713	1005
2216	2217
2247	2473
1153	750
1699	1700
1634	1591
2187	2152
955	798
444	268
1523	832
289	205
764	765
2380	2379
357	420
1868	1381
1137	1406
242	165
2325	2072
1095	1060
238	163
2279	2096
849	186
811	848
1572	737
981	431
501	482
1136	692
252	578
1767	1441
703	702
187	70
1135	1134
2127	2202
650	660
2071	2506
1342	436
738	644
130	303
923	66
1169	1168
1046	1045
1668	125
915	917
1444	2205
842	1783
1690	1543
1502	1646
298	1496
963	1024
1141	114
725	258
1873	468
102	743
1854	445
1982	2139
1876	1184
1665	1577
1231	1229
597	1069
2314	795
574	243
2381	2526
2083	2011
379	290
2361	2113
1230	1497
835	69
1936	2086
2147	1038
2060	1050
1939	2144
954	1374
1053	930
1877	54
1943	2041
146	64
555	37
2527	592
2302	1965
1217	1220
984	757
749	65
1881	1049
222	225
164	400
743	1454
2293	2300
2518	414
1269	750
535	300
1495	249
789	997
342	335
2330	2331
341	597
1014	1745
1568	687
2040	2104
2410	1938
2114	2112
793	2128
2071	2528
1576	904
1761	1464
978	1021
396	398
534	535
880	1064
605	930
1733	1196
673	710
360	361
1462	644
792	1060
932	196
1018	1823
2535	2479
1008	1648
2384	2081
889	746
1221	1255
2007	2102
705	572
1605	1648
1084	385
435	439
2315	2193
1164	206
334	843
1615	453
716	903
56	1349
1660	768
526	1627
2429	2419
991	1060
488	464
672	671
2149	1955
352	964
2012	2094
214	1320
139	390
1334	1327
2081	1597
970	891
1985	2038
1852	253
2448	2052
1491	882
1744	1092
654	649
162	928
772	741
834	832
680	684
1958	2164
536	792
1493	1494
2208	2173
1037	2274
1666	1610
1215	469
125	127
756	715
1593	376
2375	2129
1637	327
986	1115
332	334
1934	2305
712	1633
1024	1028
603	1644
2228	2388
2192	2194
915	513
1417	1289
986	339
1322	2126
2067	2082
306	308
1321	1511
595	596
280	278
1455	1452
2238	1532
102	928
1095	1397
2395	2208
84	83
2447	1734
2111	2143
1710	1151
102	780
1761	1085
400	895
685	680
202	671
189	1491
2401	23
663	257
481	482
1132	219
933	2390
1172	1564
28	827
499	1265
1714	1012
100	779
519	578
82	42
216	530
411	408
633	1791
941	947
2054	2058
447	411
1715	1738
807	811
383	685
509	508
299	217
2295	2320
246	629
2315	101
2482	2372
1172	206
3	108
1443	993
203	357
224	180
2162	2241
909	917
2011	1955
2056	2057
1388	405
2367	2215
1545	1543
577	580
1174	2064
528	444
269	266
2470	2141
778	1458
1455	37
135	808
1004	242
2113	2106
821	1808
2466	2344
995	1586
1137	1313
1338	101
1027	1454
842	757
739	134
2202	2093
2008	2010
1285	600
697	1271
2104	2107
2349	2482
8	893
1446	1535
2507	2110
207	288
2485	2415
72	600
911	895
128	130
1103	822
655	632
274	417
1055	1698
999	449
1310	1644
424	763
794	2183
779	173
2324	2089
280	682
2134	2075
1210	1160
599	931
1333	420
1455	1280
144	1610
523	527
656	657
1096	607
2281	1092
661	1058
211	783
620	835
619	1109
1794	1050
302	690
1551	48
1588	1366
646	642
2504	2502
1062	2201
1647	589
1694	1304
1044	1111
1073	1497
1779	243
254	255
1451	700
130	301
1957	2304
697	694
750	1154
2118	2119
1651	824
1742	449
2121	1196
590	157
388	1594
23	22
810	1613
567	569
1217	799
954	1352
1789	1334
1360	1358
2458	2057
998	1489
546	70
2374	2040
1652	1410
404	403
1297	1909
2005	1810
2449	2451
1248	41
133	26
430	1522
1106	476
781	352
2507	2123
537	19
1953	1684
2344	1936
2287	1899
819	821
2347	2348
1997	2002
1613	1614
866	369
550	1116
2058	1899
1109	1205
659	1058
1020	703
2207	2285
484	1168
554	203
790	1507
471	531
1779	1780
730	719
1743	120
1252	1251
800	801
347	345
334	157
25	32
1088	946
15	348
1198	577
2162	2137
1132	107
1168	484
2099	2095
1098	132
1708	1493
481	480
1305	1306
1431	1432
1111	664
381	256
1571	153
2274	2040
795	2052
2179	2036
836	1125
2159	2320
1131	2275
680	683
1433	180
44	881
851	998
2287	1898
1328	380
800	796
1930	1643
2193	1163
776	161
2429	2440
2491	2179
619	618
660	224
1706	894
153	1821
2464	2154
2396	2397
766	836
605	1736
1041	1669
1328	498
2220	2067
756	757
854	271
33	117
2227	2247
2455	2456
2208	1903
2137	2136
2414	2107
1251	172
772	687
1039	244
1916	963
2093	1837
962	964
788	370
317	877
2375	2391
536	290
1985	2085
1434	1882
2156	2366
2190	2188
1286	840
1692	429
1062	2184
368	371
2178	1911
2415	2373
994	1027
2016	2020
779	417
88	90
2263	2134
1956	1409
2410	2418
549	547
2076	2301
469	1401
1677	386
1172	417
583	747
2517	2019
1055	739
419	149
1077	93
1795	1744
782	427
1343	575
2366	2164
1778	780
2295	2412
1444	2435
1308	433
1132	1019
746	1188
1749	1820
162	159
2079	2282
2005	2434
1839	323
1254	196
921	261
924	70
2343	1037
913	1976
1183	1674
1867	1755
1124	1698
1753	1317
70	1034
1313	1314
497	498
1343	552
272	270
585	580
1748	1293
2201	2176
900	903
55	230
2321	2176
835	987
995	994
1594	388
979	115
799	1372
1646	1279
1730	207
431	433
1442	1474
2418	2419
1155	1152
2115	2116
2295	2299
2065	2066
507	510
959	268
1100	707
208	577
1498	279
174	166
1457	1115
1047	1049
1468	1469
111	1829
1353	216
1203	460
1090	1408
1830	2113
506	56
1940	111
465	1472
1181	565
2012	1859
546	1397
43	400
1566	1407
1943	2373
178	1706
2060	1755
1777	717
678	495
107	1307
1705	1135
749	896
922	1492
90	421
1257	1258
1982	2386
191	194
123	1287
670	514
1325	1742
2128	2222
1013	1012
1957	2391
1537	829
1422	113
2447	2335
1266	1808
1613	597
1022	1147
134	1063
1148	1150
1900	2278
1633	1110
2403	2075
382	1446
258	725
2028	2357
1465	1841
225	156
1830	2075
1024	451
65	679
1161	1163
495	63
58	1576
1551	47
2035	2036
1252	840
574	520
1564	180
1717	1591
1876	1598
404	979
690	327
1913	515
2014	2087
2473	2177
497	501
1962	308
2394	2131
307	306
1329	2447
166	171
199	207
2326	2414
1392	1676
1909	548
617	618
1338	494
497	499
2203	2204
2194	1656
938	580
1429	1505
231	506
1668	1097
444	446
649	655
985	835
1784	842
874	1685
1525	1725
2025	2197
1545	589
1903	2176
2057	2052
294	268
964	572
362	699
270	272
979	1169
1969	1950
16	510
706	942
1917	707
837	825
1171	202
749	546
2393	2395
1138	1669
2062	1337
146	600
280	938
2500	356
1411	984
2141	2472
1773	589
956	187
250	251
769	766
2148	2282
1145	95
2349	2347
1824	138
224	1200
1032	432
243	1452
200	207
246	856
691	819
899	98
175	179
1287	389
731	617
110	109
1498	526
940	707
1699	417
320	770
469	1215
578	519
978	976
1187	1192
1364	1369
118	1636
2267	2205
1287	388
1449	165
1315	1313
1890	1334
2477	2396
718	450
2070	1982
1018	1664
1608	1567
215	509
2173	2080
2409	1936
612	210
1304	1305
859	348
1756	2205
20	19
754	258
776	232
483	264
1250	1201
2221	1936
1291	123
705	709
2316	2206
649	653
1583	415
2298	794
2169	2376
993	1546
836	925
2052	2220
257	604
1128	1349
925	67
2238	2502
793	2127
169	474
859	44
2199	2354
1854	792
1544	524
1836	266
1094	255
2264	2075
1407	1496
585	279
821	691
51	1218
957	575
2369	2370
415	1971
150	148
2154	2210
339	604
795	2055
1453	1627
1338	192
598	1677
792	687
779	1452
2347	2112
896	749
1889	1752
575	680
1877	1458
2107	2221
2041	2372
2063	2064
1564	880
1829	1310
254	259
402	405
2261	2065
556	1599
887	145
315	1056
475	57
535	146
2202	2125
633	1797
1529	163
138	251
1772	1228
425	1837
339	1457
2175	2117
2376	2344
252	1075
1746	1906
2495	1400
708	403
1217	1219
1349	1232
566	7
1146	656
2303	2183
1377	347
1091	2125
2283	1063
1771	1773
2283	2371
1268	1664
752	755
2368	2149
281	280
1277	928
1029	1030
2179	1957
1301	453
1021	1179
2268	2373
800	782
837	504
927	443
730	729
1475	1107
55	622
587	589
2351	2110
255	1017
937	1016
1635	882
1700	1640
387	389
828	395
100	88
1130	1568
1184	1737
366	360
68	67
998	123
1393	1395
1898	2113
88	92
803	802
2351	2469
282	284
73	77
1039	581
2370	2251
388	1456
379	257
706	939
292	77
1125	449
65	678
1473	1312
572	216
1991	128
1814	178
2017	556
2144	2319
1018	365
1213	1218
1911	714
357	552
1926	827
6	9
101	794
821	817
1675	514
468	469
557	561
890	889
514	424
349	1520
1800	188
1382	771
974	1659
532	534
1886	1355
1743	1911
410	1138
2328	2274
1035	14
2297	2169
1952	2059
1770	146
1550	19
137	141
2278	1900
1329	2335
108	106
162	239
1040	899
998	1490
452	458
706	941
871	869
588	1185
811	43
538	539
1312	446
1079	51
614	1655
1675	791
654	700
613	616
2179	2178
815	1701
1065	1686
600	65
1282	1459
353	988
2440	2083
211	1895
2149	2038
1978	812
1202	730
1327	1899
780	943
1575	1963
1004	280
812	673
726	370
790	678
1055	909
1904	483
1775	2108
269	268
1704	93
1629	642
1657	1646
249	402
230	235
967	651
2090	2151
28	826
429	1815
414	977
1267	252
1442	1116
1357	1109
2384	2434
2077	2081
1483	1984
1170	979
1747	1113
323	324
110	930
2030	2445
523	525
1398	1782
1360	1915
557	559
2122	2459
818	694
1131	2180
580	410
1242	746
216	604
1467	535
2403	2328
676	1311
225	223
443	519
1409	144
1156	696
2069	2054
990	1091
904	290
567	430
740	217
175	182
1903	2207
1182	1034
472	94
1770	690
1848	861
645	1217
2125	2129
134	792
274	843
1741	23
351	594
2197	2177
2490	2535
2101	2103
1967	687
1904	427
142	155
433	1471
2146	2148
2290	1744
2041	1943
1139	1993
1075	927
1215	1216
2435	2271
1093	1943
865	1175
706	208
922	925
1874	1678
1659	973
932	930
2521	2277
987	1326
976	978
1357	593
206	7
2378	2380
263	921
1479	1609
1707	251
482	480
473	475
1916	22
1929	1999
832	834
2534	2036
423	388
2195	2065
266	267
1992	2066
734	505
1900	2427
1242	355
1129	451
1267	1268
1883	365
1119	1122
1287	123
2309	2182
1371	807
2161	2010
1652	696
1005	1845
1566	258
2281	2284
272	462
639	641
2054	1982
1672	1476
1521	990
1898	2075
1585	1480
340	1156
1049	1881
2484	2145
2473	2411
1565	1154
743	102
615	1304
2419	2049
1316	1313
931	687
1303	769
2046	2262
1311	1805
1883	1210
2468	2055
1753	1203
207	434
92	698
708	973
1514	1752
1991	1534
1906	1652
1564	1122
1269	127
491	717
931	574
108	1138
2538	2509
1626	1453
2400	2343
1737	1049
1462	1465
604	606
352	572
2325	2213
814	421
917	918
248	198
2210	2509
1881	143
1967	907
2058	2147
1103	1104
2345	2148
1806	1924
592	590
2454	2050
222	223
1342	586
1020	1256
1091	2353
606	1397
503	662
1348	981
2172	2024
850	187
148	152
1505	632
869	870
2235	2055
1037	2116
43	282
1197	390
1969	2027
1447	1233
1290	1289
2268	2391
1557	265
631	636
2523	2390
319	186
1042	1046
475	473
884	158
650	659
1791	282
2534	2183
1987	2339
1340	326
2514	2163
424	968
1902	1336
985	1011
626	55
2294	2109
1087	1092
1144	1083
752	70
2016	1985
622	1019
1538	936
1887	1832
1392	1310
2378	2275
1938	2003
2082	2421
1069	572
1646	1508
1457	1644
1526	1414
2080	2201
1240	705
1382	147
436	281
1058	59
2044	2130
2066	2424
2254	2201
1938	2015
206	496
315	1137
1523	930
767	922
1477	353
644	1052
2350	2158
1271	805
1890	2035
1231	1659
1677	1392
774	874
1277	1278
818	817
1477	1672
1531	1958
1819	33
1449	1645
481	264
1800	694
314	831
986	1457
200	203
1113	598
681	1099
921	920
1639	1025
2268	2473
1491	836
2089	2147
1371	2010
1607	1568
2328	2329
2315	795
2074	2094
877	730
996	909
2372	2001
2289	2083
56	506
494	147
1048	205
789	687
939	938
142	1761
424	221
1807	1769
1079	1081
2280	2493
2332	2093
710	690
1452	522
61	144
2535	2205
2315	2185
2103	2102
1443	411
428	1277
1012	1017
2270	1038
492	63
133	128
363	207
1996	1295
2152	2046
429	1689
2187	2196
939	942
1902	901
930	604
475	865
1324	1328
2518	1546
1204	1449
345	618
1051	606
442	854
802	803
209	211
1064	980
1002	1003
1497	1075
1299	1300
629	628
1039	1041
1547	343
95	92
1006	1439
1364	1544
611	213
1406	596
543	993
815	813
202	1171
1985	2055
2489	2409
1746	879
591	1022
1160	380
2086	2115
144	1666
635	1247
2158	2222
1565	366
1108	1246
620	619
1636	118
2147	2324
1444	2518
2323	2455
939	947
2241	2427
931	600
628	627
972	706
878	877
1076	1077
2431	1652
2459	2147
953	1213
304	1098
859	256
231	419
2138	2385
1343	1344
792	607
2246	1899
1316	1801
2071	2522
2448	2056
1065	172
1047	714
985	836
894	804
1549	1127
856	921
1725	174
913	453
1242	823
570	260
337	727
909	217
649	652
1711	979
362	1711
1044	1337
2326	2089
1017	1096
2362	1567
577	162
395	141
87	82
1635	945
1969	1495
705	105
824	971
264	485
211	1317
149	33
481	485
213	209
1820	1685
521	410
730	20
1094	1096
405	403
1092	2093
1857	442
2155	2156
2503	1163
1447	1448
1977	957
11	14
1589	128
653	695
1497	743
1356	1525
464	1503
440	584
230	233
1230	1499
1617	1137
1654	672
1370	1747
2341	2342
792	789
333	555
1717	1634
1515	845
1918	1685
2083	2001
1865	94
1939	2420
1840	960
1885	808
817	818
1589	406
308	1880
71	68
1346	524
1886	777
650	658
1072	1074
674	675
667	662
634	141
1189	319
1977	913
1749	1325
824	1354
925	836
1405	1521
329	1043
1428	1427
452	457
1157	546
70	662
908	22
1316	900
402	404
52	221
1036	1032
1077	1217
2273	2054
2354	2171
2148	1955
852	213
410	580
1742	287
1528	984
228	229
328	329
1259	1261
1810	2075
73	75
2432	2340
2118	2122
168	180
2189	2315
2036	1957
1375	1066
329	1787
1585	361
2153	2159
854	1295
642	645
2058	2376
929	933
2382	2142
1681	844
2054	2055
1430	690
226	228
1302	524
2440	2286
2533	1958
956	1487
2105	2089
1850	1950
65	600
1919	700
1483	739
1939	1938
1524	1356
922	765
2390	2523
2114	2347
780	100
1177	1686
1658	148
725	1238
658	1019
752	753
1908	1222
676	560
2327	2037
499	826
685	980
552	1671
606	257
1627	1453
779	1357
205	291
1296	672
980	1579
1179	1071
1838	730
650	649
69	835
2489	2032
2274	2087
1161	1162
1366	739
1101	775
1580	1243
1197	271
892	893
1026	57
62	115
1795	2230
2118	2120
2079	2201
431	10
2452	1331
1751	550
4	235
1535	857
2406	2208
1393	1394
1629	976
505	215
819	303
575	519
597	341
1312	1376
2139	2142
801	1860
1229	806
229	1199
746	1187
1368	1589
1019	658
6	7
494	70
710	305
702	704
1997	1998
1404	292
1700	849
111	1114
764	768
817	820
1424	212
778	243
153	1822
2197	2388
387	423
447	1014
655	649
876	1059
250	249
891	407
1538	1403
1248	221
2090	2102
1507	621
2198	2199
2295	2294
621	617
1171	1069
1106	1510
914	596
1198	1697
304	484
429	426
2302	2107
2414	2274
2228	2197
819	1098
511	287
444	448
1521	1078
357	981
1929	2430
1810	2076
2396	2477
314	130
2284	2088
1314	1317
677	140
2126	2125
1	87
259	254
181	1692
601	495
424	762
2469	2143
714	1911
788	369
737	65
54	62
691	977
2089	2084
62	1134
1577	806
179	177
2192	2193
798	955
974	973
43	864
775	240
2379	2509
2164	2166
272	173
2137	1952
335	338
1303	906
697	698
876	1041
1856	1642
1470	1092
2131	2230
830	1275
1819	1640
758	27
905	900
373	1593
753	754
1690	1203
440	577
464	307
2108	2109
477	474
1968	1817
2375	2121
1310	75
64	65
1317	995
2189	2199
1038	2148
910	679
1024	240
2300	2001
1326	217
2000	2372
39	125
1633	1021
1226	1228
445	617
1332	900
1726	1728
1553	1555
450	1116
1072	244
476	492
1176	474
1240	778
789	678
2304	1957
937	1025
2143	2013
216	1117
1349	1128
1404	738
694	124
80	81
2017	2016
460	459
600	66
1442	1598
1199	390
2521	1163
2536	2029
1659	806
1991	77
619	494
1494	1746
2165	2411
2155	1958
1897	553
1819	1818
1396	432
1107	1482
165	320
1014	447
1351	411
661	85
2207	2046
224	660
1931	922
1033	1786
117	896
999	997
1543	1126
1542	217
933	2201
1888	734
1451	654
1670	473
327	936
403	405
2196	2189
1290	1418
2266	2268
331	879
2261	2315
277	806
350	352
1736	605
676	1312
1117	606
1438	1654
881	1260
884	952
2129	1936
1676	1354
1582	1584
1334	1333
1091	1470
1927	1064
2045	2529
196	929
2125	2061
509	510
772	678
281	951
2418	2429
1409	1663
1459	526
1676	1677
823	284
1060	992
708	379
549	1128
98	102
751	1376
2538	2180
1061	740
1769	1275
1734	1952
1074	1452
563	927
768	544
125	121
630	1391
445	987
2013	1936
2204	2117
1775	2326
945	451
1322	2169
1073	899
603	790
2080	2185
714	353
223	83
531	1189
1327	1738
224	829
229	2
1668	1442
2325	2224
2286	2287
2014	2314
483	485
1609	1610
1146	570
876	233
421	90
652	83
2459	2107
1778	1602
1705	178
1340	1341
396	397
2379	2188
2177	2411
1641	1064
2381	2256
1678	1516
842	1678
260	151
117	897
1355	440
381	21
1827	1826
228	136
1274	843
104	267
2193	2192
433	431
1098	787
802	701
304	26
2032	2173
198	904
2368	2195
2364	2363
1312	1042
1542	1095
789	495
781	784
812	302
1344	1343
2175	2177
679	1229
211	1442
717	1634
1533	1532
2105	2084
2478	2197
711	131
2047	2051
714	1786
950	982
1110	1524
2510	2282
709	1320
283	284
14	347
921	264
1023	703
764	769
948	16
2105	2269
879	1461
841	181
2372	2038
1314	109
2348	2106
11	13
182	1487
1476	353
14	1401
1189	746
1466	1911
1364	802
1734	1737
2440	2134
372	374
613	172
1964	1965
643	848
192	910
1566	543
1562	492
1106	693
264	265
1224	1030
304	936
2064	2256
2513	2339
1442	1667
1129	1693
1618	1268
1700	235
2473	2066
2434	2089
1961	1709
2148	1038
1122	1303
50	207
1651	1896
231	167
1345	1809
1749	801
2221	2271
1303	1266
1069	1071
33	149
1808	1266
1824	341
967	395
1036	957
128	134
2265	2337
1384	1385
1156	340
188	1108
1837	2093
1916	1334
1484	516
560	1114
1131	2517
190	196
1975	1370
986	924
1698	930
1162	867
681	383
1516	1678
227	103
323	131
320	174
2164	1597
73	78
1849	2438
2115	765
1275	1276
765	924
690	673
1829	1118
934	937
642	647
2182	2200
2290	2292
541	576
2162	2318
1804	180
2150	2105
1338	665
403	402
1139	684
1273	1243
1486	189
2115	2089
760	763
1975	1008
852	385
812	305
565	1420
2115	2117
2011	2283
521	1099
1712	1502
1669	174
223	652
1814	1616
2435	2012
2327	2039
300	532
1323	805
88	89
2429	2039
2086	1091
115	1907
357	1344
363	437
1116	1667
1108	1832
523	526
1440	1439
875	876
335	340
2030	2415
1245	1108
1508	1646
1202	729
80	82
1425	1277
13	1274
2387	1899
1277	95
2415	2094
393	870
1331	2399
2151	2256
1276	1100
2087	2274
254	257
1061	445
724	1585
216	606
885	1421
16	344
1589	602
504	1183
203	1730
836	189
685	962
780	101
1796	2144
1467	382
1954	2293
450	101
252	927
1326	1630
2010	2134
1196	67
1649	541
848	952
1740	572
1801	1512
779	593
1919	124
185	186
75	736
2112	2110
557	560
1786	714
473	57
2297	1943
1622	21
596	1397
2489	2185
1986	1987
1210	1861
911	913
1391	111
1176	1253
623	625
1973	123
746	702
2466	2061
970	279
2439	1950
2212	2213
1482	1445
1773	1771
235	233
2400	1855
981	686
1313	1316
202	1211
1365	331
476	1135
346	1518
1733	1735
1067	1068
2300	2013
2160	2161
1717	394
2180	2174
689	1482
821	819
279	585
1245	1246
514	882
2361	1898
2279	2280
1598	1872
119	1862
419	355
1408	1631
228	226
436	280
1436	1439
0	4
1042	1043
2050	2047
685	1266
1567	1570
142	1488
730	1838
2402	2426
261	482
710	711
1996	309
726	368
1584	1098
706	938
597	1344
2289	2288
1959	494
2146	2011
1508	1188
208	410
776	1198
257	606
1324	1042
2065	2314
291	289
791	1441
439	442
282	283
1226	799
344	346
66	67
588	907
19	836
1022	164
740	603
1942	2332
2337	2375
708	1071
423	387
880	1065
49	51
847	643
1805	1154
1321	1513
1475	1445
241	857
1455	519
2327	2041
248	708
898	897
1074	1752
1717	432
1304	40
1181	1183
901	1167
607	101
1770	1315
851	1000
659	225
2503	2185
443	927
1655	1730
2525	2068
1239	1240
324	131
1807	606
1632	188
992	792
1328	1057
2201	2282
1086	1082
158	321
1839	151
700	654
2142	2141
231	55
1104	1205
2448	1728
569	1135
1159	1404
1723	1606
1718	357
2054	2057
551	1135
2077	2082
799	12
921	260
2117	2222
218	225
2096	2097
1987	2035
1953	1569
525	523
2105	2088
1459	972
127	1264
2156	2164
1543	1545
453	895
1802	1803
1105	822
2150	2104
1221	1479
1711	1025
2273	2233
2032	2275
1001	1698
1268	38
931	835
620	931
329	1168
445	792
1122	1564
2078	2412
490	1086
1366	824
733	169
66	789
1581	806
602	1589
1231	806
991	445
1560	342
1814	1813
2055	2150
697	804
749	1157
1260	1461
1633	880
895	453
1753	1272
1359	729
2215	2010
2420	2458
1105	1245
136	923
316	77
2426	1728
1069	280
552	779
950	575
236	233
201	241
1677	999
1699	591
977	1243
566	105
1033	566
1204	619
191	299
1088	1337
2040	2038
1005	779
1639	1538
241	770
623	626
127	1270
1513	214
791	838
1488	1490
137	140
1278	144
1991	1328
2131	1330
2225	2129
2230	2060
1399	465
25	27
128	131
1746	1305
2144	1950
2206	621
622	233
