578347	578309
20584	1118823
1956	1118302
2653	350362
23116	41666
1026	1153945
144701	595063
6784	1116629
8872	1104647
91581	358894
12158	148399
3231	63486
28957	28964
210871	38205
399339	1120731
2696	1133004
12195	1107319
575077	608191
1956	101143
245288	1122460
6214	1105764
734406	1135115
4649	449841
10186	86840
289781	289780
205196	628764
20924	1108267
683355	683404
35	578780
647315	1154076
136766	348437
503883	1131374
307336	285675
193352	1129835
1919	1109581
67584	1127566
44514	210871
27895	1132706
593560	593559
5348	99025
3243	1104055
568857	1129629
1959	101143
340078	928873
3229	1112767
148170	1109199
3220	120039
1481	200480
52007	1104809
28412	1128430
6209	1108329
35	575331
48555	133563
27627	686061
24966	1123576
28278	1107312
4330	4329
35	141342
3231	20850
100701	1107041
158812	1127812
126867	1108258
219446	1112426
575077	117316
248431	1113831
219446	249421
13136	1118083
28026	5064
592826	1128935
763009	1136449
153063	561613
37884	300071
7032	323128
13652	13654
66782	1105505
118559	1108209
179180	1110563
103482	1119140
168332	86359
18777	18774
6344	1112665
35	56119
739816	1140548
17477	1103162
219976	1116410
287787	1130847
97645	33907
190706	144212
1365	1110494
8875	1152676
50838	1126503
62329	650834
74921	1105877
592996	1128978
887	976334
340078	949217
17201	32872
3191	129897
6346	1106103
20193	1116839
17488	1103162
1949	129042
711994	1134197
233106	12275
23069	23070
54132	1128985
936	207395
33325	429781
189574	1123689
35	18582
41714	1033
19621	62347
1237	102938
35061	48766
35	1129573
6213	28227
18532	86923
12330	949217
27246	1110390
459216	1123530
273152	210871
735303	735311
672070	1132443
395725	1135115
593209	593210
28254	105899
3233	66594
7276	763181
32083	688361
18619	18615
159084	159085
267824	69198
8224	1111788
3229	1126037
1272	85688
2658	1131607
136665	23258
2654	1152075
523574	1154229
7419	1118245
6941	372862
35	1130856
10169	1123867
50337	390894
44017	1106492
4804	68505
156794	1109581
13269	17476
6163	1111052
12576	574710
1365	1114153
575795	1128975
8872	1152761
20193	1108597
126793	16843
6378	28473
73119	14431
521269	1125993
182094	1131550
24974	1104258
27535	1112026
593060	1128977
82664	3097
84021	509233
12631	1123188
3231	1115471
6213	628815
155738	155736
35	273152
54129	1136791
3233	1103737
237489	2665
3229	35343
2440	1000012
763010	1136446
887	1111304
31353	1152904
6771	65653
1365	648232
6910	1154103
65057	134307
62634	243483
8961	1103610
48768	1104647
3191	5086
73162	1134320
210309	1111978
213279	197783
35	1153280
6215	1120170
6214	124064
7032	1110438
131117	152219
14529	1114864
27535	173884
129042	1108363
1365	1031453
193352	193347
16485	1104787
30895	1154251
594511	1153899
141342	575292
16437	51831
506	1106546
73162	1134348
159084	1152711
52835	1115471
85352	1127430
1997	1109542
15429	1104007
578646	578645
910	12946
1365	1131647
193918	1111240
14428	14429
910	5462
13654	83746
3192	105865
109323	137849
2658	696345
20924	294030
62389	1107325
1997	1109439
49811	3233
467383	1128977
3222	964248
59045	1121867
6913	1105011
28851	595157
2354	1107140
662416	1123188
22563	10435
671293	1132443
62417	41216
55801	208345
358887	79809
117	17476
12576	1071981
17476	1122425
49843	1106388
198443	190697
22229	1103383
253762	23116
56709	18834
93755	175576
6767	1114864
28267	1152896
31353	31349
35	1119708
27510	1128990
578845	593559
307656	270085
5062	1120563
13658	1115959
33412	124296
3229	919885
45189	45188
64484	1105394
39127	1105932
631015	631052
486840	1128975
28336	108047
5966	1102625
3243	854434
3236	1125467
561582	561581
6334	1152307
630817	1130676
24476	1103499
129042	1121313
22229	1107418
189571	1154232
16819	646195
226698	1112767
446610	300071
75318	103430
2653	1104055
158172	445938
5348	1108050
91581	31863
3235	1114222
123825	1131634
93923	6941
593022	1128946
368605	1153003
49753	49720
4584	628815
941	3828
12182	1059953
3229	1125895
85449	1120169
103515	1113742
6220	6224
4330	1132459
1365	782486
13208	1105148
10177	4804
216878	711527
756061	1136110
51909	173884
2665	578337
10981	1102873
87915	1110209
28230	1108267
22229	595193
13982	34979
143323	1130539
77829	3112
1237	1102400
1365	1152143
83847	1130678
131042	40125
5462	1129111
3095	110162
270456	203646
137380	37541
18811	20920
45189	1105450
294126	649944
643003	1131189
28485	168410
4330	120013
28350	6220
94639	141324
3187	129896
14062	1152358
27627	28254
358887	358894
56708	28287
9515	102879
202639	1154123
6784	60170
2696	1113035
738941	1135455
79809	79817
27895	23738
27510	1110998
66751	1138043
12182	309476
6209	28485
1481	1113934
463	58454
205196	1112929
177998	1110515
25181	96335
2696	1118083
10798	1154500
106590	1095507
31336	686532
2654	463825
39890	714256
145176	1132418
22563	1103394
47570	385067
105856	273949
1272	1135358
2665	1113035
10531	1107567
35	103482
12199	1119471
4983	7867
4330	1135108
210871	1129629
137790	10186
82090	82087
8874	1120643
6213	1123553
8703	308232
2440	1117786
110163	110164
2654	1106630
2653	102406
28489	13193
4584	293285
108047	1153899
35	1154459
3192	5086
5055	1121867
175909	112787
77758	1129907
632874	40583
33231	1105531
330208	469504
108983	683404
9716	28674
139865	1110563
6196	81350
2696	2695
31353	1152272
12350	12210
696345	236759
3095	110163
578669	1128978
82920	70970
289780	801170
8224	133615
672071	1132443
118559	1121739
46491	389715
60169	399370
28227	20526
114	7432
50337	13269
40605	40583
631015	396412
117315	28336
28202	1128267
27543	1106630
20193	1130653
289780	1153784
36802	589923
601462	1129367
32276	84695
1365	1131745
16471	1104787
35	594900
37483	1130539
131317	411005
107177	1119751
11339	11326
193742	1111230
194223	1126044
400356	1120777
187354	1127851
15889	1110024
114	1120170
887	595056
23507	1109392
7537	1131348
643221	1131236
28471	91975
5454	1105574
15429	175576
132806	45599
33895	33904
14062	33907
5064	1120563
45212	1105764
1481	1119295
14531	1103038
36140	350373
210872	1129610
117	75674
31927	1129572
205196	950986
1272	591016
17363	444191
562940	1127619
43165	1131195
1688	1133338
35797	100961
51180	1107319
12638	1123188
906	1105344
192870	1111186
1365	340299
6939	1116922
6784	350319
6169	1130567
6913	1131230
3220	1128430
89416	1106546
63931	1117786
8581	75695
12182	5038
82920	1125492
10177	124734
310530	38839
3218	35070
560936	562123
14531	1152308
3084	33303
35	1117476
38829	1107010
644577	1131334
116552	116553
67415	1110256
35	561238
103531	1107171
19621	66990
18777	445938
936	1107010
134219	81714
263553	1117219
248425	1121398
19621	631052
137868	1131300
4584	128
27241	1106492
66564	66563
16819	643069
1481	1114864
95586	95589
643221	1131257
753070	767763
594483	1129040
415693	254923
91853	1116410
5869	1110520
3229	7022
206524	48075
58758	1128204
18812	510715
6220	134128
48764	1104647
114	6170
71336	1105718
187260	1110950
70970	593068
5194	133550
6334	3231
114966	1125258
1365	628500
82664	1106236
124952	1119742
36140	35797
23116	1105433
73119	14429
40151	49660
167670	1123068
424540	48555
503883	646809
20193	1119180
50807	1104749
38205	606647
3229	1152277
193932	1111240
198653	1130539
142268	1110209
43639	99025
153063	1131223
25772	1997
853155	853118
116084	195150
72101	1118347
6214	95589
6213	58540
7430	1153287
6818	1105531
22241	1103383
573535	693143
134320	23069
124064	6163
101811	1153064
6385	1103162
147870	1132434
654519	1131754
762980	1136446
95642	1107367
1959	82664
35	229635
35	1129018
733576	1135082
427606	1050679
4804	102884
66982	39210
643221	1131305
116545	578649
35852	486840
385572	1120084
92065	1106671
28964	1125944
8865	785678
1481	1117184
5194	1152714
3229	1106568
7419	1107312
6741	1153160
643239	1131312
23774	7432
15429	10169
31479	1115701
644843	1131274
105899	1111304
137380	85449
75318	141171
114	28485
28202	325497
12631	662416
87417	1128453
18774	73146
31083	48066
646334	646357
74920	1105877
12165	1107567
65074	1117920
2654	1107861
23258	1106052
1272	1120962
31353	286562
3220	40922
39890	714975
52515	446271
228990	228992
4649	434
35	575292
137868	1154068
145176	1112723
5966	68463
70281	1105672
25805	1108167
33907	1136814
135130	1105221
39890	242663
28290	1104999
10177	164
11342	79809
85452	1152290
2654	1104851
6786	714975
114	1106112
33895	1154176
137956	13024
23738	411092
42156	1118120
46491	51834
114	191404
66564	593859
3218	277263
31353	1124844
23507	649731
612306	1131719
648121	1131420
662250	1132073
264556	120084
654177	1131728
16819	1131167
646357	646334
37888	77438
31055	1106630
567005	1127810
1272	1129208
2440	1153254
20584	20592
278394	851968
107251	107252
227178	1114502
27174	180373
130	13960
34979	1104007
23738	189574
688824	1133008
561613	153063
910	31043
127940	243274
2665	578347
65074	134316
9559	1102794
27174	96335
1365	139865
385067	272345
77108	1138043
286513	1131557
1365	1105062
135130	574710
2665	205192
582139	1130680
375825	1119623
7272	763181
753265	753047
8699	1102751
910	131042
2658	1135899
263486	1114512
136767	136766
1365	1114352
68224	1105574
15987	523394
22566	1103394
22563	107252
13652	83746
33231	1132887
20601	1108167
578845	578645
177998	583318
561674	1127541
202639	1154124
18313	249421
2658	696346
85324	299197
642847	642681
648112	1131420
13205	1105148
427606	1131634
4330	428610
18770	28964
3231	25184
284023	1152958
289781	1153784
35	694759
35	579008
3243	368431
6213	1129243
47682	47683
1952	1107215
4329	1110768
28487	8213
35922	390896
66563	1123530
767763	1136631
1955	1110390
400455	368657
5086	3187
763010	762980
28290	1107674
22229	1112911
2440	49843
69284	69296
262108	1114442
289781	801170
154023	1112106
19621	649739
33895	1103960
1033	1107062
643695	1154068
86359	1152944
2654	1110438
141160	917493
31083	1123068
35	1113438
22431	49847
38205	1153942
51909	1105428
198866	1153728
78552	78511
256106	1114192
561789	1127551
87417	289779
35	1130847
6923	6941
32083	1153933
59798	1152277
22886	1107367
44121	1104435
75121	1105887
1365	340075
57119	592986
887	299195
289779	289780
42848	1116835
18777	1112686
164885	447224
1481	521269
4584	1120020
574009	594900
15670	12558
50354	123556
45605	1035
230879	2658
114	976334
1365	1114605
46491	107251
20193	1153889
7537	1113534
10798	10183
38846	1128407
12330	213279
137130	65074
545647	582511
35	594543
3218	1153264
4335	1136310
116545	1128319
567018	1127812
35	1128959
2696	1114192
7272	1136446
56115	1104999
7532	1153097
4335	62274
24966	1106671
126793	1131270
3229	1140289
166420	1119751
114	128
18777	103537
85352	577086
35	1128453
157401	1118017
19621	1128846
83725	56115
54131	593859
216878	334153
35905	1152162
3187	1110000
8874	1153816
593328	87363
35	1128945
27612	1118209
4330	37884
198653	887
133563	105856
114	755217
601462	1129369
643485	643221
22386	310530
51180	50381
28412	6220
753047	753265
7430	95586
17201	1107140
523010	1126044
33818	78552
13658	119686
18815	1104449
108962	108963
12576	83725
84021	1133047
4329	105899
112787	1120444
1365	1108050
35061	1153860
2698	1114192
282700	1115375
521252	1125992
12198	1126350
2653	1119751
145315	294126
1956	1153101
28491	341188
134316	1117920
1272	6917
7532	1121603
6935	1120650
51934	14545
1997	154982
35335	35343
16485	105856
35	54129
230879	1133428
235683	1154524
503893	33904
1365	1114388
630890	1130678
755082	1136393
1717	1115291
910	1116569
3217	86840
13966	13960
6334	1152975
27514	1152143
27199	148399
13917	1120020
645046	1131301
179706	141171
2354	154134
10796	6217
12359	242637
3218	1120169
1272	97892
523394	714975
22229	593105
6216	1123553
80515	1121603
887	38205
128383	1108329
82920	1128198
608190	608191
6209	212930
561593	1131223
503883	647413
189571	714748
28202	1114629
190698	1114502
22564	10435
39131	3231
3229	96335
111676	89308
753047	753264
169279	1132083
6935	1000012
28026	5069
22431	1110426
65074	1110209
210871	1128151
202639	1117348
31769	67245
133567	1152714
12359	1131634
387795	128540
18812	20920
29492	152219
6213	1129096
358866	358894
18781	18785
1365	1117653
85352	1129027
645088	1131277
58758	1128208
39126	1107067
910	1108834
4274	1119078
66809	82090
593201	594649
910	1114118
127033	1108267
148341	1109208
3222	1132157
18811	1112686
117	1109581
531348	531351
3101	110163
23546	27230
503883	646836
83461	954315
11093	39199
149139	1123215
3231	1102761
94229	1111733
4330	1104449
57119	1129570
12337	1129683
1999	1131471
97390	1152358
8594	1132809
17476	33013
86359	18834
20193	112813
562123	560936
321861	1117089
35	503893
6385	682666
61073	975567
63931	136766
4804	1112574
20179	91852
151430	1115670
35	289779
1272	30901
20193	1130657
3223	1153101
6917	1153811
4335	755082
10169	114189
8865	395075
162664	118682
212107	1112071
9708	1130539
39127	1128881
230879	1130808
34266	34263
31336	1129442
83725	12576
1365	560936
249858	111866
114	8213
1365	23448
12350	101811
653441	1134346
32083	1113995
579108	1128314
1272	552469
85688	97892
642593	1131163
887	114308
46547	107251
74821	1120252
3191	137873
354004	1118546
111866	249858
178209	1000012
642621	1131258
6216	1113739
14428	1103031
66782	51834
626574	1154012
8696	104840
24966	65212
103543	126912
22869	22876
189655	559804
40151	1104261
134219	1112075
41417	1108329
89547	1112319
650807	1131549
307015	643199
135464	1133004
93555	284023
120817	1140543
35	573978
365294	7430
10796	180373
13885	1104379
17242	280876
34257	1116974
174425	174418
683294	1132857
66751	1135750
3220	1132706
7537	409255
39890	1154229
117	206259
162080	1109830
118435	118436
779960	1137140
513189	576691
114	28471
3229	1154169
563613	1129572
64519	154134
8703	173884
35	594649
6224	28387
1365	171225
44455	1128985
18777	510718
116545	1128291
1786	35797
3191	3192
89547	45189
578337	99023
1026	1129798
72908	1127863
1365	1136422
3229	1131748
3085	15889
230879	751408
46887	45212
56119	1104999
20193	1114777
1365	950305
6210	1120731
19621	7297
74821	1131150
72056	1135122
19045	87363
90888	1113934
20528	1103676
6213	218410
626531	1130454
194617	1124844
162080	162075
18536	1106854
910	675649
379288	67633
14090	1103016
684986	395553
129287	907845
649739	1131464
61069	1107062
10796	417017
39131	1106330
27249	368431
1034	1153945
5064	272345
714289	1154230
57932	6925
3222	1131137
592830	1128935
132821	695284
642641	645084
124296	51834
592996	1128943
162075	1109830
35	98698
4330	1136393
286513	177993
55403	1128531
15429	89547
346292	1152958
194609	1154520
578646	1128291
39210	66982
64319	249858
397590	1120650
33301	1022969
120817	1109873
12330	107569
22229	1128369
93555	1152958
248823	682666
18832	18833
576725	576795
887	1113614
12576	1104999
28491	1152910
6334	1152448
14062	1119708
89547	1152379
72908	954315
6935	1115670
684972	395547
14429	1103031
33907	1134022
6238	1130356
40151	1153703
504	1102364
31353	1129608
80515	314459
6216	230300
84021	1106298
15987	158098
440815	645571
20193	1138091
65653	1112319
5086	137849
5348	1118083
218682	22874
31353	43698
6238	84459
370366	928873
753070	753264
4584	6151
503893	1153577
6184	1120731
6213	1109957
8865	1129570
25184	285675
25772	1122580
33818	78549
35	15670
9581	1130780
6213	299197
10169	211875
27627	686015
79817	1131466
16008	189577
645452	645016
8696	1102751
12211	12165
3084	1107171
33823	1119004
17208	1152633
12631	78994
54132	593921
14431	1103031
6925	57948
307015	1131198
288107	1123215
141342	35061
12197	111866
19621	1131464
29738	155277
108963	108962
47682	47684
77438	1129994
38839	310530
189721	1129518
28957	103537
12165	1112099
910	1120858
103529	1107171
3233	1125467
2658	1140230
23738	73146
3229	390922
6385	892139
12195	1132285
582139	1128425
41714	594047
35	1137466
200630	643734
851968	1140231
644363	645016
232606	25413
45603	1125092
28649	12182
20193	1153879
22431	6639
5959	1102625
36162	1132815
6344	200480
4660	18615
65650	1105450
4330	1103676
577331	1128227
506	1102364
96851	594387
87915	1153786
38205	108047
3232	20942
22241	1107418
141160	1109891
154982	1130934
643221	1131334
6913	1152917
28542	124064
35	1129778
1365	1116594
3101	110162
2654	1121867
5600	1022969
34266	1122642
6213	28350
91853	1110579
51045	242663
1365	1130600
101143	101145
35852	1113438
3229	82087
20584	1111788
98698	84021
642920	1131184
641976	1131150
74698	134307
11335	1127657
152483	583318
35	289780
643199	1131198
4330	1132461
66594	8821
559804	653441
561809	1127558
684531	684372
179702	1121569
114	434
6213	1117760
97390	100935
263482	1114512
50336	50337
12576	1105221
20924	1115701
649731	1131464
24966	145176
714260	559804
35	45599
5075	1120563
198653	1113551
12439	105057
562067	1127566
936	129558
14430	1103031
19621	1106287
47682	1125393
519353	1125909
33907	1103960
1956	263486
49720	49753
941	129558
3231	104840
189623	683355
79809	31863
4329	510718
24043	1111265
6784	6775
35	254923
8703	1119078
22386	38846
39165	1131137
6923	187354
376704	1119654
16476	16474
134199	1114331
12638	4330
39127	592826
3191	642827
6214	1152740
3231	259126
421481	375825
230884	1131607
3229	447250
1365	1119140
4330	1112929
89547	1116328
27631	20528
561581	646440
3229	1132418
709518	1134056
7272	7297
151708	1120786
92589	1131137
81714	81722
35	634975
739816	1135894
12330	1152490
23507	152731
154982	129897
25702	1108834
646289	6913
6125	385251
1688	647413
608191	70970
16008	1131165
42221	248119
591016	1128856
27203	1118209
2658	230884
2354	10186
13212	411005
36162	20528
4660	429781
1246	1104007
205196	628766
216877	1117618
22875	1113934
27230	23545
35	1050679
368431	30901
8224	601567
24476	1153024
300806	1133010
56115	63486
13024	899119
75693	214472
20924	289885
141347	1119708
3218	1152290
78552	78557
23738	101662
29492	1112426
3112	470511
6639	568045
34257	1106771
32276	15076
853116	853155
35852	1035
20179	91853
144701	1128997
1717	1135108
368657	400455
643735	643734
1365	949318
13195	1107312
119712	1114118
62417	1107558
20193	5062
33325	12960
642681	644441
175909	221302
287787	1130856
714289	1154232
14062	44368
753047	1136631
10169	39131
99030	578337
578365	578306
1955	1956
910	1135137
24966	1154042
33325	1110256
77515	9513
108983	108962
116512	1107808
4553	1102548
389715	107251
2665	1132486
906	1114352
7032	1109439
37541	1119140
135766	135765
50980	73972
31353	1135746
202520	1115701
593329	87363
45052	1131266
4649	1105887
35	1136814
87482	34266
397488	1120643
189566	310742
217984	1112369
289085	689152
648106	648112
3187	5086
128	1114125
887	1112911
5055	1104851
31483	118682
19621	948147
32260	62274
110041	1152358
10174	10186
6318	1121057
17811	1107136
10796	31097
116021	12960
6214	23258
31932	194617
18832	1122425
101263	1112099
145215	141868
2696	469504
100197	193931
35	1125386
6318	20833
119761	143801
203646	1116569
20534	70442
218410	1152663
58436	1114239
82920	1154459
2440	591017
35	593813
69284	206371
145134	129287
77108	77112
77826	3112
117	6170
27623	105899
41714	144212
592973	592975
248425	1113831
90655	34263
4330	69418
6898	1123188
114189	88356
3229	1130927
8703	89335
14545	1103038
504	1112650
3243	307336
123556	141160
206371	69296
35	27510
1272	636098
39130	346243
28487	1153056
10430	1120713
12631	6910
48764	1125092
6152	299195
8872	1125092
8874	8875
251756	1102550
184157	95435
6155	1126029
8224	1128531
117328	1115166
2658	696342
8581	75691
35	33907
14429	1119216
134060	481073
35	1131557
28350	6210
97390	1153943
22563	1786
1481	1102567
46491	1118823
39127	1128927
3243	1103610
90470	106590
74937	74920
642894	646286
6213	10796
763009	1136446
10796	30895
2653	59045
264347	1153183
434	267003
27623	1104182
687401	273949
459216	593210
34082	1119216
212097	1112071
1365	1132968
50336	13269
7296	763181
152227	987197
35	1154176
8703	101145
6163	20534
141342	1119708
3229	1130915
662572	431206
1035	1110515
6213	399339
194609	31927
9586	1120138
17201	95435
954315	1155073
3220	429805
43639	469504
33904	1103960
27530	1128542
166989	1110028
20821	1127851
6782	1123068
118260	230300
817774	820661
1959	73327
594511	1153900
31353	686559
46501	1153275
9708	1153003
108974	1125469
400473	131117
640617	259702
82666	101143
249421	567018
82920	1152421
5966	1110390
41714	568857
137868	91581
187354	372862
13213	1152143
575292	1131734
67584	1127558
134315	23069
15429	35854
3220	1125992
259772	1114336
58540	181782
1365	1129443
6639	116084
4660	5038
906	1140040
1365	1135368
6184	10981
133553	105856
6814	315266
134314	134316
594039	1129015
108047	1107418
753264	753047
644577	1131301
6213	134128
6209	181782
153063	561593
377303	1129572
117	38480
7537	314459
83847	66986
193352	1131719
2440	1110426
519318	1125906
63486	83461
40886	654177
219218	1112417
117	39403
4335	1140547
39474	1694
20602	1108167
37888	1108389
824245	1139009
35	103515
70970	1129683
3229	35863
3932	5075
3223	1132157
45189	192850
5348	2696
46491	1105672
16843	1152991
141171	1121569
30817	75691
36802	1108389
57948	1118658
52515	300806
650814	1131550
66556	1129778
46887	1153106
157761	219239
3828	1152896
644093	1131236
103537	126912
61417	94416
103515	1153853
189566	189856
15076	25702
12347	16451
3218	49843
1688	1134022
521207	521269
2695	1108169
4330	949217
13193	755217
45605	240791
8699	104840
3229	100197
561581	561582
157805	6539
1213	409725
31483	39165
44017	48075
52003	1112194
36140	112378
262178	1138968
25772	1105932
1365	1102407
35061	503871
43186	1135894
739707	950305
34263	1122642
193931	1111240
51180	12350
152227	152226
1955	110163
593091	593248
85352	1114331
219239	12247
74700	134307
29492	1122574
227286	1115790
58268	13024
38845	1110579
6923	1155073
13656	1120431
255233	33303
28359	35863
1365	1106287
2696	1108050
3229	1131647
459214	1123530
79809	1131466
115188	1107728
616336	689439
35	289781
6213	628668
83826	1106287
424	1135125
35	1153853
424	47684
1365	1132922
137359	1118286
66596	362926
12198	164
16819	646286
12350	12198
136768	136766
733167	1154276
11339	211432
80491	314459
162080	1135345
114308	63835
70442	70441
127033	416455
77438	106590
54129	1128319
34961	22883
144330	63486
63835	1110531
20857	1127863
3191	423463
3229	1109392
12210	1112574
645016	1154071
634904	634975
13208	131318
35	263279
51049	1154232
18815	20920
48781	423816
31479	20592
28491	153598
649730	1131464
137359	1108728
561595	561581
628458	628459
1365	69392
853114	19621
20528	1103315
124734	1108167
67245	31769
240321	1154124
8224	1132815
17476	1103162
645897	126927
416867	1121537
1365	1136442
14083	1103016
78994	662279
3229	444191
10183	1114336
264556	289085
117316	117315
6343	1125992
116084	116087
37483	217852
97377	39130
36145	272720
36140	105057
13212	214472
318187	1116922
3229	1125082
628500	1130600
31105	1105672
6311	1114864
1272	27230
578306	578347
267003	75121
10435	1103394
135798	1108656
574264	815096
15987	1127530
3220	69397
13717	1110531
16008	158098
202639	643597
10531	686532
20534	1107455
1481	521207
4649	1127851
6213	628667
35	1131360
3222	1103737
89547	237376
66794	1153031
6935	238099
34315	1103979
67246	31769
102884	9513
22875	1110947
642681	644093
226698	1122304
273949	1114992
330148	184918
6213	13193
197452	1135894
2696	1120858
12182	94713
1213	1154525
95718	32698
217139	154134
179702	141171
11148	25413
34257	1122642
644494	1131314
8865	608292
220420	1128227
1688	1694
123825	1131464
57948	1114526
18781	1108175
243483	459214
16008	1105531
853118	1140289
171954	1138755
35863	134060
578650	1128291
154982	1121867
346243	521251
2440	1114512
36140	323128
4584	28287
39127	116087
94641	1129018
126912	103543
6184	3229
24966	1104449
48766	1104647
284023	1152959
675756	1132505
617378	1130069
8766	409725
184918	171225
16474	16471
6169	1114629
270456	63549
68224	1130680
39890	1154233
32698	95719
133615	1128531
23070	87915
33231	315266
126920	103543
1481	1111614
35922	390922
35	568857
5069	1120563
38771	1104191
1272	444240
63915	145215
35797	1128974
22563	63915
644427	1131257
130	345340
27632	28254
240791	1113438
561611	561610
235678	235670
154023	1133846
44514	253971
82098	82087
3222	1114222
4804	1153262
8703	502574
594047	1129629
27243	1104851
63812	1105360
28350	1109957
17201	1118245
6775	1111240
16461	1105603
1237	143676
49482	1112369
18619	1153091
887	6151
59798	1154251
95597	95579
6196	1120731
35	1133196
42848	1104379
34708	102406
6741	348437
114	341188
6925	1114526
6343	359067
6910	1117219
28851	54131
59772	35335
101261	101263
62347	62333
466170	66794
54129	594543
1365	948846
887	87363
1999	1123068
2665	1122704
3191	1127530
20821	372862
647447	577331
18536	424540
648369	1131414
644441	1131258
230879	99030
753047	1136634
231249	1127913
159084	241821
63549	1105344
28249	1116347
683360	683404
1997	1108551
5055	1107861
63812	1121057
430574	1105622
18832	682666
459213	1123530
35	1152508
576973	1128208
910	94953
51866	27535
4330	390889
739816	1140543
589923	590022
1953	1153166
4584	6214
35490	1116410
114	124064
6923	308003
87417	289781
110163	110162
41714	44455
35	190697
39127	1128935
910	340075
13717	37998
672070	1154123
35	1153577
2658	1115375
137849	1115291
15892	1116146
239810	359067
335042	1117653
626999	139547
89416	65074
1246	57764
12182	1153183
358884	358894
646286	6913
210871	595157
3220	1115677
573553	1129608
1817	1114502
17201	1126012
531351	531348
910	1129111
1999	6771
6214	6215
161221	1153922
27627	686030
51052	242663
910	1152194
10177	12198
12638	263553
171954	1110256
65212	1154042
646809	1131374
561611	561595
24966	239800
145134	641976
293271	293285
3112	110164
6741	1130637
48550	133563
16819	1131274
135464	237489
50354	289088
4584	1130567
6814	300071
910	684372
155736	155738
7419	1105764
34263	90655
15429	12197
940	3828
3236	3233
65650	5038
578646	1153900
6741	49895
2440	136766
83449	22869
27623	686015
124952	1126011
60682	63477
94641	1153897
642798	1131172
10183	10186
75983	1106568
20923	1116530
3191	1131267
2653	1116268
20179	20178
35061	682815
84021	98698
46887	1111788
57922	1118658
1272	1108167
1365	950052
124828	1108169
129045	1121313
397488	1134865
57764	711527
124224	169279
6814	1117348
48781	1120643
29708	131315
57948	57922
370366	1140040
85688	6539
42156	1152179
23116	1111978
628667	628668
4804	989397
56112	63832
6214	399339
2440	1120650
263498	1152761
54132	594387
44368	1128227
1365	93555
430329	127940
613409	1129907
1272	18615
521183	1125992
2696	99025
6786	1106789
52003	52000
424	218666
131318	411005
1026	1105231
1717	1116336
13195	1120731
12195	1131611
126926	103543
3097	1106236
241133	1113459
65212	1105433
6910	1132083
23738	65650
35	1109199
108974	1133417
8594	232605
4637	164
30817	631052
593942	1129015
13658	294239
33904	1110546
7419	341188
126920	645897
642894	1131180
10435	22566
35922	1105116
592993	1128978
8687	1102751
35343	1118332
751408	1135899
334153	1117618
114	1105394
141868	429805
35778	108962
54844	1104946
3232	1106330
16819	644334
6224	6163
51049	1134320
27241	1116268
112378	141868
108962	159897
27531	1106370
8594	180187
86923	1114184
56167	1119178
375605	1119505
5069	385067
6214	28447
180301	1110628
628751	628764
696345	696342
114	1114125
126927	103543
116081	116087
20972	1116181
8832	1102761
52003	1104809
103528	103529
20584	1106849
143801	284025
45188	1130929
10796	46536
265203	86359
289945	48550
5062	28026
13972	20534
3236	601561
118259	118260
210872	35
6213	1113182
1688	1103985
35	1128985
3240	36620
8874	646809
10531	43698
5348	139547
45605	1033
35	574462
5086	1105698
74975	1107041
35	1129683
604073	1129494
46468	27249
144679	1114239
230879	578337
423816	1134865
116790	345340
709113	1134031
4584	1272
20178	38829
35	1113831
27623	686030
28265	1152436
31489	633585
42847	1104379
22563	107251
2653	1118764
193347	1129835
78508	1120138
6814	1125469
120084	1140543
594011	1153896
887	28456
35778	73146
202520	446271
2440	1127619
16819	1131236
40	1109017
27895	105057
33823	78552
60159	60169
28504	365294
25794	582343
753264	767763
16471	1114992
20193	1116397
173863	116790
8703	59244
8872	395075
30934	12960
287787	1123756
910	636511
592986	592975
16843	1152259
73972	50980
644361	645016
98693	1152358
235683	235679
342802	2695
6318	1108656
573553	1135750
561610	561595
75969	1128856
617575	1130080
561809	1131300
3243	1113739
35	1153943
20601	1121537
16437	152219
293974	1125469
134128	1117760
12638	6910
22563	1121459
101662	1107095
39890	1123689
645571	645897
12182	1106418
62676	312409
14529	239829
23507	217852
39127	195150
28385	1106112
3220	39124
2654	211906
20193	566664
210871	1117476
632796	884094
887	1105033
38722	1106172
307656	1131360
887	265203
49844	1127851
31863	358894
409255	1153097
4330	119956
114	1126029
230879	1132486
644448	644470
644577	645897
46470	1105450
189566	36802
35335	168958
887	299197
20923	1115701
3229	641976
40125	1104258
86258	1106418
19697	131318
645870	1131301
936	1111899
95588	95579
155158	397590
34266	90655
646913	1131359
12238	1107567
175548	105856
35	1114331
1365	1116347
144701	1112911
15431	35854
28287	1106547
8224	1153866
35	1033
449841	1123093
13212	1105148
30817	1120211
15429	1153160
2695	1120197
35	634904
75969	1105932
61417	1106764
6318	1119295
34257	1114398
3217	1000012
39890	1154232
235678	689439
74427	34257
3101	110164
24530	1109581
73162	714879
5086	109323
23502	184918
97377	211432
733534	1135122
28964	1125402
250566	1113926
188471	628500
2440	49844
74427	1106771
31349	686532
4584	1031453
103482	1114388
3218	1106492
1953	1153724
263279	1114502
642894	1131335
152227	1139928
943	1152896
278403	627024
2653	28641
4878	1102567
628888	628764
8224	1153148
259701	1114331
1481	1108267
12576	63832
6151	6152
35061	1152761
15076	708945
73146	1108389
693143	573535
93318	1126050
63915	38000
6163	1106966
38480	1104182
18615	1000012
6334	1153169
23738	1118764
20592	20593
195792	1128974
10177	9515
573964	513189
3240	1131137
74427	34266
241821	1152711
13686	1107355
1365	948299
152226	1102400
593544	1128982
215912	31932
6213	1128267
28640	28641
2665	1105574
232605	25413
18777	345340
139865	1108841
69296	206371
2653	1116842
55770	1114777
289781	1128453
646412	1131330
561674	562067
14430	1103969
40886	1121459
59715	96845
31489	632796
3187	129897
3220	1131728
65057	1125909
175909	1153891
3229	92065
237521	2665
20534	23774
190698	198443
62676	14083
1272	1102625
1035	1107062
1365	1152821
55770	208345
29723	6818
162075	737204
2440	1107095
259702	1114331
37879	1105116
189566	1153014
15889	221302
54132	59715
641956	1131149
6238	1123991
335733	643199
35	1153065
566653	3085
29723	131315
62718	127033
22835	1110563
1481	1120563
35	69284
19621	948299
116528	1110438
3229	1152673
35	190706
66564	141324
458439	1123493
10177	68495
231249	1125492
23070	1116044
289088	689152
384428	1120019
459206	1123530
35	1112911
910	1118848
31489	1152150
83746	294239
77758	289885
445938	315266
5064	1121176
41666	943087
66986	39210
147870	1109185
68115	47684
430711	671052
175548	1120049
910	1105530
35	1129027
141596	40125
12576	62718
22563	13686
1272	1128256
13193	17208
10177	1112574
7041	1120880
87915	142268
41417	1113551
144701	1128975
27623	1126029
321004	1117049
27606	124734
24043	928873
114	6220
34257	34266
16476	1123087
6151	1106547
3229	31769
12330	1153861
48781	1134865
6334	1107067
118873	1109566
205196	1130586
128203	128202
39890	162664
6213	128
106590	1129994
69198	231198
28389	353541
1997	129897
6767	1106103
10531	1129442
561568	153063
65650	309476
25791	28202
910	1104379
95594	1153287
40151	1152975
1956	1153150
19045	593210
7297	7276
197054	1125092
35	593105
576691	1128198
27627	116021
227178	1128946
85299	23258
35	1119505
1365	1128839
3191	308920
31353	10531
689152	289085
642930	1131184
20193	1153877
41714	1110515
5600	1117833
56112	1104999
6169	1106406
82920	1119708
522338	1132864
213246	1122642
15984	158098
58454	144679
65653	1105450
2696	160705
11337	1128256
239800	95718
46452	1153091
2354	74749
6130	1154123
31353	31927
642894	1131301
153598	1113459
8821	1102761
14549	1103038
20193	1152244
31483	1131137
1953	1949
6213	353541
103515	54131
189620	1129994
310653	159897
95719	32698
653628	1133930
910	227286
25805	1110028
71904	239800
1951	3095
6213	241133
261040	110164
35	46431
73327	1105810
5348	911198
25772	1104769
163235	1109873
66990	1153861
12158	12199
112099	1114777
3218	417017
3223	167670
112378	1121459
56115	135130
644448	1131314
1959	1152896
1272	192734
263069	1131116
74427	1116974
503877	1131374
180373	180399
6130	1154124
189774	1134346
262121	1114442
1272	284414
230300	118260
3229	62347
1365	949511
28385	118558
78552	33818
19231	686061
91038	52515
74937	1105877
3231	68463
431206	662572
1272	560936
682508	1132857
62329	1131565
8224	1108728
45212	120013
4335	1121254
33818	1120138
9716	1153262
28447	1107367
194617	1129572
1365	1110998
202522	446271
671269	1132443
202639	242637
33907	593091
35	206371
3231	328370
40124	1104258
102879	9513
93273	248119
2663	1119671
593559	593560
633030	633031
111770	1119623
11326	11339
656231	103531
62274	32260
17242	1115291
36145	1104055
853116	19621
16843	643069
643221	644093
34355	1103979
45188	350362
887	10796
815096	205196
11335	11325
101143	596075
447224	164885
267824	1153195
696345	696346
1033	1034
2696	1108169
114	1118245
4335	1104300
32872	1118245
175256	1120643
6130	671269
6925	1118658
8224	6639
145176	40124
688849	1133010
18834	1152740
6767	1120444
53942	1117184
13658	198443
330208	99025
128540	387795
90888	13885
1272	20593
58552	1113828
18834	1152944
634902	634975
18777	79817
592993	1128943
253971	1129621
5064	28026
521251	1125992
13972	1126050
35	513189
126868	126867
232860	1113084
114	1106172
95198	1110579
503877	1154076
910	160705
81350	1106172
561364	642827
5454	1130680
19697	95718
137380	1108728
6910	1152150
19621	23448
3231	1107067
12169	4637
35	1128204
593155	593240
294030	20924
1365	1120866
6346	1112075
633585	40605
158614	10169
3233	976284
177993	1110515
25181	1152277
149669	589923
123825	649730
52784	1104851
633721	1130915
6334	1153703
75695	1113035
78555	1120138
102061	509315
578337	696346
3229	396412
40135	118079
42221	989397
73712	1112194
3229	1050679
314459	1121603
95594	7430
574264	576795
10169	711598
18811	1106401
2440	1061127
74975	38845
101811	101662
31353	1063773
35	1133338
231198	1153195
506	89416
1365	49482
40	1114442
739280	367312
627024	911198
284025	119761
752684	1135955
33823	33818
82920	1129683
6130	1132461
601462	1129368
36167	20528
910	1110520
318071	1153014
27531	763009
45533	1104495
593942	1153896
6913	703953
35	128540
1246	1102400
35	647408
60170	399370
189572	1134348
134307	134316
12330	1120777
89335	59244
59626	102406
18619	4660
19621	763009
35061	240791
187354	1117786
1717	733167
12576	1107674
380341	60560
121792	1152394
59798	25181
19621	240791
133566	1152714
35852	41732
82920	1129367
46500	57764
8591	1154525
45605	1131639
522338	683360
8961	1133390
756061	1136447
9559	252725
35	1127430
28504	1139928
416964	127940
64271	1152244
1481	399173
6818	50336
427606	62329
38205	1128997
3191	162664
27530	1106630
73323	1105810
54129	578646
188318	1110998
254923	108047
3231	1106330
39199	39210
592975	592986
166825	1110024
910	755217
18615	4660
1959	170798
235679	1154524
57773	1154524
83449	218682
1365	1113995
242637	1113541
621555	1130243
1688	1153065
6214	1115886
2658	1130808
38537	1131270
4330	168410
578365	578309
35	415693
633031	633030
15987	714289
906	1103979
22241	1128369
10531	1102850
78552	9586
67415	12195
192850	272720
126909	103543
154982	1133028
315789	1138027
7032	52847
80491	80515
45605	144212
48550	227286
12155	1126350
35	593260
6151	1107355
3085	83449
11148	1129835
2658	1132948
1365	1120211
260979	1114388
141324	1113438
3191	310742
3233	1997
654326	1131741
36140	57764
62607	294145
8703	1105428
2354	1130539
2665	631052
395553	395547
51879	1114664
367312	1119211
1213	8766
4584	1102550
521855	519353
154047	1112106
284414	1115456
6213	161221
45603	1104647
35	231249
906	1136397
45605	975567
6782	463825
131117	212930
579008	1128943
100961	60169
66794	1102646
143676	102938
38537	1131277
127940	1114364
27510	188318
70520	27631
16008	642827
46491	37541
34257	1111186
108974	108962
17201	17208
27606	111866
24966	641976
3231	1113926
19231	1107572
31353	1152162
654339	1131741
633081	632796
58453	87417
144701	1136342
194609	126128
289885	20924
576795	1128201
367312	746058
50336	390894
12247	1119471
15889	1118388
561595	561582
2696	2698
1997	1102442
52000	1104809
40886	429805
1365	85299
578337	1132486
66556	54131
36140	12439
70442	1107215
208345	1114777
255628	120084
3232	521251
285687	285675
910	436796
131315	411005
145315	649944
55968	892139
300806	6818
137868	1131277
22386	1107010
35778	1919
114	1103315
566653	566664
28290	308529
75121	417017
123825	1154276
17476	1129208
270600	1114838
3231	1128536
675847	1132505
1481	1106052
72406	1105764
75983	1115790
608326	1129683
35	1103985
408885	1154173
182094	197054
4660	582343
137868	1110000
54131	1128982
529165	1126315
6214	1106172
2653	1152075
17798	39131
12169	1119471
199571	46431
814836	1138619
35	646837
577227	1131752
35490	1104031
340299	74427
6213	1113459
6814	390896
645084	1131277
12182	157761
24966	124828
79809	1121659
272720	192850
56167	1117184
3112	1152564
13205	13208
221302	1153891
289885	1115701
6378	1129208
23738	1153064
606479	1129610
134219	447224
5454	1128425
110162	110163
40131	118079
54129	1128291
6213	6151
64319	111866
103430	1154074
753070	753047
1246	42207
3229	1105718
28640	1059953
7047	1135082
174418	307336
45189	1132385
2665	630817
610529	1153946
114	1117942
582343	1128437
10169	1107067
117	28202
10796	1110947
9515	4804
9513	102879
576362	1129629
66990	1117501
18773	88356
23507	13717
105856	193931
288	1118092
238401	1125386
10169	85452
28632	32260
18251	1106052
145384	1153287
124734	25805
2440	1106388
35	1128227
50381	62274
6213	13960
35922	390894
123556	50354
19621	6184
3191	105865
12638	6898
11342	463825
578898	578646
302545	1152858
28287	567005
626530	1130454
6935	18615
20534	1103315
137130	23070
943	3828
6196	1153056
169280	1132083
672071	1132461
350319	193932
643734	643777
22386	38845
27199	248119
117	28387
578669	1128943
16471	273949
3192	310742
3112	103529
129045	1108363
6151	1385
3085	30973
217115	1112319
216878	1117618
6214	149669
671052	1132406
3231	1153169
594119	1129021
853115	19621
87363	593328
566664	3085
4335	62417
593104	1129015
289780	1128453
49847	49844
292277	578845
35	263498
179702	1152859
59626	249858
177115	5069
51866	1119078
1953	1153728
38722	81350
8875	395075
114	28350
582349	1128437
105865	193931
672064	6130
58436	87417
4329	395547
642798	644470
45188	976284
8617	1116268
134128	1113182
6213	1111230
205192	1132968
193347	193354
8872	1153860
52847	1131471
75972	1128935
910	1126044
107569	1107385
80491	7532
27627	105899
114	1118332
337766	110162
16485	1109891
6209	8213
31927	1124844
133628	1108570
144408	219446
180187	1131719
108962	310653
3237	964248
75318	1121569
4804	1108175
39127	46476
91975	1113459
6741	51909
6209	95579
940	20180
13654	987188
35	286500
444191	1154068
135765	6917
360028	1118823
189856	1129518
47839	1124837
27203	1106418
754594	1136040
16485	1120049
91852	20178
133550	1109891
25805	1121063
101811	151430
74749	10186
3229	1128868
35	1123756
7867	1138027
3101	70441
5194	140569
114	1106406
3218	1119987
6169	170338
54550	5600
646900	1131359
10177	10169
307336	708945
12238	101263
35	1131752
24966	1131149
42156	1116594
520471	1125953
6378	1122425
35	259701
10183	1120713
35	801170
6213	1122425
683404	683355
15429	9515
74975	1128407
24974	1112723
25772	1126503
2702	1120777
205196	1130568
696343	1133428
315789	1139195
35	1103960
2665	751408
179180	139865
46491	1152290
237489	1120059
103515	246618
56709	1128959
145215	429805
1365	1154169
1952	3101
887	20972
12350	152227
582511	545647
815073	205196
86359	1133469
117	33013
23774	1106406
89308	101145
1026	1034
10435	8703
642681	646286
714256	1154232
84020	1106298
96847	594025
3229	1154251
13654	1115959
1999	1102442
5348	1132968
50336	683355
12359	16451
12347	72101
57773	235670
32688	1717
141160	1131345
14428	1103969
3231	63477
13212	170338
171954	820662
6925	372862
8687	38000
67633	1114777
28387	1107312
671269	1132418
249421	1127812
4330	69392
252715	601561
2654	27250
49660	3237
42209	27199
100935	1120643
31489	40583
75674	1109957
675649	1132505
75694	214472
6214	6224
2696	1123239
19621	1135137
787016	573978
180399	1120084
51180	12195
102939	102938
54129	108047
8875	1129570
6215	6224
54129	578649
20526	1103315
246618	1113742
8079	105057
134314	1116044
8224	55403
31927	194617
170798	656231
178727	1110546
159897	310653
6539	1102646
644448	1131258
591017	1128856
1272	1123867
189708	149669
395540	1130676
5086	129896
634938	1130847
16451	118436
65057	74698
14531	1105932
42207	219239
13195	755217
648106	1131421
232606	1132809
3229	27631
14430	14429
6213	1105764
399370	60159
644577	643485
626530	1154012
51052	51045
73162	714260
4274	1114664
175291	52784
1919	1108389
17798	1119987
61312	1105231
8079	1121867
65074	714748
195361	1111304
3243	1110947
646913	647413
10177	12210
36620	1128430
671269	1154124
35	1127913
2665	1132968
70444	1107215
648232	567005
3240	1110531
3229	189577
714208	189774
12194	27199
18770	531351
126927	645897
12576	416455
6784	100961
116553	246618
80656	13652
10796	1113934
22874	22876
85452	1120169
36131	1152633
325314	1122704
2654	1123926
23738	11342
3191	1106789
34082	1103969
35	593091
82920	608326
10430	3095
101660	1107095
131122	212930
1026	1102550
6238	10793
22386	1128407
1035	1034
99023	578306
5194	133563
1365	161221
240321	1132434
35	1120431
17798	56167
101263	1139928
509379	1125393
430711	1132416
2440	212777
38205	1129610
2658	1130676
35	1152421
71736	1152259
20601	1118209
6196	28387
154982	1130927
628815	1130567
3218	66782
77438	590022
66805	509315
14062	1154459
3220	1130634
22566	10435
16470	1129621
16819	1131312
633081	1130780
18773	167656
4330	1152917
114	1107455
578309	578347
38205	61069
8581	1120059
78557	1120138
139738	1108834
2698	2695
941	940
2653	197783
152731	1109392
43698	1129442
35	574264
66751	695284
3231	1106370
5462	119956
35	81722
117	189708
2658	236759
910	1122460
6214	1130600
255628	1135589
43698	686532
260121	1114352
262178	1114442
642681	1131167
59626	124734
175548	753070
11339	45061
8865	647408
19231	1153736
123825	42847
143476	1112686
193352	612306
1365	853150
38845	1107010
54132	1117476
94641	1102550
41216	1104300
8591	167205
11148	1131719
4330	118436
390693	1131639
1481	1153891
1694	39474
4274	1105428
8872	197054
94416	1106764
31489	1130780
8865	103515
6214	93320
75972	1105932
35061	1113438
72805	899085
194609	1128868
4584	1116347
128	91975
2653	167656
3229	949511
45533	1116974
114	1111052
33412	34708
117	149669
14807	1111240
31479	39165
95642	990075
14429	73119
1365	1131748
5966	1107861
258259	168958
126868	1108258
46079	1152569
95188	1110579
85352	66556
60159	399370
35778	108983
5869	910
240321	675847
593240	1136791
26850	1114605
646900	1132731
2354	1113852
159085	1152711
348305	193352
119686	198443
69392	1132461
102938	143676
575402	1129778
683294	682508
746058	367312
19621	42847
25702	1153897
40605	884094
576257	1153943
20193	566488
34979	13982
6125	1107572
118424	118436
24966	197452
191222	191216
280876	1115291
12182	1117249
5064	1129106
59798	27174
153063	561595
78511	575402
14062	646836
20180	91853
643069	1131192
34257	1115456
238099	1127851
85352	574462
19231	12960
3217	65653
156977	1152490
3231	39126
57119	1132731
48555	48550
35	249421
195150	568045
4649	411092
8619	175291
17821	245955
178718	1110546
155158	8687
28504	131315
135464	1135589
36802	590022
83725	62718
105865	193932
83847	1106287
32276	636500
95225	42207
341188	1117942
54129	578645
10177	67415
108047	578646
14529	1103038
6311	235776
248395	1113828
140005	86840
90655	1122642
35	1128314
3229	1130931
19231	18619
34257	368605
278394	627024
182093	197054
3229	72101
28350	341188
30895	1152277
3229	1108209
63486	509379
144212	1131549
160732	1128853
31489	632935
67292	1105530
22883	22876
49482	217984
23774	1107455
28287	308529
4330	1717
194645	248823
656048	1131828
193354	1129835
39403	130
513189	1125597
35	1131116
573553	1138970
36140	1104055
642621	1131164
1365	39904
672070	6130
230879	1140230
63812	1125393
8703	51866
8619	36145
3218	6941
642894	1131312
672071	672070
1246	6125
40886	112378
2665	237489
575077	66556
3229	83826
16471	1126044
23738	27250
910	1105344
3231	49660
8224	97377
1956	1111899
38205	595056
1365	23507
67584	562067
5959	152226
2440	582343
35	148170
240791	650834
3229	25184
82666	3097
3229	23502
240791	45605
67245	67246
114	6196
1688	44368
4335	32698
19621	49482
39210	66986
64271	95188
3232	1128536
1959	3097
85688	75121
71736	1152991
650807	1131565
578646	578649
20601	25805
31105	175291
9708	136768
116552	246618
3218	1110426
24966	131318
12576	56119
65074	142268
6213	1130567
1365	184918
190706	182094
59626	6125
35	141347
3229	90888
35905	1152272
6209	118259
65057	519353
54131	1153897
191222	708945
67415	164
43186	16461
4329	1111304
35	787016
13686	1385
289779	801170
28504	95589
20193	144330
3229	1128839
79809	1153275
4649	135765
152483	593091
15429	1107572
20534	1106966
116084	75972
14062	1153280
83725	56112
35797	627024
49482	631052
6910	1123188
124952	189721
124064	6220
2653	65650
112378	654177
643221	643239
66596	8821
593240	593210
38205	592986
1688	576725
5075	5064
853114	853155
6151	6213
66556	141324
12195	38722
6213	35863
103482	27514
20193	395725
5959	545647
2440	63931
15429	210309
1956	83449
642894	645046
887	161221
8224	30895
20584	235776
35	248425
41714	61069
35061	45605
578337	696345
12576	8875
27530	27531
89547	66805
189856	683355
15892	1118388
179180	1126037
24966	95719
108963	1095507
6209	38480
8874	395075
6923	20857
45533	1106771
7867	315789
68224	582139
3085	395725
4584	28278
180399	385572
6385	1129243
80656	13654
4584	6184
29492	400473
12350	6539
82920	273152
2653	107177
82920	1153943
1365	23502
576362	568857
35	33904
44514	606479
16819	644093
644441	644334
644448	644494
16485	12347
54129	117316
10798	434
8703	104840
13885	84459
45605	190706
124064	6224
18615	582343
11339	30901
12337	16451
11335	35070
644427	644577
219239	157761
633585	884094
39127	52835
23738	11325
5348	256106
27895	1122580
54132	579008
561789	561674
85352	576691
3229	35922
193352	193354
27623	75674
33231	445938
20601	12199
11335	582511
19621	950052
82920	98698
73712	52003
628751	950986
64271	91852
63931	13717
35	97645
906	910
14531	592830
6213	1106406
568857	1153816
19621	853116
35905	1152904
560936	91581
205196	815096
12350	12195
61069	1129610
39127	49660
6214	97892
1481	4878
358866	79809
35	66563
12210	77515
230884	751408
35	307015
36162	1152975
3240	3233
35905	29723
70444	70441
20193	3085
56115	62718
28504	1153287
19621	1114442
35061	210871
6741	411092
56167	1152308
133553	1120049
18777	66794
4330	684986
23738	1153148
4584	628500
16008	3192
55770	521207
84021	263279
38829	1152244
6213	755217
3222	167656
3229	948299
513189	787016
89416	137130
169280	1154103
65650	1118764
108047	578898
35922	1140547
23507	93320
1949	3101
7047	2663
3243	96335
5075	5069
210872	210871
3229	27174
159085	241821
10169	6334
626999	911198
38846	38845
45189	1106401
25702	1118848
39127	75972
4335	1136397
563613	31927
190698	190697
153063	561610
39130	39131
6209	8875
28350	628668
35	259702
118259	230300
693143	695284
648112	1131421
14090	643069
16437	16474
124224	6898
86359	1152740
162664	510718
20601	12247
59798	96335
35	265203
28485	23258
28957	189577
12350	4804
85352	1154459
37483	2440
6213	6215
133563	1120049
3097	1952
179702	424540
14429	1103969
12182	28641
672070	672071
7537	141171
27623	27632
126927	126920
23738	101811
40886	145215
5462	227286
17476	892139
6334	46431
3229	157401
24966	131042
1365	120084
592993	593105
38829	1116397
67415	51180
6213	17208
46547	1786
39890	294030
5062	521207
40605	633721
22835	39904
2440	591016
33895	82087
27243	59045
56112	127033
34257	87482
644577	1131305
52847	1153811
714289	189571
57119	28456
20180	943
28350	28227
13654	119686
7297	763010
20923	289885
6213	595056
35	634938
40151	1152448
28290	56709
644843	645016
2696	5869
103528	1107171
10169	259126
3229	1108834
27510	1152143
197452	424
6151	1130567
28254	686061
6163	28202
78511	735303
66805	82090
486840	595063
4335	239800
16437	395725
6385	28473
4335	35922
15429	77515
643239	126927
13652	13656
13885	42847
28487	95586
1237	1106112
3112	1949
653441	189774
46491	46547
38205	593060
6898	124224
3112	77829
94639	593813
503883	647447
12247	148399
20923	294030
35922	194223
101811	6935
10183	259772
578845	593240
31353	686532
31353	1123576
32083	31769
152731	23507
141324	503877
12631	1154103
910	340078
3233	509379
202639	672064
18777	116790
93273	989397
39890	653441
145384	7430
6213	28202
28287	1385
18536	86923
12576	28290
230879	696342
6334	444240
114	6155
887	334153
65074	74698
15429	219239
20179	95188
24476	1106546
89547	28471
287787	415693
12576	135130
67415	171954
17201	184157
3229	16461
8079	1103737
30817	3229
8079	39124
2665	1130676
230879	696345
2665	43639
642920	642930
910	5869
5064	385067
6184	399339
117	6214
23070	134316
8875	608292
641976	672071
35	38205
10183	6378
4330	299197
67415	1135746
49660	66594
2665	763009
35	35061
12576	127033
45189	976284
24966	671293
210871	575077
35061	263498
63931	136768
739280	746058
3112	110163
82920	576691
24966	1131267
17208	184157
20601	42207
43698	31349
3218	6639
6898	6910
1688	1131360
3192	642827
12350	12158
6214	27631
400356	66990
4804	12210
39890	3191
5055	167656
1999	39126
48766	595056
40886	1131728
575077	579008
6214	6184
127033	574710
6334	20850
58552	248395
6741	9708
38722	65650
35	66805
6767	69397
6209	118260
17798	1152308
12198	12199
28287	387795
4335	46468
108974	108963
162664	39165
10796	8699
13717	38000
87417	801170
213246	34263
593104	593942
6784	35797
288	36167
162664	531351
671269	1154123
38205	592975
133550	133566
6213	1106547
9515	9513
4584	1113739
10177	15429
6163	134128
12337	16470
6913	1135108
503883	646913
22563	389715
75695	1120059
94641	594387
56708	56709
62274	50381
6214	1126029
154023	154047
63915	6939
31483	39126
22229	22241
263482	1118302
74749	1113852
10169	636098
110162	110164
14807	264347
3232	20850
4329	28254
1717	50381
24966	92065
6913	1717
9716	6539
27203	148399
10435	112378
7419	1117760
6639	591017
8224	22431
15429	41666
14531	56167
14428	73119
23738	22563
108047	578645
672071	6130
1688	152483
35	640617
6213	12576
36162	1152307
6214	13960
10796	1135358
20602	12247
189566	90470
89547	45188
35	48766
24043	15076
3223	1153150
6213	1117942
35	54131
154047	154023
643221	16819
4804	12182
3231	1131471
3229	118559
259702	1131116
62274	94713
2702	395553
80656	13656
19621	330148
12337	57764
6814	293974
8224	11342
54129	578780
12199	12247
235683	235678
12182	28640
5069	5064
66556	66563
194609	563613
10183	1108267
216877	334153
1688	1136814
646900	1131360
6213	124064
20857	1155073
12350	67415
20178	64271
4804	976284
14062	141347
31479	114189
763009	1136447
248425	594387
95642	28447
137359	1153150
6334	200480
85352	593091
57119	1152676
14429	34082
31353	1129442
15429	57948
103515	1129778
35	12576
94641	116553
22386	207395
17798	323128
135130	416455
12350	6125
14529	1119987
8594	709113
3231	200480
240321	1132459
194609	215912
8224	49843
2665	99023
6213	7419
70970	593329
133550	140569
5600	33303
35	634902
126926	126909
46887	235776
34315	40125
633081	40605
2665	1131607
6814	37884
6151	6214
24966	79809
39199	66990
12337	16474
1272	157805
3231	8821
35	28851
3191	561364
22886	28447
523574	714289
50354	14807
189856	1129994
92589	39165
1365	157401
5055	129897
10531	31336
202639	40131
114	28287
193742	6152
107569	1120777
335042	289085
35863	28359
6898	78994
25791	45212
3231	46431
95594	95589
12195	12165
2658	578347
15984	189577
25702	910
4584	1130600
559804	714289
20602	95225
35	387795
35797	60170
5966	86840
6213	6214
117	32872
114	136665
63835	95586
3231	66594
28249	1129096
77438	1152633
20193	30973
40151	1132418
137359	1153101
31479	289885
2440	49811
633585	633721
59626	217115
230879	696346
57119	647408
143323	3084
73146	116790
6213	23774
6935	1106388
28350	1129243
23116	576257
633081	31489
35	503883
3112	77826
2654	197783
16008	3191
132806	593260
28447	1120444
75969	591017
17476	682666
3084	255233
14531	60682
648112	648106
46547	1118823
240321	447250
178209	116084
10183	1110947
51909	502574
12350	1104007
240791	503871
35	28290
910	48550
2665	696346
28287	128540
20602	1121537
18777	173863
14549	592830
91853	1116397
235679	689439
10798	20193
12350	157805
3232	1123068
2695	342802
12169	989397
12350	1107319
82920	1127913
645046	646334
25181	1154251
34979	1106418
1365	26850
4330	753265
10531	36620
75972	592830
3229	1103960
78557	78549
23738	84020
19621	123825
284023	119761
56112	1107674
235683	57773
887	134128
2665	578306
15429	12350
12210	12182
20924	521207
22386	3932
57119	595056
143323	154134
13136	160705
66794	1105505
68224	1128425
94639	593105
194617	215912
5462	910
119761	284025
11339	44017
195792	19045
29492	29708
13658	13656
6913	4330
22563	1120962
12182	321861
19621	684372
575077	594649
59798	1152673
578646	1128319
38537	137868
8617	52784
210871	887
27627	27632
117328	91852
6163	1113739
56709	308529
210872	593260
65074	65057
54129	17477
189856	683404
19045	593329
20193	91853
39127	3231
3235	65653
6213	434
51866	22883
128	39403
22563	22566
643239	16819
44455	41714
182094	650814
646809	646913
57922	57948
85352	1153943
28287	56709
4584	6213
910	58552
66563	96845
20924	1113934
82920	81714
19697	40124
235683	235670
32083	200630
235679	235670
58268	137956
1959	38839
423816	48781
6213	1120020
648121	648106
85299	299197
35	175291
233106	630890
7297	763181
25702	1136397
6214	38480
8594	58268
643221	645897
10183	10430
6818	50337
24966	40124
162664	531348
35778	519318
56115	1107674
6910	263553
12182	155736
40151	671293
194223	390922
100197	447250
28957	88356
523010	1140543
73146	35778
103482	1128990
73162	653441
112378	1131728
19621	1135082
27530	592826
12198	95225
35	593240
27623	686061
75969	1128935
940	28265
19621	1114153
210871	35
8079	154982
8594	1213
56112	56119
40886	141868
16008	308920
4584	976334
57119	606647
263498	1153860
35778	1108389
32276	174418
27627	23116
32083	1120962
504	506
159897	683355
25181	27174
66564	593942
56115	127033
4649	135766
58758	1688
86923	18532
31353	194617
116528	25772
714289	559804
28957	94713
166989	25805
6125	12211
8224	49847
94639	593942
35	594047
95188	1116410
56709	416455
141342	40
3231	8699
34257	34263
10531	31353
6925	57922
3085	221302
19621	184918
175548	689152
2440	72908
59798	180373
3192	129896
6767	6925
19621	628888
74937	74921
128	20526
210871	198653
82920	513189
3231	6334
57119	592975
3229	82098
20601	20602
3085	5062
1272	112378
14430	73119
4330	12946
593104	593921
230879	230884
887	17476
8224	22563
178718	69296
756061	1136446
46079	69284
263553	6910
12182	12165
22431	144330
12182	429781
28957	1105531
73162	189774
4584	6155
4330	11093
3828	310530
503883	1153577
105856	289085
15984	714975
591016	591017
1365	83826
134199	164885
1365	22835
3095	83449
1365	7276
23070	74698
35	573964
9708	136766
6214	6196
39127	592830
41714	190697
3218	6767
36162	197452
77438	1153262
240321	69392
10798	18619
39165	39126
263482	263486
124952	1126012
34257	1153003
39127	277263
675756	675649
114	38480
12576	56709
77758	424
35	576725
6213	6224
8224	263279
389715	107252
64271	73327
936	3084
504	89416
6213	6155
16471	16474
72908	93923
5348	2695
16437	430329
8617	36145
12182	28632
58758	576973
1997	3233
10169	3231
14430	34082
36145	52784
12198	12158
75695	139547
73327	1153728
23507	23502
8594	1154525
33231	300071
231198	144408
6213	153598
910	34355
114	28387
643221	646286
5348	342802
2702	12330
4330	1114352
67633	55801
8224	368431
22563	6771
626531	626574
147870	636500
2665	578309
85352	152483
12638	662416
78557	33818
202639	144408
20602	12199
16437	16470
54129	117315
6214	6155
8874	647447
20193	566653
240321	1136397
63486	96845
17476	170338
6184	13686
3240	964248
43186	152731
12210	57948
35	1956
210872	273152
561809	562067
93555	284025
10796	601567
8874	608292
263069	148341
99023	578347
33895	1153577
148170	1128997
6818	390896
3231	263279
13213	131318
51879	51866
6184	27631
117	28278
10177	27606
19045	593328
6334	68463
5086	423463
10981	23507
25181	25184
4330	1110438
101263	28456
608190	70970
35	577227
284025	949217
87417	289780
100935	1134865
71904	95718
35061	22229
189774	714879
18834	18833
19621	7276
166825	1118388
36620	120039
32276	39199
13885	13917
35	335733
42221	42209
18777	33013
3220	346243
61069	28456
521183	521207
74821	1131149
3233	192850
1688	84021
6213	6210
12631	1152150
10169	39126
97390	33907
52000	52007
941	28265
78557	78511
135766	449841
66990	39210
16008	523394
64519	63835
521183	521251
853114	853116
51049	51045
4584	13885
642894	646334
576257	594649
24966	19697
8224	23738
18770	531348
118873	987188
132806	48766
62329	593155
6151	6155
346292	284023
14062	1152421
28491	782486
4584	13917
35	86359
194609	1129572
6385	17476
54131	59715
16819	643003
12330	400356
3220	654177
34961	31043
2440	1119295
6214	345340
134219	503893
684986	684972
18781	86840
240321	428610
49482	7297
13686	1272
13686	1120431
628500	188471
4584	36167
910	576257
36145	1105672
2654	1116842
36802	37888
11342	65650
503893	646837
114	91975
42221	27199
29492	3229
49843	49844
85352	1152421
35061	144701
145215	654177
171954	1135750
8594	8591
6213	299195
4330	1109439
7532	314459
1272	30895
16485	286500
8703	353541
28957	66794
74975	3932
12350	68495
575077	608190
35	197054
2658	282700
40151	288
6311	1115677
4804	157761
8703	1102751
887	6215
35797	188318
52515	39199
85352	640617
561789	562067
654326	654339
28487	206259
22886	1120444
33412	211875
108983	310653
35	84021
6910	169279
5194	133566
30895	144679
6385	6378
2653	321861
22229	144701
8581	1132968
300806	396412
155738	157761
3097	129045
166989	1121063
24974	40125
6935	101660
643239	643221
9581	633585
16485	1123087
714260	714879
654339	654326
28287	1107355
210871	59715
6343	521252
733534	948147
910	1140040
10798	97892
114	55968
36140	27249
853115	853155
12182	4660
10796	20942
35490	64271
523574	523394
70444	128383
287787	634904
24966	1105433
160732	75969
887	19045
148341	1131116
2698	256106
17476	28456
1272	1135125
108047	1128319
39890	521855
3191	129896
6923	93923
195792	593210
6130	675847
248425	592975
10531	1130634
5600	77826
28290	63832
82920	307015
763010	1136447
82920	35
12350	1131611
78557	9586
5600	255233
4584	193742
35778	1125469
89547	6771
910	12439
1952	1949
175256	682815
130	39403
23258	168410
14428	14431
3095	218682
6216	976334
42221	57948
219446	1127812
35797	1050679
19697	239800
12195	51180
35922	1152904
54131	66563
108974	66794
44455	128540
27895	112378
6213	672064
8224	49844
135766	6917
144701	22229
36140	63915
22229	459216
13212	13208
64271	38829
135464	120084
10435	41417
32083	6771
10796	1153148
141342	608191
19621	83826
22563	1123926
27623	28254
4330	46468
5062	5069
13212	131318
20923	20924
45533	87482
56708	308529
32083	45605
8872	229635
28447	194645
2440	136768
15984	308920
513189	573964
753047	767763
4330	328370
56112	56115
3192	561364
1365	188471
35	82098
103515	1127913
230879	851968
22241	595193
8703	51909
696345	2658
22563	94229
20601	95225
35	116552
27627	18619
6767	6334
1997	7032
116545	246618
62329	251756
12197	68495
28851	578669
35	647447
17208	32872
6213	1111304
33301	33303
66990	1152490
56115	69284
44455	227178
672070	1154124
4584	124064
12631	12638
50337	396412
28350	241133
27612	12198
116081	277263
23070	134307
575292	1138968
10169	17798
46501	57764
300806	29723
1365	237521
35	41714
1272	6923
198653	1152896
103515	575402
28649	155738
10177	249858
643221	644448
4584	782486
85324	628751
643221	1131312
56119	63832
13885	31043
54131	593942
3220	8832
5966	8699
6213	1111052
123825	649739
79809	91581
36802	189856
6913	1116336
20602	12155
51879	22883
35	576795
910	35905
6741	83725
2698	342802
936	38845
467383	116553
12210	4804
45189	272720
6814	445938
116084	568045
93555	143801
643239	1131334
3229	133550
38722	51180
97390	98693
189571	189572
73327	1153166
8079	27250
44455	568857
210871	273152
10798	252715
5348	1123239
35	135130
153063	561581
714289	714208
34708	120039
3097	3101
8224	6311
7272	7276
56167	239810
75695	911198
136767	348437
34257	192870
63915	6935
714256	189572
4330	32688
642894	1131236
5959	582511
14430	1119216
175256	1133196
12350	16451
762980	1136447
35	78511
28254	686015
78555	78557
33907	593813
141160	133553
74427	368605
14430	14431
144408	3229
35	132806
7532	80515
35922	1152162
6935	308003
35922	50337
54131	141324
27535	34961
6213	38480
82920	573978
6213	1385
12197	1119471
65074	134307
2354	40151
6213	1108329
2665	1132948
14062	98693
29492	144408
251756	195792
5086	79809
6196	976334
6343	200480
153063	561568
6784	562123
35	887
79809	358866
31336	31349
70281	1106630
36162	1152448
35922	1152272
3231	3237
22564	1103394
77438	293974
145384	95589
35	46079
12631	6898
56709	28287
33231	158172
246618	116553
887	6213
19697	32698
16008	189571
69198	8581
6214	628500
6767	235776
28412	27631
36131	77438
5086	3191
642894	643239
28227	6169
38537	646195
13212	358884
12182	1118764
4584	168410
83847	1117501
41714	182094
35	575077
56115	63832
24966	63549
133615	1153866
5086	561364
24966	1106370
31353	1107567
2653	4660
6913	431206
10531	31349
114	39403
608326	1131611
3243	30895
30895	1152673
189571	521855
579008	248425
10798	8703
1688	694759
15889	15892
85299	575292
39890	189571
28487	128
103430	75318
626530	626574
6213	55968
594047	650834
3236	3237
3097	1949
10798	10796
27530	66594
46491	1120169
5348	1114192
6814	158172
28290	28287
28385	1125895
189655	714260
12210	6125
96851	96847
98693	575331
32083	346292
2658	395540
33231	1121254
6910	431206
35	735303
33895	593813
35	486840
6209	168410
36620	189620
230879	578309
50838	25794
12238	12165
5348	1120197
12182	65650
6213	6184
12350	27612
193347	1131719
1365	1135137
46491	107252
174418	636511
103543	126927
4804	164
35922	66982
649731	123825
61069	1153816
75969	592830
6385	55968
887	64519
17208	1153262
56115	1129573
32260	94713
20602	20601
575077	94641
6163	96847
83449	22874
114	23258
14429	14431
15889	175909
114	64484
74698	23070
23738	27249
8703	434
54131	243483
943	91852
231198	1153922
7532	7537
46491	308232
75969	1153811
562940	61417
58758	33895
116545	116553
12330	156977
6917	449841
77438	158172
16476	12359
45605	503871
6213	28485
10177	68505
1956	1817
230879	1132948
28542	206259
3828	207395
25702	202639
108962	1095507
20534	7419
18777	94713
3223	167656
28957	159897
6213	1113614
24966	1105344
427606	1138968
117	341188
114	193742
133567	133566
35	44368
642894	646357
5086	440815
6311	69397
27174	35343
27606	249858
25702	147870
22875	22876
576973	58758
2440	151430
6775	350319
1272	65653
12238	1112099
12576	575795
135464	8581
46452	582343
66751	573535
12576	56112
16476	1129621
72908	6923
6213	193742
6216	96847
57119	1153942
5086	354004
227178	593240
45533	34266
4330	35797
39127	116081
4329	46468
4584	6196
54132	578780
3233	1114222
2665	582139
85352	682815
20178	91853
35	198443
17798	3231
444191	6910
162075	162080
58758	69284
1959	207395
20534	1111052
23069	74700
763010	1136449
2440	6923
8872	8875
6818	37884
116545	578645
2702	72056
12330	395553
37888	1152633
4584	188471
910	28278
38722	1135746
15889	1152564
37483	5959
6213	20534
16485	1105603
31489	227286
1272	520471
11335	1153264
137790	74749
35	69296
40151	1152307
230884	1132486
129042	129045
208345	55801
11335	49843
10798	601561
27895	1786
8224	65653
248395	58552
6818	293974
53942	56167
178209	568045
3231	1125386
36140	46500
22563	12439
3192	3191
11148	193354
24974	34315
28957	35922
523574	653441
89547	91975
37483	63931
3229	48550
33231	293974
178209	195150
2658	99023
5055	1119751
35797	60169
592973	592986
22431	49844
195792	682815
75674	686015
89308	103528
91853	20178
137849	17242
2440	23546
7419	1109581
2665	1115375
9586	33818
3229	49482
50336	35922
10177	12197
6818	1128425
8703	27535
31769	67246
35	646809
45189	192734
4335	95718
12576	1129573
6213	1107455
45533	1115456
17811	63486
1365	436796
10796	93320
12210	67415
137790	2354
35	198653
6818	1121254
8079	192850
255628	1140543
4330	1136397
10169	63477
205192	578337
141342	78511
162080	739707
2698	99025
12337	395725
35	592973
15429	1114526
41417	128383
108047	1153853
561613	561568
7537	1153097
85352	561238
578650	1153853
887	170798
287787	634902
73162	714748
612306	193347
230884	1135899
395553	684972
3240	39130
15987	653441
1365	7297
39127	116084
4330	151708
73146	18774
75121	1106388
85352	1153280
910	42847
32276	636511
330148	23502
910	242637
235679	57773
4804	45189
84021	415693
578650	578649
20528	1107067
753047	753070
78555	33818
22386	38839
714256	714260
262178	85449
124952	1123756
12195	1107567
573964	787016
35335	59772
1272	85452
23258	18251
210871	81714
81350	892139
64519	37483
6169	7419
6213	293271
643221	1131335
39131	6334
28230	1123756
137790	128203
15429	9513
37541	260979
31489	9581
4330	1103737
35797	399370
5062	5064
910	13136
35	574009
29723	300071
49811	463825
73162	521855
45052	27250
28350	628667
6343	141868
12182	219239
5966	1106388
1365	188318
3236	167670
503877	1153577
174425	636511
45188	45189
18777	73146
31489	40605
12195	1112099
137790	1113852
133615	55403
57119	593060
99023	578309
31479	14549
48781	397488
126920	126927
137868	642827
3220	145215
18832	81350
46547	389715
643221	126927
218410	134128
37888	293974
24974	131042
10169	63486
6213	6163
35922	50336
39890	559804
19621	649730
65074	87915
27174	25184
645046	646357
10169	158614
3220	36620
82920	259702
14545	14549
646809	1154076
3217	167670
77758	180373
205196	628751
45605	682815
110041	287787
63931	6939
20602	42207
643221	642894
2695	2698
561674	561581
24966	1152194
41714	190706
22563	6767
6169	20526
633081	632874
9708	181782
576362	286500
35	8865
74975	38846
27895	1103676
10169	49660
642681	644334
6213	195361
184918	330148
123825	23448
56119	1105221
41714	197054
169279	1154103
6214	28278
28412	6217
1365	90888
77829	470511
82666	1106236
1365	330148
35797	1116629
51049	39890
85449	1152290
714256	714748
28350	1113459
370366	641956
941	20180
6184	1105718
82920	1153280
12350	20602
97645	593091
575795	595063
8224	62389
906	34355
4584	1128839
287787	503883
28254	1118092
123556	14807
2665	395540
626530	626531
10169	552469
27631	28254
307015	39474
15429	10177
4804	25805
28489	6210
887	35490
143323	84021
22563	3220
32688	69418
33823	78557
8581	2665
67415	38722
6125	27612
117	28471
645870	644494
254923	444240
642894	643485
90888	340075
6216	1116347
230879	696343
3243	350362
25181	1152673
2440	6917
77826	470511
198653	3084
16819	643221
89416	1153024
20601	12158
6213	6220
714256	1154233
39126	88356
28350	95579
35	85352
15889	1153891
261040	1117184
94641	62634
12439	323128
6213	1103315
1955	1125386
134199	447224
42156	340299
118873	1115959
24966	27627
56119	127033
642894	645870
38722	5038
35	66556
4649	8703
126927	644093
573964	576691
39130	521252
6213	28471
39131	1131728
54131	459214
35	287787
84021	18582
34257	90655
1272	254923
114	130
6913	428610
58454	87417
6898	431206
198866	73327
13658	987188
156977	1153861
189655	714748
4335	1717
2440	49847
134316	142268
73162	559804
89547	1132385
3231	180399
70444	1108329
10798	212777
73162	519353
85688	8224
17476	1105033
4330	395553
54129	28336
75121	22431
46887	6311
142268	1117920
8224	1110426
219446	567018
645088	645084
33818	78557
70444	70442
39165	118682
578646	1153899
7532	141171
6213	28278
103515	459214
230879	205192
643239	644093
3218	187354
35490	95188
3243	31932
92589	173884
643221	643485
20601	124734
4335	390889
28504	7430
1365	77758
263553	662416
103515	1128314
3229	25181
642681	1131236
69198	411005
73327	1153724
195792	377303
644494	644470
1688	39474
12198	27612
25805	385251
27631	55968
58268	899119
37888	1125469
28249	628668
20584	6311
22229	190697
87915	23070
6163	130
33818	1123087
10169	20850
671269	1132461
6910	662416
738941	162080
4330	1108834
287787	634938
126912	66990
82920	1152358
578845	593560
28350	13193
6214	1109199
32083	35061
193931	193932
20584	389715
6214	188471
3243	30901
395725	1153933
59798	30895
97377	3240
51879	51909
94639	62634
6213	1107355
35	427606
78994	662572
284023	346292
2658	751408
6213	91975
36162	1153703
27535	13686
3231	636098
39890	51045
31479	294030
8875	18582
853115	853114
230879	236759
70520	36167
108047	578649
5348	75695
264556	335042
35863	20972
153063	645084
3231	39124
44017	206524
8865	8875
579008	594387
1272	52835
8821	1153811
2696	342802
270600	1153003
10435	208345
853115	853116
910	67292
31489	632874
38537	153063
936	3828
36145	1116268
3229	33412
189620	1133417
40	116552
14062	97390
1959	1153728
141342	70970
8591	709113
6184	1136422
119686	987188
643221	644577
4584	6210
6213	20526
117328	38829
28649	155736
210872	606479
5966	1114502
94229	1123087
2440	27230
5348	1120858
8591	137956
153063	440815
40135	13686
35	210871
16819	126793
39890	714289
27543	1135125
6213	1106966
227178	1128985
107251	389715
7032	137873
5064	5069
7047	54844
3192	423463
16008	189572
6784	560936
73323	28447
14428	34082
22431	49843
134128	1113614
54131	578780
79809	11342
31863	91581
35	608326
2654	52784
578337	236759
123825	447250
12350	20601
3217	238099
1365	562123
2665	1130808
74749	2354
31489	633721
17208	95435
20526	1118092
8617	12359
6196	58540
20584	20593
579008	1128978
3220	167670
20602	12158
112378	145215
66556	593859
6224	345340
235678	235679
65212	23116
936	1956
3828	1956
46491	137380
154047	1133846
11335	217139
7047	14549
93555	119761
2696	5348
240321	675649
240321	1154123
6220	6163
287787	647447
2653	175291
36140	22563
35922	396412
2665	696345
74427	87482
573553	171954
117328	95188
85688	8703
642621	16819
24966	202639
642894	642798
89547	976284
56167	359067
22563	22564
10183	47570
103531	656048
24966	23116
84020	1106492
193347	612306
12439	340078
35	1688
646900	646913
24974	6771
4649	6917
10531	194617
6639	178209
77758	613409
1959	310530
1481	13960
4330	137873
6898	12631
6334	1116268
194617	31932
56112	83725
33823	78549
503883	1154076
241821	159085
3187	280876
54129	593022
62329	195792
114	28227
205192	99030
77758	25772
202639	1123087
65074	23070
503883	577331
6214	6378
108983	159897
575077	593544
39199	66982
24966	145134
3229	52515
6125	28641
154982	1130931
232606	232605
192870	1114398
23502	23507
38537	642847
156977	390889
100197	688361
648112	648121
49843	49847
22564	22566
29723	35905
27535	308232
22229	243483
156977	395547
45188	192734
7047	212930
2440	1108551
15987	3192
12638	119761
34263	87482
641956	1131150
27249	8079
11335	545647
3233	272720
54132	62634
7419	1113182
90470	1129994
22563	36140
11335	20833
2440	18615
307015	335733
44455	387795
38205	117316
103482	27510
235679	235678
77758	294030
77758	1131745
74700	23069
2665	2658
15429	217115
83725	56119
1952	1111899
56115	56119
143323	217139
3231	167670
114	58540
66751	693143
89416	506
19621	1126044
1997	49811
178209	75972
4335	116790
25702	675649
40124	1112723
73327	1106236
594011	593942
2696	256106
4804	77515
102939	143676
287787	634975
887	12576
77438	37888
35797	1110998
142268	134316
341188	682666
7537	7532
133563	133566
8617	175291
227178	96847
2653	6125
61069	975567
210871	568857
35	178727
12576	229635
51049	242663
77758	910
108047	28336
6741	417017
36802	130
66990	390889
641976	672070
10183	54550
54131	459213
51866	34961
30895	30901
27543	27531
13658	1120431
39890	149669
39890	523394
19231	30934
82920	84021
116528	3237
25772	641956
6213	1116347
2665	230884
39130	36620
25184	385572
3229	654326
1688	69284
643695	643597
4584	132806
12182	12211
36131	17208
31353	31336
1272	93923
126927	646286
23116	40124
94639	593859
78511	9586
77438	589923
3232	66594
6151	193742
1365	649731
28265	943
34708	211432
579008	593921
29492	131117
61417	212777
31927	31932
573553	820662