1475	1107
998	1125
1197	390
413	1053
2138	2163
299	833
766	836
816	895
620	618
812	301
934	783
379	904
407	915
2384	2037
1309	750
1384	1386
251	138
1258	1257
1211	1627
1559	406
1746	1494
791	1054
2462	2238
2284	2206
401	15
2339	2360
1467	1061
1659	1752
1819	1818
1078	687
1354	339
1627	526
221	83
1859	400
520	518
841	484
1832	1275
1931	877
583	747
162	159
1817	1823
2245	2253
1035	1031
263	260
1985	2038
86	84
68	1542
1432	1431
1605	1648
1645	1449
1199	157
1953	1143
126	268
2121	2375
132	318
2381	2342
2142	1796
388	1594
1353	77
139	387
323	263
66	65
973	204
1009	1007
348	347
2022	2135
1448	1447
111	1354
2131	2231
2194	2220
1807	606
327	131
1069	18
1334	1043
2364	2501
132	302
691	819
1558	614
303	651
236	233
409	967
585	928
201	241
2179	2323
487	491
21	1576
1042	1043
654	1451
2474	2183
471	531
806	802
2287	2264
2095	2222
2040	2105
150	207
1069	436
1827	72
1449	1147
788	370
1767	1024
2090	2049
2304	2381
2327	2055
2260	2264
1372	588
518	521
1468	645
1344	357
142	1761
144	1278
688	691
2004	2005
2091	2093
1298	598
1497	526
998	189
431	10
1743	117
387	1287
590	864
442	1221
1012	1013
134	1060
570	1552
673	131
2236	2008
1923	88
719	1201
1917	1320
712	714
2199	2197
145	1323
2150	2105
741	1011
2263	2075
1203	1204
1107	1475
1507	101
2401	2386
1233	1234
2449	2035
464	463
1407	1603
2055	2235
269	959
267	600
650	659
642	647
32	30
68	72
1170	979
1210	1622
2434	2041
381	259
323	251
417	173
650	651
965	514
1392	1310
709	382
1188	583
932	196
174	703
346	348
1879	1496
512	573
156	165
160	1219
100	779
2513	2218
2534	2287
2415	2094
2088	2234
1134	969
1358	867
1250	1913
1284	1025
1889	1179
1004	682
88	95
299	620
814	1065
2128	2091
267	596
2159	1507
370	382
1230	927
854	271
209	210
717	394
2435	2012
606	217
632	655
1161	621
836	1125
1494	694
230	234
1632	188
1436	1014
2118	2120
195	196
929	930
165	1256
1585	361
327	673
2052	2093
1303	906
2501	1934
371	369
1004	1217
2340	2294
1987	2009
339	860
249	250
2016	1985
659	829
262	826
709	727
782	881
66	790
2219	2091
2179	1957
1985	2288
1038	2084
666	664
12	620
71	70
230	237
1342	586
1501	1178
321	577
424	762
1660	1589
805	1364
2052	2219
1869	1660
1215	1016
1692	506
2315	795
635	1217
641	640
1321	1511
137	141
387	384
1992	2068
2134	2328
1451	1659
522	102
2521	2399
1062	2184
1613	299
1791	288
2206	2315
2219	2128
1131	2357
687	792
789	997
1478	1508
704	702
1596	1598
1992	331
753	1343
1293	368
1266	383
682	276
1117	985
1386	160
1497	1499
2367	1898
364	1515
185	189
2303	2335
1411	1529
2018	2114
2071	2528
1591	1634
1175	473
1814	1341
1065	549
1064	438
1075	493
2239	794
1663	1149
1516	378
979	1169
669	668
802	804
600	790
968	66
224	734
960	598
1953	1569
1656	2346
579	243
708	1171
566	1033
1476	1445
1155	675
1059	1058
2062	999
340	727
238	242
303	691
479	1298
55	62
2201	2195
1855	1167
1718	963
1312	1042
2078	2077
1839	323
663	1053
197	194
561	1043
573	1579
2441	2134
1749	1463
658	1019
1225	1601
150	33
510	16
795	2151
1567	1569
1233	115
1317	1841
1447	656
1172	593
967	587
2288	2336
80	87
1684	995
888	102
1241	1243
1115	1457
1033	1786
1863	37
1975	731
734	822
218	168
725	1238
1083	237
346	1520
1478	138
72	790
986	1457
2050	2101
763	50
831	337
1067	580
2246	1997
2311	2159
2209	2423
2269	2038
1265	1774
464	308
1434	345
906	1336
1080	51
309	488
1987	2035
1273	1272
659	218
1626	201
1589	1588
1285	1000
1767	1440
2235	2038
2201	2078
1139	884
473	474
72	71
1782	82
2190	2179
1786	1482
557	560
985	604
1162	1297
783	438
2343	2038
1243	952
1459	926
1440	576
508	510
938	941
2076	1943
366	690
513	273
2027	2399
389	1594
754	1333
1808	817
2151	2040
61	462
2003	1604
2332	1907
2495	488
1198	1020
1455	1342
604	147
2151	2234
1362	889
1116	1097
2260	2032
1886	2146
1452	241
2438	953
673	305
1305	823
561	1354
1446	345
135	128
1957	2391
265	260
2029	2034
1071	743
2425	1091
354	347
1254	203
1096	1017
80	83
1613	1294
264	263
1512	1513
2323	2302
866	788
230	232
795	2040
2166	2164
2418	2419
697	694
2089	2282
230	55
2218	2233
1211	585
2314	1063
1229	1102
1459	1101
455	458
1179	202
1333	420
1160	787
1230	1497
1417	127
214	220
2339	2232
994	1113
667	929
1953	287
2028	2181
1048	1866
995	268
1267	846
818	456
131	129
1017	1016
465	1399
284	952
1955	2147
2294	2295
1397	596
977	691
1263	879
1695	1319
1733	1734
731	646
2371	2324
2365	2460
1484	1122
2121	1734
572	1174
1137	1409
175	182
130	129
725	1162
761	760
1806	1432
1296	671
2326	2001
2026	757
1026	202
1382	621
576	493
1800	26
759	1516
146	69
241	320
1857	563
800	427
2173	2180
1766	531
830	1449
1183	38
2358	2355
569	1135
322	580
933	2072
2078	2001
693	1170
1065	509
2344	2018
1287	1053
563	436
1092	2095
2393	2396
1324	1042
2308	2307
2099	2100
1591	717
1399	1153
1750	1489
280	278
1153	463
1704	1355
904	135
2004	1998
607	575
335	331
1944	2408
617	621
1205	978
87	84
1829	1310
746	1192
2192	1907
2154	2378
2068	2067
859	1052
1880	1598
817	395
2162	2241
2400	389
88	93
338	1332
1896	1378
181	175
2274	2038
1337	1088
2306	2424
344	16
2414	2001
1782	734
1786	714
1627	1211
9	2145
1362	805
889	115
1567	1568
1105	1108
423	388
1017	1238
271	270
848	847
1351	645
2350	2351
2167	1936
513	707
938	410
1807	835
1957	933
1480	671
2235	2107
324	131
2009	2003
2154	2382
2283	1063
1733	1049
1800	694
645	1277
1482	353
204	1659
1817	786
1033	1031
1357	244
676	560
2080	2514
1078	1405
1415	158
1356	1525
1703	1636
1339	1229
1276	1769
828	1048
371	788
566	1035
2290	2206
1772	1228
1551	570
1371	2010
1535	1446
1541	352
1071	1452
497	501
1332	1334
418	334
2528	2142
655	884
2511	1939
1173	1278
2225	1943
731	494
1434	162
1987	2162
2275	2032
588	1372
1767	1441
1699	1175
2420	2144
480	483
2426	2061
1768	403
906	1337
1445	1128
2320	2159
2362	2268
174	1725
978	976
2289	2288
1842	502
2058	2054
955	1579
1798	648
2280	2279
1879	255
1799	742
215	734
2162	2160
584	1176
2103	2101
1794	855
196	195
285	390
1913	1210
440	943
2225	2129
1564	1258
1025	758
2060	1460
1945	1944
1028	1696
1876	1018
2377	1322
1317	1953
473	475
1880	639
514	882
521	1074
477	473
1375	171
1368	1589
1159	1404
185	187
866	867
1652	1906
55	623
1637	690
2418	2120
577	208
1791	1792
2400	2337
107	42
1946	974
223	59
1448	438
807	548
1750	766
1262	879
2281	2078
523	524
909	917
1663	1610
1184	645
57	473
1104	1357
2098	2083
2045	2043
290	288
1111	449
851	997
2193	2293
1929	1311
1087	479
631	635
1752	806
381	256
70	925
792	1095
1055	739
710	131
1032	50
2514	2080
279	1039
729	1012
1647	589
1992	2060
2059	2062
1046	1270
256	344
2327	2037
958	212
1837	2012
1478	124
1653	140
1965	2302
626	623
1199	322
2167	1604
1943	741
2128	2219
2462	2062
1819	1897
2209	2431
482	95
849	1276
1138	777
445	217
452	457
2229	2173
1596	211
1594	388
238	239
689	353
859	42
65	63
1138	591
1023	1609
2032	2258
2239	2236
2366	2140
192	665
1438	1318
294	76
32	1656
2189	2186
1874	1873
719	729
29	31
2315	2256
792	66
673	302
2321	2266
1613	810
649	653
1817	826
1982	2194
1978	490
321	1022
1822	140
43	282
379	290
1955	2084
931	687
1018	1823
703	843
258	1565
2118	1929
1212	356
535	1467
1491	836
2365	2015
1810	1811
383	35
2435	1038
1911	2169
2143	2139
2247	2439
395	405
698	92
2057	2054
323	253
1393	26
295	546
1189	235
876	1059
1514	476
1372	965
215	505
268	294
1189	969
274	352
566	105
257	604
357	1344
1883	90
1243	1273
2218	1163
1489	851
1064	250
685	980
2366	1886
477	1028
483	501
2109	2294
2304	1957
2347	2114
138	250
2217	2216
2309	2127
2085	2151
1247	869
255	1094
135	212
1484	1738
2190	2189
1245	1108
2029	2031
2046	2027
999	1382
237	66
1633	1021
1287	389
1016	1026
1509	1188
740	835
52	220
2017	2037
510	508
1584	1582
1629	157
592	864
2518	1444
686	743
200	291
85	223
2037	2013
1262	1888
280	1004
602	1297
2323	2196
857	233
1477	1481
242	165
2130	2132
1053	1287
1377	609
2345	2010
311	140
2135	2459
1171	202
263	483
2247	2030
2451	2133
2538	2357
335	337
2352	1400
1038	2148
505	734
2206	2284
2370	2308
527	1459
1045	1951
2250	2044
1221	1077
1516	757
2089	2148
2273	2274
618	1182
165	1449
1508	1646
1628	1627
2468	2055
1697	1498
2349	2482
1252	840
2154	2027
597	740
659	225
1189	1190
2456	1443
2205	2177
892	895
791	1084
1124	78
2150	2106
2386	1934
1028	1024
2284	2185
238	244
534	535
625	626
1967	687
1368	466
817	818
123	1287
1194	222
1987	1400
561	1391
1955	2104
2284	2287
1633	1019
1077	442
792	1124
1251	1252
1642	1680
213	210
76	78
996	909
224	660
1186	483
1829	111
2126	2061
835	987
2014	2013
2279	2280
2523	2455
188	1108
736	79
336	1213
766	868
53	11
69	1736
679	790
1397	835
914	765
2124	2126
1036	957
1035	14
266	268
2339	2406
1393	178
665	1731
842	1515
638	637
2387	1939
1061	792
1418	1567
1639	1340
2302	2107
400	43
199	204
1015	1016
1723	886
597	341
369	866
987	607
1339	1293
2422	2256
805	701
339	1457
395	1579
2489	2205
1543	1126
511	515
2181	2183
486	490
886	1765
2011	1955
8	1233
1844	1543
751	1056
133	963
550	1157
1049	1881
1942	1934
2500	356
1649	1619
1788	85
401	403
1098	132
487	486
1468	1200
335	338
1026	1817
1955	1038
57	1510
1426	950
1046	1045
2523	2369
886	1658
2372	2039
161	593
440	578
1989	1832
2355	2357
2059	1952
948	951
225	223
2314	795
1500	991
1312	604
148	132
697	805
1581	7
688	690
243	320
522	417
2292	1092
2365	2283
737	739
465	463
1410	336
1344	436
72	924
981	948
804	1233
1609	97
220	1803
720	308
1005	901
998	992
193	196
1225	566
1359	1674
2080	2173
1296	131
2082	2292
2149	2038
2089	2084
1749	800
1104	619
2439	1950
639	641
1856	993
55	625
424	507
1830	2075
2128	2095
1252	583
446	381
1699	158
812	302
953	328
2278	2017
1672	1477
1541	184
1996	265
763	1069
574	1039
2420	2402
859	347
995	1317
1567	402
705	706
1543	1544
410	707
129	303
1059	876
1407	1566
1279	94
1743	120
1136	1140
685	680
810	1196
1091	2093
2491	2179
1490	1489
1275	659
177	176
2449	2450
1980	1790
575	432
2067	2091
2408	2512
985	1095
2057	2055
2447	2121
896	909
258	1333
1026	845
924	189
765	922
2065	2032
2081	2098
63	68
19	20
141	1277
1889	1752
2481	1297
1489	998
1916	963
1026	57
1708	1276
1494	1493
2039	2256
1156	359
2429	2249
751	294
1360	378
1550	1549
2260	2263
688	302
1216	468
976	1204
1028	477
190	194
1446	609
1868	1621
2025	2023
1686	1635
2264	2287
144	1409
725	296
565	1420
1175	474
2127	2128
2415	2222
2230	1050
2385	726
927	1230
1321	1640
680	686
2354	2171
1164	833
1449	1645
1445	1475
1675	1345
987	835
2267	2233
13	14
1668	296
907	123
1769	762
1078	960
580	938
1316	1801
80	85
78	1124
2147	2148
1639	404
300	535
2361	2083
215	231
705	206
1436	1437
1153	286
1270	497
941	208
1096	298
1288	728
2514	2488
2011	1934
2080	2176
289	203
1341	1719
1094	1051
1819	33
2185	2233
2323	2455
796	798
372	375
224	1200
70	662
1857	1850
1969	2027
748	123
1859	1609
2164	1958
255	450
421	814
155	742
1239	1012
1287	1594
1188	840
958	127
1413	1414
919	1025
3	0
1954	2271
1073	1449
2298	2008
911	453
596	67
1103	1107
909	192
412	1190
136	1035
2086	1092
2344	2102
1022	321
761	319
1854	1061
1369	769
1916	1334
2050	2454
2088	2105
833	1748
153	1757
476	584
2417	2282
1693	1278
2098	2096
1138	4
884	1415
1224	589
793	2125
1982	2386
1347	1210
511	287
1761	1505
2061	2091
71	67
2398	1492
1044	1337
628	627
1001	1698
2221	1936
1459	972
1770	1954
84	83
1088	999
818	124
202	671
1885	531
935	934
2231	2221
288	203
78	317
793	2126
20	915
2370	2313
707	520
2238	1810
1132	1
1315	1770
1388	141
1609	144
1417	1289
805	1741
2010	2134
447	454
776	1198
679	604
106	1
246	855
1322	2169
1466	2289
2168	166
102	743
216	1000
1084	155
726	71
2090	2151
2429	2149
283	43
1883	1275
2143	2470
1750	600
1012	1018
2268	2373
2248	2249
274	1971
1184	1500
274	1725
1213	1640
1272	1273
1060	134
1989	99
1353	991
2060	1755
2274	2084
1592	1540
2535	2479
543	268
1807	678
1136	1138
197	331
104	267
331	20
918	20
519	579
370	371
1651	947
198	143
51	49
1713	1821
571	1705
1137	125
2182	2200
1822	153
2311	2203
2297	2507
2181	2080
1238	276
1451	700
403	347
836	19
861	1158
622	626
343	1350
1248	221
424	221
452	454
761	952
2317	2300
1572	1803
2086	2115
203	1730
1259	1262
2140	1934
891	1389
620	1182
1117	216
258	543
679	835
841	181
2416	2369
827	1619
2157	2245
522	239
1273	1243
718	450
1639	1025
1965	2164
1759	1482
1012	1014
1896	382
228	618
2198	2199
532	300
2054	2055
108	1387
1607	458
1936	2231
81	87
1561	521
1396	432
905	1053
2042	2039
423	389
2179	2389
1160	304
1122	1484
1115	619
309	307
1153	308
2235	2106
740	739
931	574
1311	1929
2095	2220
34	39
776	174
1630	1542
2263	2225
255	1017
1488	877
2172	2027
1683	1674
2113	2289
718	721
1859	43
1857	1361
636	302
2409	2115
2009	2158
1106	1510
52	216
233	236
1043	807
1737	1049
929	679
1751	1531
833	294
1327	753
2201	2079
344	347
1651	824
2458	1037
1446	1322
1593	376
982	501
2045	2394
1161	878
948	16
926	102
2246	2247
2470	2141
925	1507
1337	999
1950	1163
2266	2320
1607	1799
606	147
1271	438
605	604
1817	1178
1129	305
2296	2213
1052	42
1198	1144
56	233
746	702
691	347
220	966
854	410
1260	1261
444	450
2313	2256
593	161
955	798
1829	1117
1457	1644
323	151
2501	2502
1286	762
2302	2505
1136	33
172	1621
175	176
2118	2122
348	1518
1550	1538
2250	2408
2345	2419
2099	2094
2295	2425
542	543
828	780
111	1391
1913	258
1006	1715
1537	166
814	849
1331	1744
1752	437
1753	910
1136	856
1904	1661
1883	1210
100	88
1271	1231
2136	1734
2482	2498
168	686
510	424
1363	802
267	1827
869	874
680	687
146	495
2491	2354
628	676
2149	2259
382	214
798	356
753	754
673	711
2139	2143
2142	2472
1070	352
1805	1442
450	379
1888	251
1604	2022
1749	1325
510	432
99	564
1023	580
2488	2514
2209	1903
1247	1721
1511	1514
110	909
772	495
1135	1241
1254	584
1040	899
195	929
680	575
2314	2244
1493	1395
1186	1401
1124	924
2378	2027
573	1534
2454	2054
1042	750
100	99
2167	2283
61	54
617	101
1689	954
2281	2283
413	1287
1515	842
206	1164
2195	2173
2331	1691
165	242
2241	2010
1837	930
1667	1568
198	904
1721	635
1717	432
1176	473
1880	542
15	346
208	938
661	224
1725	174
1979	2088
529	1299
1591	491
2416	2157
1354	1548
442	1255
1300	614
2111	2110
1542	67
102	926
852	867
958	961
1711	1962
856	499
985	1196
1119	1122
1974	1004
232	234
899	279
1283	127
1955	2324
1196	596
1087	1091
1114	1118
954	1352
2466	2468
2226	2228
1698	1124
664	620
2019	2208
109	111
1168	1170
799	1217
824	123
1169	1246
2365	2200
1390	1391
572	347
431	434
1769	1276
2374	2088
1130	137
1006	1439
333	554
1263	1832
985	101
1562	743
322	1023
66	646
2187	2199
1453	1452
2507	2110
1294	299
299	1117
608	257
1217	966
2299	2295
598	595
1081	1213
121	127
799	954
1903	2209
1714	418
1495	403
547	551
1956	1907
395	1502
613	615
991	77
824	877
1977	913
2312	2307
1404	1405
1473	1405
382	1896
1079	796
774	1366
1879	254
108	4
2082	1091
2157	2339
304	264
45	418
2113	2110
2231	1936
1509	1508
1183	1381
2538	2509
1164	129
1778	1069
1709	415
1058	224
360	362
108	236
970	243
384	1295
1737	1184
774	1273
1051	644
1254	1253
2527	2421
127	1668
1456	593
2205	2074
1172	1564
368	749
1955	2149
2365	2134
1256	439
1073	240
2219	2220
738	1698
284	654
2220	2012
2426	2205
349	16
786	1584
620	1034
575	424
1324	1331
381	446
360	366
2132	2200
1283	596
256	348
347	256
1502	1726
1968	1115
1326	617
2083	2087
681	383
1169	303
748	127
821	303
1730	1729
1513	1512
1938	2120
2293	1744
919	791
1479	1100
2123	2440
1891	700
300	536
1202	290
323	324
2504	1938
1024	451
619	1109
2274	2148
67	790
1382	646
2148	1034
1478	700
985	621
1899	2010
1334	1333
1184	891
2142	2141
1546	893
964	572
1903	2208
1388	405
1243	977
2142	2140
1084	1798
431	437
2374	2038
2264	2082
409	1266
707	1102
21	18
1920	808
938	942
497	500
442	1256
1763	1762
2534	2080
244	208
1706	1203
2203	2206
1311	1154
1880	665
1162	209
842	1784
1386	1276
435	413
177	175
2422	2019
952	700
77	79
622	82
2114	2347
2362	2082
577	410
828	963
1663	1268
1018	365
602	1368
2409	2049
2323	2321
522	43
850	851
1456	843
1312	1114
244	1067
1488	1931
501	950
2131	1330
1489	766
2480	1532
329	328
469	1216
2281	2077
593	170
1488	1365
2533	2166
2058	2147
901	1902
80	86
2201	2176
441	1255
2082	2277
2361	2113
20	730
237	777
1613	860
1644	621
323	325
2263	2134
1372	1135
1770	383
1395	1632
86	82
2521	2027
510	509
685	1385
178	1706
97	1609
2299	2209
1887	476
2167	1063
2097	2246
1619	827
1217	799
1130	184
2011	2086
104	1124
2141	2471
235	237
1932	1318
1772	447
25	31
708	379
16	10
435	1681
1517	1196
1512	1321
1940	109
86	87
1304	615
540	1538
809	410
2375	2093
1235	1238
1138	944
158	161
2039	2327
2104	2107
87	1475
1550	1639
506	1885
62	115
2087	2104
748	294
268	266
1525	496
302	711
1342	436
2007	2005
327	1296
374	537
450	298
1673	689
124	700
243	521
2089	2147
1377	1376
1406	1137
2427	1900
1169	1108
2077	2081
1274	1456
622	623
233	167
807	412
2492	2303
685	953
1907	1092
1897	817
1419	1418
2507	2083
898	675
1690	252
1137	1290
572	964
996	741
2013	2372
2319	2361
102	98
1024	240
55	223
418	158
706	707
1135	1134
379	600
11	13
237	1479
64	147
1538	690
824	971
592	399
812	131
795	2055
1755	336
2403	2211
1979	794
878	1461
1771	454
1458	1453
909	738
2066	2424
1481	221
751	1377
1669	174
2048	2326
313	111
567	570
194	8
2172	2131
760	761
162	577
1324	1326
1264	826
2451	2335
922	189
960	300
1668	1137
2202	2012
349	354
1479	703
1136	692
1302	528
23	447
1929	2430
1831	1528
2043	2045
776	1274
799	1372
2202	2093
1777	1197
1404	738
179	175
2130	2133
1182	618
991	445
404	249
584	576
2036	933
1324	1330
517	511
1051	1095
1596	754
2303	2131
789	66
269	266
2171	258
710	673
230	233
164	157
910	679
1808	1266
1413	1305
815	1699
575	682
815	1700
1327	1324
1462	1061
1726	1727
1447	818
654	1194
1945	2437
1125	379
694	698
2290	2293
579	594
428	1561
2522	2369
1079	615
1164	1339
23	22
1181	565
2097	1419
1618	1089
1449	1204
1448	966
2138	2384
1349	434
1588	372
2447	1329
2118	2022
2306	2164
1923	1850
1140	2183
852	385
1431	1432
592	164
2107	2192
1375	1523
764	769
816	144
654	284
1043	725
1531	298
706	939
1216	469
887	888
1977	1285
922	790
363	1802
631	303
1640	1818
1865	459
1044	877
2258	2173
1873	1216
701	92
1535	975
1161	1163
483	260
1812	453
1031	1034
417	166
2459	2403
196	932
811	1497
1273	774
1169	979
619	494
642	646
1442	450
388	386
2357	2180
694	701
99	100
1974	383
248	376
175	181
1544	1183
2388	2208
10	11
2454	2248
936	131
1082	1086
1666	1577
2183	2181
431	435
2062	1856
231	215
1294	339
1389	203
1743	1911
762	1032
1544	524
1140	2298
1192	746
2440	2134
357	981
360	363
128	133
2124	2127
1202	609
634	141
1524	1356
2486	2051
2368	1936
141	1673
275	205
1070	682
629	245
548	583
1059	843
2406	2339
1208	1209
471	529
1967	596
951	445
2357	2159
800	796
181	1705
2023	1174
2281	2284
1706	978
2368	2040
595	63
508	507
1120	1119
98	101
173	593
2143	2168
1850	1221
1276	1275
1364	824
1881	1049
1459	1458
294	730
1874	984
559	492
1922	1153
1551	894
477	493
55	626
1319	1318
2432	445
1247	1030
1044	123
329	1043
717	1257
1753	1317
779	593
921	919
2195	2201
998	851
2003	2222
796	452
85	220
1677	448
1097	1517
2106	2151
881	782
1589	904
533	277
1268	38
18	22
1676	1643
1965	1444
968	1009
289	205
929	682
2473	2411
1742	1738
1442	211
1285	68
1397	438
131	714
907	769
859	256
411	716
98	100
959	269
1221	439
2327	2048
837	504
547	550
666	618
2024	2172
1493	1495
505	231
1692	1135
1	107
1644	607
1397	550
2381	2304
1077	441
580	208
351	272
935	14
1040	239
354	1449
1688	172
438	1231
2310	2183
154	148
302	692
1525	1356
2527	2233
1378	1328
820	378
810	790
835	494
2088	2151
1189	462
2422	2299
851	1000
441	43
2417	2320
734	505
986	1903
1	106
1909	548
139	385
538	541
1941	1942
380	1328
1838	270
170	590
660	1804
2160	2162
760	763
2110	2106
215	180
1662	852
737	678
2183	2305
1967	907
580	493
320	165
236	108
1589	1368
1876	683
1468	713
662	621
357	552
168	170
315	1407
2490	2031
795	2052
793	2129
1799	1122
1058	223
2319	2109
1339	559
2339	2490
2150	2104
97	96
232	237
2429	2409
2374	2055
642	648
1296	446
124	654
2115	2089
556	1291
911	912
9	308
85	59
1938	2409
25	28
765	924
1134	62
1242	880
108	1138
979	132
1395	694
792	596
636	118
248	708
2265	2338
1649	1650
2534	2300
1676	1392
2166	1958
1973	1364
38	1183
1714	1012
1491	769
1231	1659
1669	770
567	430
767	1750
1152	330
660	829
1796	2144
289	207
2323	2229
563	1459
428	1173
803	1379
2042	2085
1306	1113
2005	2434
2173	2174
1639	1550
1655	1730
1689	429
131	1108
156	161
271	57
1737	1734
1349	56
33	889
34	36
634	1737
663	1630
1248	41
1562	619
561	340
2046	2180
830	1229
776	240
263	264
1187	1188
2361	2010
2459	1911
2313	2205
627	630
565	1015
526	1459
2343	2013
176	179
2300	2016
2113	2361
1728	2094
720	287
1186	482
18	23
1065	172
1347	1743
16	17
1737	526
1481	689
917	145
676	557
1677	607
816	815
317	877
2107	2435
1700	1213
1055	930
2261	2284
1767	1333
396	397
64	67
2169	1322
1939	2420
336	1214
1274	593
132	148
426	427
959	1332
1652	1410
1108	1169
1805	1245
2393	2131
1161	867
1338	986
63	70
1031	1035
2354	2181
250	395
2122	2459
1509	840
1633	782
782	879
1704	1934
227	1073
606	644
2127	2093
1740	1741
283	823
872	869
1931	749
2365	1796
933	2282
2040	2055
888	887
1372	907
1321	635
1748	1113
1561	228
1697	440
726	479
218	225
1071	1067
148	153
1607	1568
1768	256
1932	1438
1467	196
2231	268
384	835
895	911
991	1060
2410	2434
1689	1815
1004	584
1130	949
1759	482
768	963
1967	766
731	617
2008	2012
1840	1490
1096	255
357	1729
2093	2219
2204	2415
303	329
1271	1363
39	34
160	529
537	808
2373	1093
1397	546
1483	739
1581	572
646	600
619	1182
1475	1445
2113	2288
2136	2138
1569	980
1646	1508
2097	2167
584	854
128	135
1541	361
237	230
652	1058
707	410
10	14
1353	1354
972	932
31	33
664	494
792	687
2348	2112
132	572
2248	2057
1024	1675
155	148
938	580
1964	1827
810	1229
905	900
526	1498
2076	2301
1078	1906
248	198
707	1101
794	2394
438	1271
1638	1636
1106	1103
125	1284
1975	76
408	413
645	648
490	1086
2319	1796
1641	1105
1058	13
1109	46
617	494
207	201
804	1410
1362	1147
1152	1154
8	456
2127	1756
377	379
2058	2038
2231	2086
363	434
436	278
764	67
243	577
617	495
21	644
1500	1501
787	785
430	428
5	422
350	351
1424	212
256	346
812	129
1164	206
1748	598
272	462
2	3
1566	1565
1466	1911
351	321
404	405
990	836
1830	1796
98	104
951	357
144	1726
1080	1079
1977	526
833	1111
347	16
87	80
611	1332
1459	436
391	1580
1026	981
634	1760
2470	2122
87	223
1851	617
979	1612
1535	857
655	649
817	692
2093	1837
104	255
2377	2221
609	1377
1128	1445
2031	2510
174	237
997	851
2311	2175
1769	1693
1278	144
2168	2143
1997	2000
996	1011
1396	1243
2410	2244
4	167
445	986
2231	2169
774	1477
2309	2299
1193	166
2423	2389
921	499
2202	2128
1152	699
1012	1016
972	951
1784	1057
2432	2340
1169	1106
2012	2094
2172	2306
741	909
1455	37
1755	1325
2054	2052
652	218
1174	1131
2307	2308
481	482
532	534
608	604
1974	413
2060	2022
590	157
166	171
1541	304
1959	1838
673	304
448	444
1531	1661
1452	243
1138	704
138	251
1579	817
1387	4
1057	1378
1065	1129
1365	878
1440	912
207	205
1199	390
169	168
2271	2089
1365	269
1484	700
2327	2234
540	1541
2215	2289
361	360
164	592
646	678
2037	2038
749	790
1404	292
1622	21
475	271
519	548
2202	1092
2521	2490
1114	75
790	72
355	420
1371	2100
1826	1595
1069	431
1635	568
2306	2267
2298	1140
2446	2204
1114	628
2506	2466
828	1098
279	1101
1166	1315
1737	1196
2369	1830
1692	872
2376	2127
302	304
377	77
2409	1938
1746	1800
2195	2179
337	1293
419	420
783	984
2448	2087
724	639
187	646
2455	2194
248	250
1196	790
832	644
1769	1807
210	609
2247	2268
834	612
1900	1424
2289	2083
274	926
1067	1071
1888	1538
1161	835
1934	542
1088	1112
535	78
630	735
197	190
1044	1284
344	346
961	303
313	315
950	948
802	697
2175	2203
1106	476
14	16
772	1285
354	401
412	531
2524	2479
259	2134
1088	546
178	516
751	610
725	723
178	1341
2195	2315
1854	789
481	480
1938	2410
107	82
151	1429
1048	786
2294	2109
389	387
137	142
2157	2416
1699	417
1189	1192
1259	1261
208	706
1112	927
135	406
2247	1899
659	224
2377	2244
1598	1116
1343	159
818	1234
2378	2309
722	726
1188	1187
50	107
743	585
567	571
2073	2256
442	441
238	241
780	963
339	257
205	206
895	1148
1033	399
1327	1857
469	468
2204	2301
2195	2322
2053	2180
18	20
71	72
954	798
630	627
694	699
348	57
1897	326
582	946
753	258
2306	2456
963	1026
998	123
512	572
1553	1556
2189	2187
1888	395
1512	1567
2101	438
1588	1270
1256	442
778	1449
2332	1856
2198	2196
2093	2094
1270	1588
206	7
839	774
431	436
2023	2027
703	453
604	607
2307	2310
1670	1605
1759	33
130	314
820	707
1310	337
593	1456
307	464
1604	1936
411	1444
1075	927
2146	2147
1109	894
1820	1685
1575	1574
1881	143
1490	1488
2329	2149
2090	2256
200	564
1136	26
1677	1392
1598	1442
1542	1630
2069	2054
687	66
25	26
1658	312
1717	1716
1118	299
1876	740
1005	255
618	69
512	575
1807	494
768	67
790	66
935	345
199	207
127	1264
313	318
560	1310
851	68
747	95
2070	1982
1203	1109
724	1585
586	1621
1304	505
1189	1188
1669	95
2009	1092
157	334
1941	6
2469	2081
208	1215
1743	1325
1805	1154
2197	2313
2236	1533
1141	1142
2399	2159
1989	460
906	1024
470	94
1898	2264
2126	1322
2363	2137
320	322
2038	2085
1037	2116
1658	979
1678	1516
2506	2142
1674	684
2193	1163
25	32
1831	1493
1693	1768
2368	2271
2136	2137
325	140
605	1350
1362	1364
2082	1093
1198	577
1577	806
1117	606
1202	77
326	1340
620	835
1387	397
842	1783
1325	1744
1284	287
1429	1505
1992	2065
639	1312
2381	2183
128	131
858	1731
1634	1591
1511	476
2068	2377
2426	2149
184	256
711	690
2118	2123
2477	2396
1285	646
1642	1855
2186	2190
48	95
2220	2067
35	275
1087	1090
1127	1549
550	547
200	288
1508	1647
1545	589
1363	1254
423	139
1840	1652
1459	575
291	207
498	569
619	666
1399	464
1736	339
2338	2232
1789	542
702	237
2332	1950
363	431
737	646
2400	402
404	980
86	83
995	475
1705	1135
88	91
10	16
2078	1954
364	362
1092	2353
1782	224
1447	1233
2023	1159
1662	1661
2148	1038
2425	2078
35	206
1413	660
2021	1992
1375	1604
665	1622
2267	2205
1074	928
340	1554
1352	954
649	652
1718	357
875	876
2073	2309
1996	309
370	369
1510	1887
144	1666
76	294
51	1218
1629	642
2402	2409
2211	2421
930	1523
274	417
154	1143
2037	2039
1850	93
701	124
921	261
492	475
2387	2439
304	250
1442	1076
1677	999
1251	911
1796	2145
851	769
1344	1343
1278	1173
924	70
1046	1042
177	1534
601	603
2425	2515
841	264
865	1175
2004	1899
1018	1015
1977	732
1409	1663
679	931
989	769
1227	309
1452	522
204	205
219	85
2410	1938
2410	2418
1867	1598
2225	2113
1173	572
1442	1667
436	527
1952	2059
1249	1390
1300	124
1176	1253
1297	523
601	602
1896	377
1267	227
1216	410
439	442
1122	1303
369	370
975	976
1877	54
2288	2289
269	1289
353	988
381	1206
668	670
2305	2165
31	402
1053	449
1377	1477
1911	1936
2109	1532
34	38
1002	1005
251	1098
1955	2089
1260	1461
1996	1295
2118	1998
534	300
933	2390
575	680
1688	166
1229	806
1927	1641
306	308
2155	1958
1850	1255
2147	1954
128	136
552	1671
758	1678
647	273
1917	14
2439	2411
2083	2086
204	1171
236	704
1325	1742
620	619
910	906
211	1598
1168	148
305	131
2027	2450
1810	2075
1237	1236
2155	1691
160	158
1045	901
2329	2115
1508	1509
1528	874
560	327
2054	795
1025	827
2493	2496
835	790
892	548
817	303
937	1025
978	1021
2345	2049
499	921
1148	895
265	261
2237	2409
1252	1251
2088	2055
1571	153
1487	1594
840	583
2067	2094
633	952
2300	2013
663	1111
263	484
609	1446
2115	2117
168	82
2462	1943
1275	1769
2468	2344
667	1614
738	644
689	858
2288	2361
2459	2022
1730	203
2188	2208
448	1392
407	513
250	249
1674	1183
981	1028
473	477
159	162
890	1196
391	1534
1505	1506
2248	2192
325	1708
413	1772
848	53
922	765
2340	2309
495	678
1653	979
283	285
2166	2284
2017	1900
1195	749
854	397
765	70
1817	1743
478	123
1681	1951
1518	15
1657	1646
1458	1627
1897	983
543	993
732	911
792	1061
1146	656
2404	2031
2050	2047
473	476
2319	2142
180	224
1453	1627
1493	325
1840	127
2328	2274
492	477
400	399
719	896
1212	1244
1448	680
1041	1669
2186	2191
1742	542
779	1357
2273	2233
985	1229
1364	1544
8	696
2369	2370
373	376
2361	2167
1737	957
734	219
1691	1460
5	0
2049	2077
448	373
740	1382
1665	1577
1547	318
274	1454
2367	2215
665	22
1590	609
2228	2197
2154	2381
90	421
2357	2208
1171	204
973	806
879	1260
2158	2222
373	257
1968	1817
304	1534
2352	2077
1381	803
1589	406
2125	2086
1923	90
2192	2193
2037	2041
1409	144
310	312
2378	2032
1519	1518
195	190
273	271
2287	1899
2489	2409
2211	2290
8	1410
337	196
244	1357
1055	1011
1656	2194
1354	216
1640	1321
1360	1358
409	525
98	99
2186	2187
482	821
608	559
2374	2040
200	99
2087	2115
566	321
607	281
1462	644
21	1799
763	762
2234	2040
2388	2226
1958	2094
322	320
776	703
2052	1063
991	985
1380	803
2175	2117
802	694
2009	556
1013	1012
676	628
2186	2189
2535	1992
828	131
1690	1203
1406	1154
1112	51
782	880
374	375
2215	2246
872	873
740	1644
1694	567
699	77
468	469
183	184
2402	2015
1257	1258
1535	1109
2089	42
1393	1047
1048	1047
135	808
1908	1632
345	347
1297	1162
999	1337
463	465
2171	2354
1138	1669
591	1144
1044	1669
1563	2233
1769	840
1523	604
1014	447
1135	569
1465	1841
2040	2104
331	879
818	564
556	1097
217	835
1031	1037
635	1321
2240	9
1071	779
649	53
102	159
31	1558
413	844
435	732
588	1185
398	1609
1513	529
1522	1615
345	1322
866	371
2238	1939
709	809
1145	239
2425	2295
685	200
526	1627
56	1107
719	609
580	410
1871	196
1386	1384
78	1931
2149	2426
214	1320
1196	68
999	1593
492	495
2518	2456
1087	940
327	692
1346	1347
817	553
909	996
540	353
1301	453
1579	303
1904	955
1354	1467
1086	1082
2148	243
511	517
332	333
440	443
1072	443
1845	1583
1042	1045
1257	422
1904	483
326	323
2010	2083
2208	2357
1537	1536
1357	173
227	928
1093	2373
68	67
936	690
1796	1795
275	276
2046	2152
954	1689
968	1504
2401	2403
717	1777
2401	23
2406	2171
1016	1015
2467	2018
646	1182
1850	1821
1072	244
2199	2187
2110	2111
789	495
2149	2500
44	881
1923	1731
395	253
2479	2189
1271	802
1080	615
2451	2293
1051	1094
736	1748
2366	2131
246	735
1285	600
2178	1911
1939	9
832	833
1123	189
2077	2082
2416	2063
2139	2140
2088	2040
1248	1117
588	1186
280	938
818	1233
1483	1984
518	520
1303	1122
1038	1954
2200	2380
327	325
1377	347
103	98
1773	1771
1571	148
989	877
1136	1137
1537	829
379	257
356	435
2518	408
722	723
339	196
600	65
304	1098
1108	1275
275	277
690	714
2195	2323
421	205
289	200
2324	1955
2185	2176
1310	1114
2294	1062
453	895
1683	1043
1675	1024
1138	876
317	1124
150	553
1113	1748
1702	1701
1823	1824
1197	1020
1145	966
2462	2059
465	601
2420	2458
1751	550
88	94
1106	1671
222	225
312	310
2125	2202
416	334
2154	2210
2433	2437
2091	931
325	250
2466	2061
2127	2202
741	930
878	879
454	12
597	607
1007	1010
542	544
663	257
464	1045
2247	2465
1299	1221
2394	2183
1114	1116
124	1484
231	55
1394	1393
2352	2127
618	1320
135	602
2121	2091
507	510
1402	1027
1616	682
409	411
1942	1856
142	688
785	786
149	358
1907	2093
113	276
768	544
937	1016
985	836
1652	1528
2167	2014
861	1166
1491	189
720	718
181	949
2381	2210
1663	1609
2391	2268
2268	2391
404	1579
1585	708
390	1454
2150	1061
1604	2168
213	852
1145	95
1556	1901
1775	2326
1756	2185
1497	1459
1294	217
2524	1890
302	305
736	824
1262	1261
1784	842
460	186
1365	331
576	584
2349	2347
536	792
922	187
2120	2403
1382	147
420	355
1254	196
1404	1269
2097	2333
1302	524
1538	1403
151	1430
2468	2151
1628	1211
1514	57
726	382
1115	617
713	1183
2018	1985
1855	1680
2534	2036
1735	1952
2302	2323
540	184
2040	2235
1298	714
2396	2477
217	1115
1265	1314
523	525
1592	118
206	496
1917	520
2041	2037
304	484
2032	2264
2454	2050
56	1349
343	679
1282	1498
1703	1068
1930	1755
1956	826
1277	1279
2483	2349
574	931
220	85
1258	1398
194	191
617	619
202	434
1368	598
193	376
963	1028
120	1690
828	395
1157	546
781	783
909	1055
2500	913
381	395
2264	2439
1909	1882
1945	937
267	269
2372	2041
1532	2319
970	279
2148	2324
2368	2195
1057	77
1148	1149
1074	1039
248	379
1315	1166
786	1583
2309	2210
2409	2075
521	778
133	26
1822	1130
1698	528
2028	2357
366	1201
11	14
289	288
91	565
1094	1096
1492	2398
374	376
322	1022
2528	1691
525	922
2281	2282
2206	2256
802	701
205	204
2260	2262
1104	1039
1761	1652
1016	943
646	925
770	857
1378	1376
1394	1690
981	686
1699	815
1076	1078
1453	1458
1836	951
49	51
494	63
2458	2219
1788	979
694	696
1460	881
1442	1474
1445	113
150	357
252	1040
2007	2236
315	1409
1098	250
2210	2380
1392	1114
2263	2260
901	1167
1953	1684
1829	1118
1669	1138
2048	2047
1200	1022
2133	2293
2090	2072
293	292
1126	1127
2344	2259
1726	1282
1429	1313
1099	1458
1486	567
938	706
1824	244
1009	968
2293	2258
24	1576
722	725
691	1297
810	597
291	289
1957	2258
1317	1313
781	782
1986	1003
1282	519
1290	1531
1973	531
754	753
1187	1135
1535	42
146	835
1355	1221
801	796
2002	1998
1812	142
1766	1767
959	905
1523	618
281	951
764	768
1683	971
1069	280
118	1638
333	556
574	1102
298	1096
1210	1860
1761	1201
1772	1053
506	1620
1052	776
2306	2275
2077	2078
1668	125
513	1647
2014	2167
1074	778
2300	2077
758	27
1154	750
1670	1671
940	574
702	703
1733	1196
743	102
8	342
1436	1439
2214	2259
1075	1498
414	977
604	605
2047	2052
1052	594
1240	105
1220	544
537	19
1475	87
399	400
891	645
1196	1000
217	987
1827	63
864	590
1093	2523
352	275
1342	575
157	776
1265	1733
2079	2301
352	962
778	1458
772	678
2056	2052
260	262
2043	2046
2158	2094
2198	2189
1363	1410
2274	1955
418	770
1015	1012
2061	1936
193	300
1488	1490
326	1887
2097	1371
2324	2148
1128	345
1455	1280
921	260
1190	1192
125	121
1323	805
1635	882
1841	1567
701	697
676	1309
721	2465
848	1135
2244	2087
1978	812
1818	1819
1144	1522
1580	573
1230	1075
2043	2044
147	835
1750	68
1579	251
700	124
1710	1151
1083	1144
125	40
2489	1744
15	14
900	902
390	165
1912	269
491	394
2538	2154
2322	2188
53	1804
485	483
1929	2122
1155	1298
1331	2473
1450	1305
153	1571
1187	746
1575	1963
1705	181
2341	2309
1977	957
209	211
2452	2449
1451	1161
1334	1327
2440	2120
872	871
479	771
1761	1464
1313	1316
1695	548
2159	2320
691	133
1453	778
2325	2403
178	949
872	462
2047	2048
1644	835
140	1571
835	217
163	240
1031	1038
1384	1274
2101	2102
923	66
974	1231
2456	2284
2232	2250
1175	475
992	1095
308	464
24	18
788	369
841	845
1577	1665
2163	1756
2429	1563
184	16
890	412
273	270
2335	1329
1365	612
915	917
1111	836
1894	1652
2046	2197
1985	2085
1434	1882
2406	2208
1383	268
1431	36
130	301
1326	621
1260	1691
409	901
1207	223
39	1618
2488	2254
1144	591
1768	1693
1285	772
2235	2234
2383	1950
20	917
147	69
2120	2418
2096	2098
1865	94
857	241
1522	1135
2361	2075
2274	1037
607	1095
2205	2127
726	1000
951	1179
2162	2137
1334	725
719	961
1257	568
734	215
331	194
44	859
2180	2174
1937	1938
814	1519
2060	714
1137	315
1198	580
2308	2310
770	320
2348	2347
1943	2012
1668	1097
2227	2245
554	203
997	134
654	651
964	1172
207	203
665	1341
951	948
2244	2086
272	1199
798	955
1609	1610
1139	684
1444	2205
1156	432
1270	1586
1405	1473
1563	1756
1415	884
374	372
1954	2040
1153	487
1865	274
1391	109
2483	2347
445	985
268	543
2282	2147
2107	2002
1016	916
1075	252
28	25
53	152
1206	1207
1916	1366
19	195
1359	30
1942	1728
1230	252
1082	1084
1290	1288
2464	2465
2323	2179
1043	730
1266	1385
357	420
796	797
1883	365
1837	1011
919	920
211	718
1814	1616
2284	2088
1103	1106
281	1631
837	838
1742	287
2089	1955
670	1864
2301	1943
239	577
2229	2078
1964	998
1744	1092
1162	1161
588	907
168	218
1433	700
1184	144
2235	2269
2143	2084
56	663
1280	136
379	72
2517	2019
322	770
1247	632
1220	145
329	1787
1439	1028
585	581
488	1218
422	425
2253	2245
1108	1246
1965	2065
1327	1738
1211	204
897	1308
386	388
1094	663
2039	2151
1701	1907
1581	707
1957	2275
1985	2235
909	217
247	727
334	416
794	2183
326	178
675	898
934	935
2469	2143
342	335
1549	1127
1812	1301
1115	1204
2134	196
2289	1898
907	1303
547	357
353	1482
1522	1611
925	187
371	367
884	158
2065	2314
1533	2084
2123	69
2029	2033
522	240
13	1275
1310	313
1782	59
1748	833
2281	2211
748	76
2095	931
501	982
2234	2038
1591	1777
1277	95
2106	2270
335	343
764	765
2148	42
698	694
537	534
1125	449
2146	2040
2290	2127
1422	178
2422	1958
189	836
324	1129
2150	2085
1364	1362
123	999
886	1266
2299	2304
895	453
2126	2091
2044	2132
806	1659
735	736
962	963
1142	1875
1285	1294
1098	681
2352	2353
252	1203
1336	1573
2146	2148
556	245
682	575
725	722
765	604
223	83
1263	1262
87	86
1413	466
2054	1943
1424	550
278	281
1940	1125
1411	1528
791	1441
1044	1111
2440	2441
568	946
190	193
931	69
1346	143
2181	2185
762	509
225	173
477	1319
206	207
1029	1030
2490	2485
354	346
1050	1795
1992	1656
1921	1133
1381	729
967	430
537	300
63	67
280	1631
2408	2394
1769	164
24	298
2492	2277
414	94
2415	2373
600	789
1028	172
1283	101
1021	1241
351	592
2119	2126
773	774
280	973
196	339
36	1168
697	802
880	849
634	1908
1116	550
850	852
110	1350
1517	1841
546	1397
2215	2111
572	403
2293	2174
75	521
2345	2148
953	702
1524	1525
2042	2055
2100	2099
383	1891
2061	1728
1294	63
2241	2240
1408	1631
1194	170
1364	805
1039	159
1204	162
1622	1341
824	1354
1303	1251
2055	2151
195	197
666	619
1061	445
1135	1187
2129	2169
1124	67
2457	2427
1083	321
812	327
1287	388
174	166
2096	1795
1761	1085
0	1
2214	1954
1092	2093
1823	1825
2097	1907
537	374
496	204
132	1106
187	1491
1389	288
1911	2091
1096	1097
2176	2077
719	382
1461	879
127	122
1674	1227
162	410
765	925
1892	1084
1577	1666
411	1443
705	709
1449	322
1110	1524
2340	2342
1538	1539
54	55
856	264
1038	1955
600	931
351	590
975	977
822	219
662	667
77	607
630	1391
1588	1589
1823	1015
2230	2123
1517	1316
2011	2371
2105	2104
2301	1091
1637	302
2290	2291
1424	769
775	707
2042	2151
2224	2460
130	303
1789	1334
2259	2055
2161	2096
1	83
1523	1604
2307	2153
2235	2151
170	593
920	1638
1917	410
1959	64
142	1488
795	2085
1641	632
821	399
2438	2185
412	889
677	855
1198	1498
354	349
104	877
435	686
556	1599
541	576
875	843
1008	1648
1848	438
834	832
2068	2194
1899	1680
2435	2221
2109	2361
1673	221
1006	1720
250	1098
229	733
1430	1505
1685	774
311	1086
2201	1954
1740	1277
215	1021
2407	1092
879	1460
2060	2430
1018	1016
2429	2418
478	74
1677	386
112	114
636	631
128	130
563	513
94	470
555	1345
2137	2241
83	223
2206	2264
2151	2256
1934	124
381	378
1472	1473
608	663
857	1456
404	1658
1092	2421
2417	2284
1652	8
779	1071
440	743
402	141
2126	2249
9	2144
1974	684
240	163
436	1095
2154	2379
743	1454
1360	870
151	152
193	802
2095	2012
393	392
1988	1989
413	415
1259	1263
2188	2191
285	519
1794	1050
1242	1605
590	865
2376	2129
1630	644
779	1458
968	654
925	67
419	1530
511	513
45	1452
1482	707
226	228
1387	95
663	70
271	584
1626	1458
689	953
1608	1449
1699	1022
1287	413
2205	2438
2061	2127
1769	1646
1580	684
1561	1173
2099	2095
771	65
976	894
1622	1576
1128	1611
1305	1306
1039	244
909	1011
1498	147
315	313
206	964
1453	1099
691	16
1426	1731
650	225
797	514
628	677
639	70
543	994
763	424
192	574
2104	2088
1090	827
2462	2129
2192	2194
956	1594
970	891
801	800
204	103
1425	1423
781	784
1332	909
539	541
391	194
1380	151
956	879
2325	2429
1461	456
673	710
1491	924
178	1064
649	655
961	729
1293	337
2351	2213
298	1051
2470	2168
2235	2104
1210	1861
2268	2473
146	606
247	337
328	329
544	1660
1789	1790
709	1320
247	340
291	203
2489	2180
1414	1526
2374	2150
1088	946
2447	2304
4	1237
1695	1621
1418	1925
744	745
2071	1981
772	739
1130	142
1197	592
2394	2131
1060	1061
1839	468
1204	1115
251	253
2393	2154
2289	2197
193	973
1429	969
1712	1502
1243	1461
2205	2125
259	254
1944	937
1823	414
1593	373
464	287
2361	1899
1055	1698
2260	2065
1565	835
869	872
1898	2329
1420	1421
1014	1379
2387	2142
2376	2125
260	151
1100	1256
1087	1088
1911	1604
591	1146
160	156
2081	2058
623	55
932	195
4	108
1111	766
1274	417
2431	1652
1293	571
1018	251
2240	2236
660	1475
1358	1360
2011	2146
2260	2010
236	1718
297	101
11	53
904	290
1852	254
1559	1158
1513	1321
1930	774
2492	2378
584	440
1300	1299
2185	2282
2088	2039
37	1455
1616	869
1676	1677
2025	2197
2324	2129
1181	1184
1974	281
2439	2359
1445	56
724	722
940	520
98	102
1406	596
1336	1732
1170	16
710	714
2206	2352
196	1467
126	297
1694	1212
192	907
1868	528
2143	2013
1576	21
539	1364
403	256
2426	2283
1061	1161
808	957
499	500
1137	1313
1594	1595
2109	2319
260	261
1535	1261
1681	844
895	892
24	791
775	417
574	966
278	280
2103	2102
2507	2468
408	409
419	523
989	600
2154	2380
1457	339
288	290
2385	2138
861	1167
875	733
2287	2368
444	268
1442	1668
413	1961
198	379
2303	2171
1522	428
1938	2231
2178	1377
1103	1110
353	714
1961	1709
348	346
1616	814
377	378
2190	2208
1205	46
479	997
692	690
1887	1430
918	145
2227	2247
285	283
1131	2180
2076	2288
488	1400
639	637
652	223
2178	2317
501	485
379	248
1372	529
645	1740
1115	621
423	386
1113	833
116	117
582	581
1417	718
267	268
1426	1279
276	1240
130	339
2273	1496
2326	1903
710	305
2425	2423
692	305
582	576
2375	1837
574	972
1134	1135
483	482
964	206
938	577
1267	240
1312	676
162	226
2088	2038
222	59
1007	655
1617	1599
856	500
1843	1731
786	719
1242	823
1880	258
676	1311
1364	1089
1312	109
1290	1533
1079	51
315	1408
429	1689
760	50
1166	689
1095	436
2309	2182
22	299
1177	876
778	686
1564	880
349	256
674	675
1283	923
625	623
1067	1068
2259	2084
475	46
1039	1040
1636	118
538	540
1271	456
2420	1939
932	1350
1768	1452
337	727
426	430
561	1676
1221	93
352	964
1026	584
173	271
1203	1754
2041	2343
134	1063
20	918
2302	1965
931	600
2360	1903
1458	162
2429	2440
1193	171
473	57
525	523
1698	738
475	474
1192	744
930	644
960	1162
1867	1755
1376	1377
978	1214
1768	1769
99	98
1135	551
2147	1955
1158	1159
793	1837
324	327
2062	2059
953	876
880	1066
1604	1938
465	309
831	1164
145	64
1179	1071
1074	1752
919	856
215	509
1782	1611
1332	900
1513	1673
2287	2286
179	1340
1605	1242
1518	348
9	2074
1630	606
1317	414
1510	712
605	930
2207	2256
2314	2361
236	235
795	2088
1094	1017
2488	2180
2403	2205
937	1575
973	7
1596	753
512	516
780	943
2461	2462
310	311
2393	2394
2106	2110
809	227
2466	1532
1810	2072
1777	1154
356	113
990	997
1697	1039
1044	542
2273	2087
799	1226
396	124
2151	2088
2164	2166
953	1213
319	165
2080	2300
1330	2136
845	841
274	843
1459	526
1100	889
2296	2297
972	973
2101	2090
2077	2079
282	283
535	146
15	347
1794	1795
1774	360
634	636
513	407
565	265
1964	1125
1668	1442
817	821
83	115
2328	2211
1958	2164
785	787
941	577
2451	2175
768	790
1806	1925
1253	432
347	273
572	512
1798	1494
2315	2193
1876	1184
1160	819
1035	1280
1647	1731
1473	1332
1567	1341
304	26
52	214
104	1862
2119	1898
927	1112
566	569
1269	750
973	288
1698	1000
2012	2324
2204	2390
1008	1307
1297	819
2105	2040
1913	1116
367	368
156	162
1187	1192
2343	1903
1661	1662
2321	2373
1408	205
223	87
117	898
793	2127
847	848
1319	1695
189	1491
22	192
1087	1093
1477	353
314	831
258	726
622	3
654	649
2144	2117
2091	1728
1544	1621
1757	1571
2220	2094
536	77
162	208
1337	1053
2319	2121
1684	1915
834	1660
1808	170
2292	2499
749	678
987	1326
665	178
1362	804
2365	2498
405	249
2536	2357
654	124
1405	296
570	265
2338	2390
1666	43
823	282
951	1178
846	848
2423	2276
1777	125
1922	1399
2048	2328
745	744
391	573
2151	2085
223	84
1887	1832
2517	2177
252	1230
574	243
1444	2518
768	248
984	1528
370	788
1176	865
2105	2055
371	295
786	779
51	1525
1329	2335
70	494
1611	830
2502	177
1845	1584
788	672
1646	732
990	851
162	239
2238	2142
0	2
700	1341
2083	2085
1818	1640
1370	1570
2282	2201
487	44
2229	2032
1090	1408
2434	2093
833	1677
1649	541
1341	700
2293	1163
827	28
675	897
84	55
1509	1190
2473	2177
334	417
819	1297
566	1172
444	449
901	1853
1221	1479
1504	1059
608	609
1757	148
1328	819
1090	40
1434	214
2127	2125
871	873
2519	1437
194	192
2189	2199
521	1099
100	780
733	2
1896	77
2172	2183
257	663
718	497
1991	1328
1408	20
2036	2267
2325	2213
1182	664
775	1039
350	147
345	618
2286	1603
2197	2388
607	101
1453	564
604	69
1613	597
1277	1282
806	1451
1398	1782
2088	2150
339	604
1387	108
2255	2015
1229	1145
1426	1101
1865	1081
445	444
329	1168
1683	903
2226	2227
1033	1231
1252	747
2487	2162
2379	2188
1514	437
1416	700
1334	542
1669	777
819	1274
1101	775
1142	1141
652	225
390	139
1804	82
1310	1829
2432	2433
1735	1461
1846	1845
1035	1033
2115	2087
698	95
581	576
2374	1954
881	1460
1795	1796
362	699
292	77
821	691
974	1146
1015	1017
319	46
1492	2010
1188	1508
1197	1199
690	140
1404	1406
1171	434
264	483
1184	428
1343	1055
1466	2283
879	1261
1024	1440
1475	1476
1192	1187
295	1488
2261	2065
2337	2375
1888	1927
335	339
2287	2367
362	1711
1202	729
69	835
134	985
631	634
592	590
1958	2156
230	235
354	1021
2490	2535
1268	1267
1630	663
703	702
927	899
2217	2064
2299	1093
1910	555
73	78
526	1204
175	177
436	1344
885	1421
1759	1185
2362	1567
509	508
1796	1830
541	1772
834	1869
649	650
2084	1037
2289	2361
1596	1597
1423	645
1885	1706
1182	494
2250	2130
2079	1903
2510	2282
1541	1538
321	322
999	386
2348	2106
88	90
568	944
1285	67
770	186
706	577
165	322
381	18
2531	2151
39	38
936	305
560	1637
2361	1898
577	162
2003	1053
2104	2105
1120	1478
1965	2080
395	337
458	490
1477	1672
1384	1385
2145	2305
2036	2268
689	462
585	279
1911	1744
443	440
2203	1903
316	1548
1260	1460
1108	82
923	790
309	1523
712	1079
1317	995
2509	2154
1842	760
715	716
1672	1410
1343	1344
1071	778
2013	1903
1131	2275
1531	611
216	604
2463	2430
1649	1651
853	143
1558	969
429	1815
460	704
141	1482
1584	1583
733	169
256	220
789	792
1781	44
126	1115
185	186
1916	115
1036	1032
1584	1098
578	242
206	205
2052	2377
1043	1361
1553	801
924	187
512	574
590	43
163	157
2260	2225
13	1276
282	284
1501	513
2295	2412
187	924
1127	1126
1277	1278
1341	1813
20	860
1523	996
1095	792
2008	2011
1771	1773
2522	2404
1779	181
711	131
1242	355
1014	413
2370	2251
1243	194
317	1750
1698	550
604	606
739	1843
1823	431
1316	1313
1436	1379
1079	712
1421	873
2150	2151
1295	1200
181	1692
1673	141
2171	2114
323	131
836	922
275	278
1904	427
2038	2088
138	252
504	1379
1005	910
590	170
1802	16
1332	611
950	982
303	631
2395	2393
2033	1092
309	1964
107	624
987	495
1354	535
1170	1168
798	654
440	577
871	869
1287	386
816	1782
1696	1440
1473	877
2305	2460
2077	2080
1933	507
1240	780
2500	1811
955	23
1424	766
1580	1243
1746	1113
121	124
2196	2189
483	1186
439	93
2330	1691
963	981
2148	2282
85	219
561	316
1565	268
711	302
507	508
597	1613
527	526
201	1019
103	102
1018	1012
1286	952
269	1365
2211	2201
217	299
1396	395
979	404
2205	2175
1969	1495
802	805
2124	2093
1378	131
184	142
1494	1746
2263	2117
799	1081
317	546
442	440
1141	1143
571	1135
238	163
2487	2427
1235	1237
470	472
1891	383
1569	689
666	1182
1388	1389
738	1123
1916	258
2418	2428
1654	672
125	1137
1817	1026
2401	2122
1273	484
2047	2051
2274	2040
572	1173
1844	1846
488	464
611	213
1074	521
2144	2418
337	1137
2126	1936
2111	2143
2031	2029
2376	2124
626	625
763	761
100	778
811	43
1038	2259
2274	1038
1568	439
562	563
772	771
771	772
592	103
2068	2525
2376	2344
31	29
2016	2020
967	969
632	631
2456	2257
1588	1366
443	243
299	217
64	63
1358	1359
1572	737
1241	1244
139	391
686	239
687	851
2198	2354
281	436
2448	2052
1283	790
2052	795
372	373
1016	1739
778	1357
1711	1587
782	427
2503	2300
354	344
744	747
1752	1659
1711	1918
132	1348
2013	2169
1397	67
175	180
2453	2522
1407	1565
1806	1568
2298	2009
1282	118
108	944
1828	1907
1357	1449
431	14
320	1023
343	1229
1802	1349
1111	664
719	77
481	485
1378	609
596	1397
878	665
88	89
2188	2078
678	66
1929	1999
1600	1601
407	891
2322	2199
450	604
1228	1772
1140	1596
954	1374
1609	1100
481	1426
915	916
705	105
1663	1666
1231	438
1985	2087
1038	2435
190	191
1429	148
1072	1073
558	1165
75	79
612	1660
1298	595
1114	109
2190	2517
302	673
2339	2382
1652	696
1297	485
1173	1277
447	411
1057	1784
569	430
1162	900
1653	362
813	816
153	131
2198	2323
390	1022
587	589
442	854
172	548
24	1407
926	1454
2177	2205
1078	1284
208	1449
316	1117
1716	1515
791	1337
1446	1535
361	1403
300	534
1322	2126
1460	782
161	158
1848	861
2368	2038
2108	1775
2018	2344
446	444
1517	1715
1230	1498
2275	2277
461	459
1448	708
158	321
1436	902
1523	213
2447	1734
1364	802
814	451
1735	1196
2372	2001
712	1510
1491	882
1936	620
701	802
2274	2235
1544	1545
191	194
1608	1607
803	802
1321	1513
2183	1945
2190	2032
1278	429
854	581
429	1278
2188	2354
1256	441
1842	1258
2420	2120
967	971
1850	453
2326	2414
2249	2000
2479	2208
2422	2196
492	493
272	417
43	1255
4	1138
208	707
703	237
2259	2435
977	1243
689	1483
1228	435
1263	1261
1172	170
325	251
2328	2167
51	52
71	583
2360	2304
2420	2387
890	1952
1217	439
504	902
609	382
1324	1327
1432	1433
2454	2102
458	455
1896	727
13	346
1418	1531
681	1098
1565	1407
680	607
1042	1046
1211	1628
16	510
199	205
1277	1280
147	606
2147	2324
192	101
905	1914
2297	2137
2236	2231
1502	1144
2056	2054
2261	2315
763	760
987	740
1051	998
1153	1152
1670	141
1494	1622
277	533
264	481
584	493
1932	37
1608	1568
952	1508
1221	442
1658	886
2352	1744
81	219
1711	919
1375	1266
1407	1484
1060	792
647	345
936	1538
565	545
2078	2412
2126	2231
999	449
304	499
2504	2409
2024	2171
2355	2358
2324	2089
1409	1610
2036	1957
199	200
1156	696
2355	2356
2156	2155
1203	966
1306	1304
1128	709
868	766
2297	1943
1230	1499
199	203
2395	2208
169	170
1354	824
1078	367
1332	258
1770	1166
990	1091
1240	1495
200	207
213	187
1685	361
1305	1746
1241	1242
2085	2106
603	987
86	1475
672	861
1839	366
690	327
1708	253
2531	2039
63	72
656	234
567	568
587	588
1096	607
1656	194
2270	1038
1277	818
2017	1820
593	843
1807	1769
661	1107
1607	1966
1359	1381
768	1397
185	188
2295	2299
2313	2210
1804	180
1101	279
1359	713
915	563
154	49
94	472
1545	1544
114	1478
1579	1370
2444	2075
387	139
2491	2196
1618	39
889	890
1099	681
1605	1041
229	2
1178	1180
2363	2240
535	534
1851	72
1560	342
1433	180
374	993
2449	2451
1838	1088
377	381
654	952
246	629
564	289
350	46
1399	1089
1585	206
1999	2358
2380	2309
600	646
42	857
54	60
443	927
956	1831
864	899
1505	632
2384	2241
266	267
894	804
974	973
1798	271
1210	99
249	1581
1854	445
136	923
866	769
428	1522
497	498
704	170
156	159
528	444
1074	1497
1049	1734
218	87
641	637
1476	1477
1200	1295
476	1020
25	27
414	1973
1396	1393
65	64
1892	214
1025	31
1778	1602
1330	2142
2083	2011
450	1116
2175	2205
2315	741
2389	2179
67	66
936	304
1644	1118
1743	1539
1857	442
1616	1522
1718	828
1705	949
558	258
1644	1507
2375	2391
746	531
2363	2027
816	1729
384	100
325	327
1099	926
2196	2208
1633	1179
184	688
2265	723
1078	1076
1663	1665
255	601
2532	2180
2173	2176
741	607
1298	771
1353	535
2181	2182
887	766
1245	1246
1448	686
239	163
1388	848
373	375
1502	1713
1078	1264
1088	1337
1042	644
974	520
1269	1270
2344	2249
115	889
353	1266
1016	1846
1132	107
790	679
690	366
334	157
1361	440
1449	942
1901	1710
2103	2090
573	1495
1598	1872
155	1957
1837	741
2149	2058
2401	1939
887	867
682	681
1967	925
1592	1048
617	620
871	874
1364	123
1844	1423
2118	2119
2048	795
471	530
1313	1317
1154	121
123	741
1410	1271
2149	1955
648	645
546	1157
1980	1979
442	1077
1215	469
1530	1232
2474	2393
887	769
99	742
66	791
975	253
518	522
775	232
1163	2300
336	657
50	51
18	24
1909	1616
1793	98
1906	1652
2396	2397
2157	2490
583	586
1330	2137
285	1023
959	444
795	2038
75	692
1589	602
1088	1435
168	180
612	834
956	187
447	1014
647	643
1213	1218
295	368
710	690
276	275
1039	1041
1626	1627
2061	1322
599	835
1542	217
222	223
1820	1015
1256	166
780	828
1370	1579
1767	1227
513	1769
2408	2452
1382	931
1020	42
1824	1833
859	44
940	707
164	1022
176	137
1131	2517
437	279
835	69
193	1350
2201	2282
990	1092
1226	1228
355	419
1165	1576
123	479
2382	1886
1229	973
1574	1575
258	1566
1975	1008
693	1246
481	261
1287	384
646	771
42	859
1974	280
2172	2024
156	163
299	1229
1076	1077
599	832
810	299
2275	2276
1183	1268
1583	1089
2484	1987
1569	877
1324	1329
492	474
918	805
445	299
2349	2483
935	347
1215	1012
1132	328
102	928
338	335
392	178
1777	1257
1275	1276
2513	2381
1161	832
1	108
749	896
391	1991
1719	836
1084	588
2068	2076
1384	347
1382	771
2306	2066
725	1236
2416	2417
1221	1850
1890	2035
2079	1957
1181	606
799	515
1255	442
1734	2121
1145	1146
355	149
2221	2091
1744	1325
1096	1094
859	351
2367	2113
845	1137
1675	981
2510	2517
1269	869
299	216
452	453
743	899
1646	1657
711	710
1575	133
193	694
1746	879
2093	2091
1824	138
278	276
2169	1936
65	67
1042	900
1716	1591
706	279
1287	123
929	932
1049	1047
126	765
2413	2366
730	1202
193	248
1496	255
1547	343
834	172
199	208
743	98
908	1336
1523	832
2270	2104
309	486
1581	249
1064	139
1349	1107
796	801
2259	2235
982	1210
1331	2373
1969	1950
231	506
2080	2201
749	65
2503	2185
1989	1990
1594	386
1939	1847
975	979
9	1939
2479	2267
484	1168
1189	1187
644	1052
2173	2175
128	134
1186	172
1937	1939
2150	2038
235	230
726	1446
571	551
1507	925
815	816
1719	40
216	597
1911	1063
158	770
1556	1201
1962	308
905	1773
2400	2343
1516	1527
2495	308
1650	1739
1037	1038
548	549
170	180
138	247
1390	1392
227	208
202	204
770	321
1053	413
2300	1163
2254	2201
486	491
2373	1943
398	160
2372	2151
1569	1482
1328	128
1146	1145
1840	900
1172	733
499	826
1831	956
1142	1528
680	683
1288	382
219	82
1735	1734
614	1655
415	1971
1909	575
1118	1115
1987	2339
1095	1344
1426	1099
279	1040
460	459
1337	604
2146	2011
1599	1449
281	1205
329	251
1721	426
2142	2528
1959	494
1083	1386
290	730
2326	2086
448	196
2464	2154
2056	2058
1856	2036
2118	2121
110	109
1944	1945
932	972
2261	2316
264	921
712	1525
639	1810
2465	2336
622	1019
2079	2201
196	193
1577	1610
1294	606
2351	2469
951	806
1020	1198
921	264
2190	2173
104	450
975	980
1596	1599
1806	1924
19	23
2036	2204
583	1252
1589	128
2348	1985
629	246
741	1943
1900	2427
52	218
1418	921
2322	2198
2344	2270
2179	2355
994	995
1442	1097
2045	1958
2242	1890
2229	2256
1024	36
2536	2281
2236	2238
2504	2419
552	1455
238	174
856	921
829	59
1677	559
1262	1259
1954	2055
1112	1336
2003	257
2150	2055
1355	2093
2351	2110
561	313
1476	1475
2022	1999
8	1560
463	307
693	62
1186	588
1392	1051
1096	985
2378	2380
2381	2526
711	301
659	59
1899	2286
2259	1954
2317	2185
2435	2128
38	1674
279	585
2438	2304
1658	148
418	1022
1936	2086
2106	2085
974	972
2443	1886
486	488
1987	794
710	711
667	662
2227	2246
1647	1843
1704	93
2151	2106
36	1433
2101	2103
374	1593
2182	2188
1798	1277
507	509
2434	2003
1175	476
1910	1181
155	1084
833	299
2112	2114
1527	1411
845	1026
936	302
86	80
925	836
934	937
2074	2094
774	1802
13	1274
879	878
2180	2173
412	890
1211	826
2061	2169
1181	1183
1479	174
2384	1532
203	207
1123	495
480	265
1616	1887
75	736
1543	1545
475	473
181	1666
1699	591
38	39
340	561
2481	2472
2371	2128
494	70
2199	2322
1264	497
1024	1028
560	133
2087	2327
1264	900
556	187
990	808
2086	2001
2379	2154
1886	777
945	968
1253	36
1967	187
669	422
1546	1233
1296	1297
153	1821
1732	1369
2287	1830
123	995
1782	219
1810	2073
2341	2340
1382	835
2076	741
429	426
531	746
1722	514
1777	717
769	1303
2147	2249
1284	520
1357	239
1497	1498
239	240
2493	2494
2171	2209
2141	2142
214	451
324	692
707	1100
270	273
325	324
1977	1036
374	373
2023	2028
372	376
2395	2198
1531	1958
1918	1685
1830	2319
1983	268
1494	1047
2384	2138
618	617
1092	2125
800	801
661	1058
260	263
1184	1850
1786	1033
2155	2156
1666	1610
2214	2221
1618	38
1850	442
783	983
162	227
596	1507
1130	148
2152	2153
1189	124
2152	2027
827	1090
382	727
986	1467
1304	1307
2422	2032
177	179
411	415
2085	2038
1462	604
2106	2038
834	1572
816	219
2237	2041
1767	120
812	305
373	1592
1974	1631
1321	1673
597	1457
489	487
495	923
91	566
600	678
1576	904
62	1972
222	80
1346	524
1478	952
241	239
1155	1249
969	229
959	268
2320	2295
149	357
958	749
1775	2108
1802	1803
1565	366
2035	2036
2199	2173
227	159
1285	66
2258	2229
151	540
1899	1492
225	218
440	442
1997	1998
2127	2129
368	371
1868	1428
761	424
1254	1176
2145	1830
222	180
1328	380
1129	1065
2065	2316
1455	575
758	1043
1887	493
1538	131
442	43
1065	1686
1850	1256
412	1196
496	708
2438	2065
1179	1178
63	64
2286	2289
1991	691
477	474
1889	431
866	367
2164	1597
2368	2149
84	80
166	172
1444	2435
1482	1445
2224	2231
421	93
1343	97
285	926
1060	1063
1274	161
1604	2169
2087	2283
242	809
2469	2351
313	316
102	780
922	1492
1203	460
513	1768
45	157
741	1837
2446	867
1451	806
879	1461
1679	1680
1446	1033
581	584
1668	1390
712	1633
2288	2076
1187	1189
2305	2092
1591	1257
2399	1331
1451	438
2354	2190
157	163
1062	2201
71	63
992	792
241	42
422	424
1114	111
177	1341
356	913
1047	1049
393	870
275	206
1341	178
192	559
2377	2052
2322	2187
1755	1867
482	261
511	512
582	577
1429	1558
136	228
2275	933
990	771
912	1696
54	58
1351	1352
184	1403
1665	1663
921	920
387	1855
1361	441
705	708
1239	1240
1477	693
2372	2249
2385	2381
2187	2188
1654	203
267	266
2024	2131
1093	2282
914	596
2335	2447
807	574
956	1486
915	407
1326	620
2271	2259
1509	1551
1794	1796
1550	1244
2014	2327
231	419
995	1982
357	289
1053	1698
65	66
2168	2469
387	390
1326	987
232	775
315	877
1707	1064
187	70
556	1617
2461	258
272	274
2232	2171
1067	436
2064	2229
308	1880
1032	1258
1553	321
454	515
345	382
1633	1614
268	959
257	1630
2153	2159
481	483
1004	281
2524	2190
2343	2037
15	1052
664	667
829	85
917	217
688	692
2431	2268
270	272
1270	1834
1411	1527
628	629
2064	2256
1615	453
2261	2260
630	736
211	783
116	120
579	530
64	71
2129	2127
2039	2055
1314	910
1245	1082
1501	261
2293	2117
309	666
952	284
706	941
1769	835
1651	707
447	844
2499	2032
714	1786
465	1472
1752	1229
19	1643
1436	1438
1725	1041
1581	1658
862	1158
513	820
925	1034
700	217
662	618
2360	2028
1910	415
2451	2077
606	1397
1300	529
2058	1899
1378	1896
2315	2185
786	1582
2075	2264
2427	2090
1035	1233
1855	387
1016	1013
172	166
2066	2078
1326	1542
182	1580
2303	2164
2199	2189
652	659
218	1058
2150	2040
1757	1348
1493	1494
1057	449
2003	604
1848	1031
14	1401
1734	1737
1357	778
1498	279
782	62
2426	2091
625	622
991	989
714	690
931	147
2123	840
151	148
324	1130
837	549
108	422
133	1574
523	145
502	503
276	278
1795	1744
333	555
891	848
597	1229
1123	1124
102	899
80	81
1204	1099
572	1172
320	1022
205	199
1184	1737
1115	1104
219	1782
2303	2183
2444	2337
1684	1043
336	613
1663	1664
230	236
292	294
842	757
518	519
609	313
143	144
374	448
392	166
2110	2112
816	813
1451	569
398	397
2193	2192
2332	1163
76	877
1303	769
802	803
414	1836
547	552
347	344
1410	1412
2298	794
775	235
1979	1981
964	962
1348	492
413	447
1869	624
2383	2206
2244	166
1343	575
250	136
1040	621
1581	806
1846	1844
2135	2049
2263	1898
995	543
1744	2320
1271	1410
1235	1236
516	587
2358	1983
1496	1027
1936	1322
1031	1032
549	548
921	856
1991	77
19	18
284	471
1569	1481
1476	693
462	459
2497	2344
576	581
1690	1394
2109	2075
1755	904
459	461
930	1055
654	968
1192	1189
1095	1061
980	1266
1172	166
552	547
1926	827
1225	1224
2083	2014
1259	1260
1077	93
1675	243
1917	707
1901	399
76	75
1647	1218
274	158
686	1204
2113	2215
2040	2084
2113	1898
2065	2078
1936	2169
807	808
900	901
2030	2356
2039	2038
772	66
139	384
320	237
1073	604
2386	1588
2371	2125
1044	1586
2177	2411
508	509
2205	2129
262	614
2084	2324
5	580
1075	102
1616	572
2147	2000
439	443
2098	1830
2350	2015
796	458
559	1339
1174	2064
790	678
164	1199
736	877
1511	1513
1129	1261
2263	2113
560	1378
2451	1903
176	177
938	208
302	1637
1453	779
2120	2049
502	504
45	875
1258	763
1743	1910
597	877
1896	1446
741	605
1570	259
210	612
1202	730
22	1613
1955	2040
2189	2196
1015	543
228	226
11	7
341	597
1369	868
1892	1893
1887	1510
1866	2390
2038	1936
1517	408
2382	2142
1183	1674
1217	161
739	740
197	376
960	1309
1290	1532
1406	603
1017	1012
533	806
1085	1245
2427	2235
1101	1458
707	940
779	1452
1025	963
536	960
1302	523
1494	205
1700	849
836	925
1511	1512
1024	37
1648	1764
428	1710
1500	261
1576	1622
1770	1315
2083	2001
1169	659
767	546
2414	2040
701	694
851	1001
964	136
1876	1183
2509	2210
1125	248
629	627
1931	922
1320	709
761	762
1371	1899
1144	237
199	202
2364	2240
2426	1728
1027	1454
2448	2055
55	624
746	1606
2073	2234
2110	2114
66	67
1655	278
146	600
180	1864
856	260
2413	2293
1604	2167
2458	2086
413	1745
478	128
1587	1711
955	1570
2321	2201
930	1011
1712	389
1975	1370
1143	1141
1085	1082
2009	2008
1101	966
351	591
1073	1497
490	486
2028	1829
2054	2058
2022	1735
1954	2293
1980	2164
846	847
1338	494
2225	2167
1619	1090
85	83
1168	484
1104	1115
1234	1233
1404	122
1033	136
1061	606
1033	1035
1529	228
2504	2502
1273	336
1867	791
2511	2454
673	936
460	174
714	353
1386	1083
721	2475
190	198
1107	1525
664	666
1766	419
1196	620
856	286
704	876
959	298
1452	162
1045	1046
255	1096
2140	1999
2145	2009
930	604
1332	1326
82	624
2367	2075
1953	304
2361	2314
969	1189
2231	910
728	730
1968	411
1736	605
618	1073
2363	2365
800	782
2456	2390
1047	1048
2200	2183
547	548
196	929
2107	1998
81	1232
438	1254
1576	24
1890	1334
602	123
2386	2401
550	1116
1312	1376
1879	242
1982	1656
1082	1083
1067	410
558	369
619	664
259	1899
1305	467
1708	323
1332	299
244	1109
148	154
445	987
2067	1728
576	586
461	237
10	13
1968	1181
1768	1120
613	172
522	1497
129	131
1129	451
1472	309
1284	127
1087	1092
482	480
817	820
197	193
155	1266
1482	689
517	1707
2492	2176
1547	300
1492	1899
806	7
1827	266
1598	1304
661	489
1973	1221
1061	607
1170	222
1129	131
629	735
2230	1795
334	418
1170	1612
1021	354
2310	2308
1521	1078
161	548
1856	2144
1391	1390
1065	1193
557	559
2517	2173
22	908
481	501
2324	2093
370	367
1807	1382
2193	2149
722	724
2058	2376
57	271
1078	296
264	265
2417	2174
2462	1734
1472	464
483	485
2160	2116
1903	2205
1634	1632
1479	1609
817	819
2269	2055
815	813
1369	1732
579	592
2111	2146
1632	1633
2105	2089
367	294
2064	2258
2163	2138
245	246
1148	1150
1592	1652
13	10
234	235
520	972
363	437
1001	851
1641	1927
1931	78
2124	2125
1327	1898
729	730
2422	2281
2511	2015
936	327
2404	2405
654	700
2410	2326
229	702
836	187
1899	259
2008	2010
1616	1909
526	1073
2194	1656
735	627
1791	282
2368	2235
20	19
1547	1510
196	662
2274	2414
1997	1999
514	1081
216	606
2204	2205
606	596
1786	312
508	171
2055	2448
2187	2197
535	300
1136	315
2122	2402
280	281
1376	77
645	891
1084	907
239	279
2141	2470
158	1613
1163	2185
685	797
1082	265
681	1070
227	103
64	145
681	682
1659	1102
1566	258
2232	2406
21	24
2017	2278
2250	2132
157	390
1042	246
444	447
2135	2139
1453	1626
639	1811
1810	637
1967	836
825	1296
2091	2095
2010	2215
2403	2075
2370	2181
428	1277
1879	1886
2516	2307
1406	70
667	600
1160	380
2203	2173
1671	903
1325	1743
1017	1094
1723	732
2245	2252
1647	1081
2436	2428
2010	1492
2410	2414
87	82
858	1081
2132	2131
1369	1489
1823	621
1340	178
871	1560
54	62
57	492
815	1701
2012	1063
2488	2080
2441	2440
545	464
917	810
1452	779
29	25
519	575
2504	2231
1098	787
876	704
2245	2210
127	1161
2327	2085
1226	1227
337	247
438	1397
2331	2408
1746	1567
1481	1482
182	137
2214	2000
269	128
670	514
2128	2093
113	1445
2179	2032
1339	492
567	428
1704	442
1361	442
1050	2230
2295	2294
1807	164
453	1302
1871	1754
75	932
232	235
2365	2417
2247	2473
317	78
147	618
1981	638
1824	1831
480	485
72	68
805	1362
254	255
1916	22
780	99
21	537
263	262
2247	1992
706	208
2486	2053
2293	2300
235	232
81	82
1568	1608
2373	2357
706	519
2354	2196
419	355
980	685
1770	690
377	78
2511	2098
1175	1177
2114	2110
405	141
1172	173
1060	1062
1805	958
459	462
1552	1949
307	306
613	616
1880	836
2124	2129
1887	1605
687	835
690	673
455	452
508	432
1267	1268
660	1107
744	746
520	574
1910	200
2340	2341
339	1350
195	19
2480	1533
2226	2229
2106	2088
635	631
95	92
1897	552
1100	707
441	1361
941	942
2057	2058
242	1606
817	359
398	582
1470	1092
1911	2178
2337	2400
1250	1201
1081	1218
402	403
768	764
1672	1972
2343	2337
1033	566
664	662
680	681
1391	1548
618	666
992	907
996	930
1898	2115
2491	2189
194	52
714	131
1189	746
182	1487
256	347
733	875
1515	1516
1331	2415
147	604
1070	169
743	927
1199	1022
1659	973
101	795
23	1834
1087	1089
255	1097
1944	2398
1296	812
1719	851
2056	2057
1670	1672
522	843
1973	123
604	339
2492	2293
1280	1031
554	1208
642	645
1359	827
974	938
2100	1371
2289	2075
608	255
1067	244
2179	2275
126	914
1814	178
106	108
691	651
551	1135
1452	1453
2327	2039
1220	741
2202	1091
911	732
1094	1097
365	1018
439	440
1481	1019
1154	788
2454	2053
211	1895
2081	2096
713	729
2323	2275
121	122
389	139
650	660
516	1336
701	1410
305	673
899	864
1491	922
1183	1227
279	1752
1203	1177
1943	2076
2099	682
2426	2440
1061	1095
2394	2045
658	1021
601	67
1533	2051
911	895
126	1496
1447	694
821	1897
332	334
694	700
1832	977
41	45
1458	1099
291	201
879	331
578	519
1497	811
1999	1461
2279	2096
2098	2081
1958	1942
697	804
555	1279
334	843
1612	329
2130	2043
2411	2117
993	1547
2344	2379
271	1020
2507	2103
358	184
2186	2188
327	936
1332	1333
1991	1580
689	1482
566	138
104	836
1639	1510
329	631
1022	418
1550	1036
252	1075
1516	1167
693	1477
350	353
1743	1347
475	477
1716	1717
1238	1237
141	1122
2039	2085
549	1128
2462	1733
716	844
399	401
1533	2145
573	1373
608	1344
426	428
688	651
1306	1594
2398	1944
2368	1954
2192	1470
1612	714
868	769
1845	1582
919	274
1858	1206
1677	139
2234	2106
1462	1464
1371	2057
565	1874
1229	1230
1346	1014
174	1479
361	1273
541	277
63	69
679	1229
1908	1222
1919	124
1964	1965
1909	1438
837	825
2224	2211
491	489
1176	1254
1572	1698
1157	550
1261	1129
2286	2287
1537	484
2007	2102
1826	309
2167	2115
1518	346
2071	2522
552	1230
2414	2326
1532	2318
2537	2520
1477	1445
1266	170
570	567
2435	2107
850	187
2161	1524
633	631
387	386
2134	2440
950	575
1742	268
967	970
2125	2129
2052	2094
80	84
1390	929
1036	807
625	624
270	271
708	378
1536	1510
11	12
119	1862
1973	528
2469	2168
417	775
212	339
1346	1180
553	691
2426	2459
2057	2052
117	896
2286	1955
1533	1532
714	1629
1282	1459
421	90
2053	2458
2380	2509
2346	1790
2003	2009
2032	2065
1726	954
2171	2382
1666	232
549	1065
2381	2256
1472	287
2452	1331
1763	2427
1163	2001
1192	1190
1642	1856
104	1095
1761	142
383	685
1339	1164
2340	2199
2440	2083
204	202
1564	1172
1582	1584
775	1101
2143	2221
2180	2357
314	130
859	348
2504	2120
1495	1528
433	431
1012	1017
1072	1074
2183	2306
1393	1395
2244	843
1326	299
2286	1899
1315	98
65	679
2147	2040
1685	1247
45	787
733	1449
2307	2312
70	1034
1309	303
2313	2046
35	383
1022	164
2143	1929
74	339
1523	257
906	1303
1646	840
2429	2039
978	1205
1016	1017
284	823
1985	2055
2119	2139
594	590
1376	609
1623	1327
1514	1254
976	1205
2101	2009
2169	2376
621	617
2149	2329
2168	1536
849	186
2264	2229
1187	1191
114	112
925	596
2129	1936
951	1705
2165	1728
624	82
1917	574
1364	1369
1725	703
443	1355
1172	206
1357	593
1270	499
1851	290
627	629
2072	638
32	25
2055	2040
2207	2208
347	348
623	622
1541	934
1507	189
1773	589
1124	1698
1094	255
1930	1643
671	672
1080	979
330	331
1777	1591
1874	565
1103	1109
1885	771
2239	2162
2062	1337
28	826
504	1183
1362	1363
2128	2012
972	974
730	20
1256	1255
1810	1316
525	20
2225	2076
109	110
70	1507
548	832
1271	805
958	959
717	1591
395	141
636	634
1809	1030
1546	1443
2521	1744
741	678
1902	1369
1707	1927
52	221
460	702
2080	2079
190	192
1795	2230
648	847
2014	2083
806	1231
1897	553
1055	737
1700	235
1322	2371
350	354
636	812
296	725
738	1055
1956	1409
437	1039
1338	665
1806	1039
394	1591
739	1219
189	1112
289	33
1095	1459
2406	2188
766	769
2246	1899
327	1637
2151	2038
2409	2122
725	1642
818	694
1424	1900
1452	1454
458	452
663	667
2062	1952
640	1578
1226	799
152	151
1331	2320
1727	1167
291	564
349	1520
2218	2232
335	336
1147	1022
0	3
1497	1230
539	1431
2493	2497
874	1685
2399	2027
2516	2503
1376	1378
85	1475
2106	2040
1204	619
14	10
1794	245
891	407
1778	780
932	929
299	1457
2310	2164
1750	67
1381	713
664	618
2282	2079
1667	1184
234	230
2211	2281
426	429
166	167
1278	1282
1587	1312
1241	52
1152	332
1753	1203
535	533
1468	1469
2400	1855
1946	1948
959	542
124	396
917	918
1544	1620
111	313
1475	56
1247	796
2067	2095
103	227
585	1320
1349	1128
1839	1831
603	417
2420	2058
2120	1938
2161	2160
1227	1830
1024	1345
2012	2093
436	1342
1639	1378
1294	1229
764	766
2325	2224
1681	99
2347	2112
2451	2182
541	1995
2213	2296
257	413
2281	2174
2398	2123
180	215
1327	1899
2400	390
137	132
1775	2349
239	241
2181	2184
1359	151
312	1658
1913	515
40	1674
2017	556
1354	534
2097	2225
795	2115
337	1292
452	458
1183	1361
1223	1224
1378	673
1653	1039
2520	620
2360	1603
2381	2465
670	668
2001	1997
2418	2402
6	9
501	483
1596	1140
2028	2032
1936	2038
986	1115
425	1837
733	108
741	996
2412	2282
368	788
1038	2270
1563	2479
1507	596
1532	2109
240	622
1128	1322
709	1128
1907	2476
1399	1922
1028	1439
230	231
2332	2093
981	584
540	151
1012	716
1793	517
582	854
136	352
2036	2266
918	701
1041	1039
776	1020
73	77
1240	275
171	166
2278	1900
612	1368
1497	1075
1501	1230
1020	1340
127	788
2121	1196
2112	2110
1139	1993
2365	2284
1177	1686
2194	2022
2523	2357
1668	127
203	1729
45	41
1419	794
661	85
1146	591
608	1027
2367	2263
615	1304
1189	319
2276	1957
819	821
2286	1830
1732	1489
846	849
2285	2218
1852	1879
2033	2233
667	494
886	883
702	704
933	2275
521	279
2246	2359
1824	1207
1717	1591
1283	810
131	711
1337	906
162	928
2264	2261
2427	2073
2495	1400
342	1560
2044	2043
1079	49
303	302
1800	1801
282	43
112	115
381	377
1028	907
816	1928
1155	1152
1682	1683
1639	1538
2378	2256
1274	843
1017	1097
1037	2148
171	462
1310	111
2501	1317
367	369
1838	730
1152	1153
2	0
261	485
677	140
1820	742
520	707
1447	1102
388	1456
783	781
687	607
1238	1235
643	647
1727	901
227	809
624	241
1046	1951
74	860
216	1118
1267	98
588	1084
2438	278
1583	1584
423	1287
2402	2426
1707	1641
117	33
1368	808
1406	267
1115	986
52	217
952	1286
1986	1987
1422	113
1571	140
204	436
1849	2438
2297	1837
957	548
2485	2415
2259	1038
1183	713
2087	2086
2129	2202
1737	1735
692	688
1032	872
1408	950
381	1076
620	617
29	845
807	156
2202	2125
794	2334
1514	1889
2042	2037
1202	961
2055	2038
1275	1200
664	619
1410	1411
1395	1493
1911	714
1624	1623
1264	1284
1065	814
1779	1780
2281	2285
2009	2159
1025	462
2393	2395
1152	1155
1032	1036
1594	1287
1490	998
308	750
1274	776
2152	2154
1381	802
764	767
1317	1097
1714	1715
1950	1856
50	762
2345	2090
588	1071
2323	2195
1318	37
2046	2313
678	495
345	1434
792	789
424	509
897	433
1480	162
963	1024
742	418
1580	194
2269	2235
1991	303
1033	1785
1057	792
751	1376
96	84
1693	1261
1841	1317
22	559
1889	1514
2001	2086
357	983
2283	2087
2513	2339
1870	1871
294	268
1786	1612
1481	1673
92	698
2208	2189
2241	2427
563	1267
1874	757
653	695
101	793
598	1368
2013	1936
304	1272
1802	1271
734	224
23	1319
1095	1397
2499	2079
999	997
2149	2410
851	999
2274	2087
992	1060
1298	23
1771	1772
789	687
1802	727
2528	2366
651	655
1040	578
674	301
1396	977
33	357
733	237
1310	318
1865	744
1221	441
991	992
1156	340
2315	2407
1266	1808
526	527
690	131
390	1147
1090	1960
2518	1715
646	69
2403	2460
1579	395
224	180
281	278
1333	1334
658	1020
1355	2128
755	752
1052	222
807	809
328	2
790	1034
1332	1335
411	414
1113	598
416	157
2122	1929
901	950
1514	886
1699	1700
2395	2309
637	640
1280	1035
67	63
133	560
1488	78
1217	1218
1371	2099
494	835
950	682
1957	2304
170	168
1710	1148
1198	493
1095	134
2366	1958
50	1356
2525	2068
753	1327
392	359
1887	1671
758	1506
1560	456
583	840
2026	1678
275	281
2531	2072
883	886
1888	758
2161	2010
1455	1345
499	1265
1853	1854
1445	1349
2016	963
788	1264
1086	1592
1672	1412
748	368
1452	163
1305	1747
1406	123
1014	1745
567	265
250	1064
737	741
1863	203
1347	115
1360	1915
602	1589
1782	85
1954	2374
607	987
2521	2277
854	1295
2199	2188
34	37
694	695
437	577
1453	585
2238	2421
121	126
2504	2139
804	802
959	1022
1536	1537
1489	187
623	625
1221	1256
1171	1211
2134	2263
1340	981
134	454
2084	2091
1277	926
208	577
728	418
798	954
1641	1707
1927	1707
2345	2016
2061	2125
1075	1230
2276	2127
817	16
131	673
1938	1939
841	842
2238	1532
1393	1394
1873	468
251	395
214	84
2232	2131
2378	2421
1774	1775
47	48
2491	2208
225	1058
2380	2210
1109	1645
1172	417
1176	584
224	80
2204	2178
2054	1982
31	1658
2007	2162
1220	1218
540	628
2508	1979
240	1449
835	687
201	1452
141	1670
2221	2271
1005	778
1161	1162
765	189
835	931
713	1005
1667	402
2292	2407
153	148
2038	2234
1273	874
2221	2435
1529	163
1546	8
1495	979
2207	2285
570	485
2167	1898
1779	1781
606	257
592	594
1070	1067
737	65
452	455
2232	2231
517	251
58	1577
401	349
880	1065
1325	318
1172	161
585	743
1633	1110
2033	2353
1509	583
2524	2133
144	1577
700	397
157	1199
2530	2140
271	1144
1144	703
1837	2124
496	963
1160	1098
1132	1019
440	410
995	449
2080	2185
300	532
2131	2045
1283	1162
1128	1349
1594	1487
2114	2348
2110	2113
525	610
774	336
652	59
1005	1845
108	233
313	75
984	783
131	936
569	457
1014	1709
1832	1108
1241	1021
994	543
805	804
8	893
1220	187
1562	1072
2095	2091
1977	687
1814	1813
2138	2364
1484	124
1787	329
1060	739
811	593
2003	1936
536	290
663	1196
1968	174
1082	328
2299	2309
1547	1247
667	197
1019	42
1630	257
259	2010
2425	2424
256	349
232	777
2086	2169
210	209
1753	1756
1596	1093
12	1250
729	713
881	885
1765	886
1851	379
1717	394
1636	1638
1457	1118
1985	2018
2207	2046
171	1193
1627	1453
1071	244
685	1266
705	572
818	817
64	146
104	98
691	977
1869	644
762	1398
839	1262
157	164
941	938
2056	2448
451	214
2135	2123
172	581
2287	2075
2428	2418
2284	2264
1749	1820
933	2277
1224	1225
3	108
302	132
726	370
1176	474
472	470
2423	2424
2372	2373
2271	1955
1931	915
341	931
1973	1994
1673	1242
351	594
1006	100
2215	2115
549	547
188	1119
2095	147
1047	140
842	845
42	770
900	905
42	858
558	901
303	817
1396	1207
24	21
243	593
111	1829
444	445
1481	651
634	405
2066	1764
2116	2102
2395	2357
877	878
734	1385
299	617
1475	1477
1279	1277
1353	992
2208	2315
1270	1835
1080	1212
681	1099
2028	1174
725	258
1475	85
1645	686
2090	2102
1698	930
1897	1819
178	1707
426	14
2367	1997
60	626
2052	2220
1366	774
809	1253
2516	2313
1193	1194
2012	2222
2455	2456
1224	1223
2381	2380
2089	2001
807	811
541	539
416	165
2459	2122
836	985
1106	822
492	496
759	756
2188	2190
1208	1085
1577	1059
1106	326
2289	2113
1502	1064
237	703
1936	925
2346	1443
272	270
223	85
341	909
76	1057
787	151
41	44
400	61
2136	2069
919	264
1197	351
1550	1524
1723	1606
2327	2151
1605	1884
1283	1285
2149	1954
1091	2095
2280	2493
2175	2177
690	936
475	1372
1530	82
386	1287
2011	2113
2521	1163
1455	159
1042	1044
146	147
591	1022
15	136
2130	2045
1851	603
1541	1403
2375	2067
441	1256
123	824
1114	868
703	1144
2392	2133
1547	1011
1260	878
2451	1174
982	1272
617	618
1746	1798
2057	2037
1682	1684
963	1027
1502	1646
797	685
2047	2050
1709	1184
1958	2166
1547	1671
2182	1062
1207	80
2257	2399
1233	804
907	824
1687	1688
1170	1169
1336	516
225	80
1485	836
1482	1481
1957	2268
1563	1903
603	1644
221	157
998	1490
2403	2328
1186	480
318	77
2096	2097
1430	1887
1245	1105
1791	185
1426	665
1259	879
1324	132
184	183
781	352
554	1209
2109	1796
2353	2421
1184	452
2167	2361
539	143
129	304
1612	979
925	790
404	402
2423	2209
1467	535
1203	252
2079	1093
1023	322
2313	1903
805	694
655	1009
2072	1810
852	1095
2538	2053
1943	2041
657	656
1741	23
215	167
1117	299
1634	717
165	320
166	168
297	299
2305	2415
1759	1760
497	499
203	357
2510	2031
2046	2262
619	617
1108	1612
280	563
1106	693
948	682
2038	2106
2087	2274
370	866
2521	2276
447	23
2087	1063
1079	1081
1231	1229
1067	1070
1195	1425
989	832
2459	2147
48	1387
1683	1090
1214	1530
1849	1848
1629	976
1230	552
667	1111
169	733
1877	1458
1813	1631
787	132
1600	815
2533	1958
563	915
878	1460
2220	2219
809	811
1866	2266
1989	1255
838	791
692	673
1433	1431
1573	242
774	1930
1750	1397
1536	1321
134	792
1391	1118
481	570
831	833
154	142
1479	237
238	243
1816	1491
1171	1069
618	66
2402	194
1001	1123
1002	1006
1221	1255
2337	2444
1868	1411
2105	2088
987	1644
244	1071
2266	2268
1021	1179
161	156
211	1116
1456	1274
1019	658
157	416
1684	1098
517	214
2439	2246
1047	303
1043	1370
2099	1899
213	1287
216	1117
135	331
1063	2012
340	247
2145	1796
1217	441
1510	57
631	329
510	1398
2432	2307
749	1196
1743	1840
404	1639
622	624
306	309
2458	1929
2326	2293
2145	2484
2176	2201
150	253
2016	2019
2067	2093
1147	1199
1239	1210
707	972
1103	1105
972	706
1723	1133
1726	1502
607	741
1249	1981
1811	2500
1394	1476
961	719
2379	2210
2146	2149
437	1752
2179	2036
1459	1499
2115	765
896	749
134	1095
746	1190
2084	2259
852	189
2219	2221
338	1442
1851	196
73	76
218	652
1128	16
2063	2064
2137	2010
256	1207
2125	2127
1734	1735
242	577
1589	135
2499	2299
389	1224
1536	1055
1844	1845
275	279
2399	2439
2303	2323
1472	1399
2397	1886
2440	2442
1125	836
976	978
1338	559
901	1715
2183	2304
2517	2179
2325	2211
1388	1183
930	1053
2271	2201
749	877
214	52
315	1137
102	227
2371	2129
1486	187
2259	2201
1398	219
1190	1189
2534	2266
1443	408
1656	1982
2173	2177
986	559
174	320
532	533
410	876
541	1695
519	285
1171	205
194	1243
788	866
216	530
2303	2336
1360	867
77	78
1874	759
242	421
1357	241
2343	1037
1116	338
2326	2151
1553	1330
234	232
2339	2132
1856	1950
1564	180
1467	382
211	1317
1513	1567
302	812
1798	1084
344	349
1508	1570
833	598
33	117
1056	751
380	381
2005	2007
1850	1950
991	739
2364	2363
2329	1898
2162	2161
1438	1654
1476	1481
311	979
248	253
447	413
229	5
1347	1325
1476	353
1720	1721
2197	2226
1313	1315
620	666
2064	2036
2168	9
264	485
605	1736
899	927
1032	432
692	991
1145	1102
2099	1322
2021	194
1933	509
2246	2436
1421	188
1362	10
1502	395
1706	976
711	673
2427	2039
613	614
2350	2158
521	243
1429	151
1855	1679
2091	2092
1168	827
854	584
1676	1354
848	846
1135	1522
2374	2151
1551	47
1074	241
384	281
55	231
2136	2060
29	1571
1239	509
2270	2040
2053	2160
1017	1096
1902	901
547	553
1073	578
105	1793
402	406
1046	1674
2091	2094
762	507
182	26
492	57
952	884
2018	2345
1633	427
347	270
1349	1232
1182	790
2373	2292
986	445
2231	2391
2379	2509
2	1257
789	678
1093	2301
1355	441
570	481
797	953
1991	819
1686	1244
1869	662
280	1027
1060	992
268	269
77	536
125	127
192	906
676	1310
925	70
980	343
317	550
1460	878
177	395
1771	1407
1396	144
1324	1325
2235	2055
924	790
940	938
220	59
950	803
531	471
1537	1272
295	371
349	347
1222	40
724	194
837	840
2008	2013
854	582
2186	2131
150	152
521	1561
2336	1965
1508	1188
939	942
232	776
85	829
155	734
1477	1476
129	301
760	762
1695	289
348	1520
1254	585
819	347
1097	255
1571	1572
1317	1517
129	305
2168	2502
1707	251
1562	521
771	678
1634	394
1907	2192
883	704
935	859
2425	1092
360	364
2528	878
2325	1903
488	1399
1907	2407
809	1040
166	170
2373	2000
247	316
1371	807
752	70
13	256
2384	2235
2197	2228
22	18
2234	2259
2082	2421
644	1051
689	1481
1436	504
1433	539
436	281
1277	1281
2258	2521
1125	376
1841	1249
2428	2120
1245	1085
2209	2254
494	147
1171	1175
858	170
1287	387
1433	1695
35	34
2093	2095
82	81
1136	1139
831	314
249	405
756	757
1055	909
856	920
244	1230
992	740
2166	1091
279	706
448	1333
904	1366
1742	543
62	54
2027	1958
40	1304
222	224
2113	2115
510	507
1531	1290
4	235
2411	2210
560	1114
1058	659
1319	1282
2201	2077
366	360
1808	16
1366	739
686	363
82	42
2177	2175
1188	1509
1168	1169
486	487
1370	386
950	501
1799	458
2142	2238
68	1285
209	212
1470	1091
2129	2091
416	390
727	382
984	784
1746	1305
1926	841
2366	2164
1837	2128
71	68
382	1611
1216	1215
849	814
1903	2210
1316	900
1823	1690
994	1656
2409	1936
1375	1374
2316	2206
1047	714
511	514
1043	758
97	946
1763	1419
967	968
2386	2364
1296	673
2435	2093
2518	1546
190	195
476	57
948	17
1390	446
496	206
833	559
521	72
2085	2055
668	669
808	990
105	705
2266	2321
577	321
716	1872
722	258
2306	1656
82	107
1695	1320
2045	2529
996	644
1457	987
907	1382
1748	989
2225	2068
662	664
1826	1827
1249	100
1057	78
350	345
2254	2077
1231	806
102	927
849	702
2302	2182
96	97
2160	2161
993	1546
2105	2235
922	925
1047	1050
828	714
2325	2328
188	1831
240	1204
1059	1504
852	210
1824	341
1802	336
1607	1258
2417	2276
171	1194
1504	876
717	1634
2294	2188
1883	1018
2489	2397
1514	548
2326	2089
250	253
235	236
1071	1357
2480	2145
666	620
660	659
1807	790
974	707
1773	905
883	885
2269	2105
2301	1092
791	1006
1429	46
2054	2056
1818	1133
33	149
1617	1137
2008	2014
2313	2370
1666	174
1841	826
1279	882
1932	1439
137	140
144	1665
1725	1028
670	1812
1792	483
1073	279
986	924
383	681
1886	1355
1521	990
1503	308
2265	2337
63	66
1195	1278
48	47
132	787
1919	700
1153	750
384	1287
1348	981
1730	288
623	240
1819	1640
682	951
2258	2032
2517	2282
1014	791
2415	2305
52	215
619	621
2236	2237
438	431
176	175
992	739
2051	2486
263	982
392	394
2387	1330
2437	2433
408	415
1706	1205
464	1503
2185	2262
1428	1427
641	639
1416	124
2203	1563
1931	64
2078	2151
941	947
1533	2144
1755	1460
21	1622
2272	2009
1659	1231
1111	494
708	206
242	578
1442	125
471	470
460	166
2066	2306
2071	2512
1386	988
982	264
321	165
221	320
981	1675
217	147
975	978
1802	17
2165	2411
2137	2136
2198	2187
2218	2065
2297	2213
1859	1177
476	492
2527	592
87	83
1105	214
139	389
1044	999
477	1024
221	1725
1418	1289
979	1788
1672	1476
778	440
1883	1747
598	1298
1859	1256
62	1134
2182	2201
2371	2077
1013	1016
221	232
475	1175
172	1039
2517	2355
2313	2043
881	1260
2025	2387
1625	627
931	494
10	17
597	1069
961	1202
1185	1186
1354	1676
2244	2001
72	600
1885	808
626	55
1975	1302
1361	1355
273	347
2067	2082
1370	1747
2404	2362
1616	205
629	628
305	302
1518	1520
1759	357
1191	1302
350	344
1154	1136
97	1148
1542	68
1253	1176
759	757
1181	503
678	835
1612	1108
886	884
715	717
574	520
700	654
2444	2002
953	461
2105	2269
1690	1543
2069	2071
1566	1407
229	55
1331	2399
1919	1484
2010	259
410	577
2081	1597
133	128
772	741
2320	1335
1213	799
503	662
135	1776
922	836
1288	1125
1241	1194
1040	809
534	533
2264	2262
62	55
577	938
2096	2081
849	1700
42	241
1058	59
933	1957
1265	1317
150	148
1796	2142
1761	362
1838	1959
2211	2174
772	687
1100	1255
480	481
2198	2195
1946	1947
2238	2141
2131	2230
1651	786
509	215
829	224
492	494
306	307
2150	2088
1674	1650
1624	123
939	706
403	402
935	833
1883	93
798	957
296	1405
769	1369
1378	382
2003	2231
1695	203
322	321
1584	786
2370	2203
852	213
1903	2203
2096	2083
234	237
1942	2305
582	584
1585	1434
49	50
754	395
1077	1255
1633	208
1982	2291
149	33
1432	1297
108	106
2283	2011
767	765
1393	151
1747	1113
2116	2160
197	1335
556	836
1744	2352
1114	1117
1004	893
1877	476
2232	1092
1370	1812
550	212
2378	2210
1432	1806
2130	2131
936	673
662	666
1211	779
112	113
2188	2187
369	367
603	925
300	537
1406	602
1878	1115
1980	2190
1207	1367
208	410
1052	857
748	750
2254	2176
656	657
976	164
417	522
6	7
1938	2003
2189	2491
2478	2197
395	251
424	1032
680	685
1214	82
660	661
1902	1336
2019	2517
1208	1245
1699	848
2117	1898
1256	43
2013	2160
2200	2378
650	661
2078	2065
319	321
1903	2176
464	1472
1202	75
2470	2469
2029	2030
2482	2372
2008	2015
1195	1423
180	170
435	276
323	326
2173	2178
223	1175
233	108
1930	804
258	725
767	1319
166	174
403	405
1708	325
283	282
1026	1847
2157	1944
98	105
1970	1971
775	240
387	423
83	87
1210	1160
1376	727
2231	2126
1196	1952
1637	936
1077	1217
1378	711
1377	349
906	192
141	1278
299	1118
987	620
1276	1609
911	913
585	1454
2387	2280
1308	433
433	1308
1283	67
23	1440
1929	2459
2207	2078
1757	153
2032	2173
2086	2127
2315	101
2354	2310
2377	2095
1276	1100
1506	1012
1544	779
572	206
2437	2204
2501	2140
652	224
148	149
139	390
1145	1229
637	639
992	989
250	14
228	790
821	817
1005	756
495	63
495	790
1154	1311
2014	2314
142	154
701	7
1139	1222
649	651
646	66
50	207
1143	838
869	870
1515	845
496	205
752	755
2123	2459
2208	1903
806	533
926	1455
1296	672
153	124
1519	1520
1071	580
125	1668
1782	80
2371	2147
2467	2466
2269	2271
2523	2390
53	1764
2266	2082
833	832
633	1797
256	1206
2032	2078
1666	1663
1122	1564
1936	2471
1713	1502
1858	1674
1171	708
174	1138
1675	791
1940	111
126	836
977	729
1961	1745
2000	2129
1206	256
1728	1942
1792	1595
149	356
598	1677
1353	216
823	284
480	175
1941	1341
443	577
738	739
33	359
1304	40
2319	1532
969	1454
531	1188
1140	2299
2165	2092
2240	2137
77	991
1442	1598
2080	2282
761	763
2194	2221
644	1054
190	197
938	940
561	17
2518	414
1642	1843
402	404
2141	2472
1125	925
2188	2196
67	596
115	329
28	330
1384	1052
749	546
601	495
603	790
930	679
1625	449
2209	2489
1997	2002
2379	2380
1205	1109
379	604
900	904
594	164
2353	1470
1451	1231
237	1144
890	889
2168	843
1491	925
1992	2066
1443	1546
41	46
1282	147
923	495
520	940
1957	2036
2216	1849
866	368
65	678
2156	2164
512	517
2134	2055
1936	2126
1122	1119
2180	2407
904	198
1857	453
439	441
898	897
679	925
1756	2205
271	579
741	901
1540	1538
883	884
229	390
2297	2010
168	505
718	720
1447	355
172	955
38	943
18	21
2253	2252
766	1470
67	68
2517	2178
2091	621
1425	1277
624	107
1512	357
1577	1504
1353	1118
820	817
2037	2042
529	160
1697	102
1248	1249
241	770
2501	2364
1002	1004
1772	413
415	1709
1197	1198
213	209
2259	2040
1715	1738
917	375
631	633
2105	1955
799	12
2005	1810
219	1398
1717	1634
2523	2415
1653	1181
659	652
2013	429
513	549
1107	660
2145	9
316	313
606	604
2147	2077
2345	2235
570	1084
891	1184
1578	1536
2210	2229
555	34
449	1053
2055	2234
1468	215
2358	1999
258	1337
379	198
2215	2286
2200	2182
129	300
348	859
2508	2170
175	179
1195	1424
1319	1696
1450	285
631	636
1964	309
208	940
1022	390
238	240
2309	2077
1157	767
116	118
131	710
1748	1293
2018	2016
1309	960
1340	1341
340	1156
1306	823
850	385
450	607
1513	214
1710	1149
1133	1722
1300	1724
1522	430
196	376
2148	1955
1852	379
941	410
135	1589
2208	2229
2176	2174
2055	2150
1314	261
2304	2378
1018	1664
148	152
327	324
989	991
159	243
1402	1403
2195	2178
1009	427
2270	795
740	1397
29	1678
1061	1060
848	952
1326	1630
861	862
2324	2371
1888	253
1240	778
458	177
1091	2125
2228	2388
294	877
706	942
1809	1345
1787	3
2372	2038
830	1275
687	495
1580	391
347	346
2390	933
247	138
267	687
2	56
964	99
1103	1104
1211	1626
1660	612
936	711
2211	2033
414	411
285	578
68	63
2126	1355
2338	2265
275	180
1740	572
662	665
1662	997
852	1162
998	1489
2013	2039
338	1116
1626	1453
846	174
1378	560
127	1840
1837	1419
2071	2506
61	1665
2340	2188
2419	2049
224	829
1197	658
67	925
2114	2112
746	1219
2139	2141
1451	1229
2109	1942
592	770
1048	714
267	1095
2039	2037
1705	178
417	843
1522	551
2127	2169
2510	2262
2188	2189
71	790
357	951
1324	1328
1830	2359
1217	1081
1039	172
111	314
1934	1704
1153	1587
2314	2270
354	935
147	931
1026	271
1920	1600
2446	2178
244	243
926	864
2141	2139
1628	1172
1290	1289
2104	2055
1016	1012
324	323
2132	2130
1897	357
1956	558
2507	2087
25	33
2037	2040
1567	1570
536	300
2235	2040
1757	1758
2350	2213
2097	2014
252	1497
1115	339
2011	2283
2208	2178
1844	918
1909	1004
1359	1233
1810	2076
700	698
237	702
1348	57
411	447
2522	2453
900	903
1233	818
217	596
1084	385
799	1647
1795	1050
2068	2463
33	552
344	256
929	196
43	400
981	1024
380	665
2169	2127
574	208
2144	2332
1178	1179
1579	405
623	626
1163	2293
1351	411
290	198
2282	2078
2284	1163
659	1058
1315	1313
205	291
546	1088
2505	2397
1507	1034
1856	2332
805	802
622	231
235	234
2447	2335
2236	2145
1110	1138
1593	374
519	577
1768	513
1105	220
494	931
305	692
2459	2123
2187	2198
2106	2055
1524	1110
2193	2233
2183	1744
2086	1936
2195	2065
2355	2179
2368	2088
207	431
1713	452
2223	2225
1525	658
1845	1846
2506	2507
2448	1728
148	155
1814	1048
514	1859
217	257
643	891
2125	2126
806	973
1099	1101
377	380
1411	984
595	321
956	1487
156	157
1943	2373
424	968
1542	646
2399	1444
1942	2333
258	1642
1256	1221
2064	2257
866	868
985	835
430	569
227	1499
1734	1196
948	949
1982	2224
303	692
2016	2018
863	531
1868	1206
851	766
2194	2068
179	176
517	388
2376	793
886	166
1196	687
1878	1392
220	1320
2005	794
244	1204
1458	1254
408	414
1836	943
2339	2309
505	155
153	1713
2189	2315
1561	1563
2520	901
1675	514
2324	2125
1119	1121
203	1695
1526	1414
23	1014
1067	1069
264	260
568	4
1890	2242
2325	2072
1493	289
1507	70
819	691
73	74
1613	604
43	233
1058	225
573	405
110	1011
1472	1474
341	925
2162	2318
483	480
2134	2357
148	151
1836	266
1368	135
48	1551
1812	1552
651	16
1623	1624
411	408
66	792
595	600
945	451
899	98
1434	618
2511	2090
2373	2315
751	1784
951	1451
1968	1048
1609	43
1942	2002
2464	2200
1898	2117
1387	235
1083	1150
2238	2502
1410	874
1122	124
33	1254
714	1911
2538	2180
270	274
1007	1009
1243	1372
2082	2353
2187	2196
913	1976
268	1983
2045	1563
115	1907
1502	139
405	403
1728	2092
1741	1323
1085	1208
226	229
2208	2190
1852	253
443	899
785	788
801	427
1204	240
1285	604
1182	1034
620	931
2445	2030
1063	2222
2246	2439
416	418
2159	618
2073	2368
2384	2434
552	778
2152	2046
2144	1950
394	717
2371	1837
2401	2402
92	397
1763	627
84	223
371	368
1550	1540
948	950
1410	804
1340	326
2267	2177
1898	2113
1656	2260
1022	1147
2229	2264
1530	1214
1944	901
1648	632
584	582
657	232
1802	1232
1084	791
1528	1411
572	691
1332	411
1517	1097
2516	2046
2403	2260
2138	2381
389	386
1051	21
1805	674
2328	1037
2332	1934
650	218
66	789
563	927
2203	2176
599	931
76	730
1537	1168
1418	1290
2328	2329
1431	1433
509	510
1615	1135
165	1023
178	1705
2303	2334
1553	1555
2312	2191
169	474
1462	1465
1203	927
595	71
372	374
2083	2084
320	770
908	22
1473	1472
716	903
634	1393
1806	1847
1053	930
2453	2034
1418	1546
1954	2368
2369	1837
483	264
864	43
1169	1170
718	719
968	1295
1430	690
1176	1175
316	77
2176	2282
985	1011
430	1522
1178	288
1488	998
105	98
1331	2266
1229	605
927	443
1705	806
2086	1091
1356	1110
1347	1744
869	871
1867	1650
1800	1393
2474	2131
1160	1210
264	982
679	930
1441	967
1168	303
351	593
210	611
1321	214
571	1522
939	941
2488	2082
341	1507
1297	1909
410	208
1598	124
2026	2132
1934	2305
1207	256
235	233
1558	498
2112	2347
1399	1472
1427	1428
2538	1365
659	1307
1832	822
107	1307
801	1860
926	1458
186	321
1032	1398
573	1580
2391	1957
173	417
1578	1577
1557	265
1108	1832
776	232
1574	1044
2445	2265
2344	2466
2352	2206
1585	1480
1282	1697
2225	2263
2137	2240
1041	876
2075	2287
836	189
2282	2148
225	224
291	205
745	1387
1268	1183
1904	1905
748	370
1679	1681
604	257
138	249
389	390
754	258
77	318
138	248
309	799
382	1446
260	264
249	1579
2270	2091
2507	2123
945	568
1392	1676
1650	1227
778	1459
1291	123
2128	2222
1769	1275
2376	2377
1728	1719
1839	151
1569	1567
1104	275
1051	606
559	1338
1927	1064
1648	1008
1704	482
2259	1955
1202	719
1551	48
1744	1911
927	1073
2415	2320
658	82
1937	900
576	585
2427	2286
2485	2035
1272	224
1132	219
974	965
665	448
2144	2367
1349	81
1374	1375
1697	743
16	344
1957	2390
211	1474
14	401
1892	1201
1626	1211
2036	2265
1294	1000
1722	882
14	15
2326	2087
611	210
1812	1570
1911	2459
1399	465
334	321
1877	1015
1020	1256
957	1036
1711	362
1105	822
832	835
1923	1843
2300	2001
1113	1111
501	482
2435	2271
1043	1042
730	729
1345	1809
1093	1950
2008	2009
1987	1986
1212	1510
1025	1381
1714	16
1701	1702
405	1579
917	1011
2468	2088
1045	971
392	50
408	411
882	1635
121	7
1336	1112
637	641
488	465
1137	196
2410	2205
491	717
851	998
1784	378
171	947
110	930
1079	1080
2004	2006
2303	1331
2534	2183
491	1685
1077	1355
2171	2436
204	199
1553	1554
994	1027
2319	1939
2089	2271
1141	114
643	847
422	423
1467	1354
1692	869
2201	2321
1422	150
130	131
1071	1320
1410	1363
1885	1251
1987	2298
117	897
116	119
1242	530
756	715
2138	2385
353	1477
2506	2280
2066	2065
2535	2205
967	663
1032	219
2030	2415
619	618
1725	493
168	734
1500	1401
932	930
1175	1176
172	1251
38	1268
1656	1992
1254	431
1108	224
1299	529
139	388
463	464
585	580
2311	2205
345	214
1261	1693
400	895
1313	1314
1998	2002
2121	1728
446	448
962	964
2407	1091
391	1992
531	895
989	992
2226	2199
2297	2467
571	567
402	405
189	187
2123	1286
1440	1024
998	1488
1536	1367
1767	420
908	192
651	967
2219	2222
2234	2055
2420	2143
405	402
156	160
199	206
1819	357
2359	2246
2057	2013
81	84
1039	437
164	400
1405	1521
765	646
1348	1510
603	599
876	233
1854	1095
2134	2248
1538	936
363	207
1311	1805
643	848
939	208
736	627
2056	2060
2354	2188
1535	1104
2245	2251
2069	2055
1857	836
1071	1449
2268	1957
346	1518
659	1275
205	275
2198	2188
1848	1849
908	1613
410	1041
1523	644
626	622
1677	1354
1712	139
540	1403
1486	956
877	730
2020	1461
2203	2204
54	61
2181	2028
2229	2258
1372	1052
538	539
645	1423
986	339
813	237
752	753
200	289
192	910
1047	261
519	576
452	456
2095	1053
726	368
284	282
337	340
472	94
319	320
2000	2372
559	608
487	842
2167	2087
251	1064
137	139
1088	550
461	830
632	1247
2381	2378
888	867
225	156
2203	2175
2197	2177
1484	1642
713	1907
157	590
2120	1982
1069	572
207	288
187	922
1767	298
467	823
2199	2198
148	150
1320	214
1391	1724
753	535
2290	2262
75	609
499	1266
348	344
1365	1366
367	370
926	928
1468	231
1329	2447
1389	891
647	141
1064	385
2344	2467
1417	1418
866	369
2220	2093
1490	258
261	482
2467	2344
45	160
361	774
576	582
414	1823
1730	207
2027	2447
1633	880
1670	1510
1812	1370
543	89
1101	1099
2347	2146
341	1034
146	64
1808	821
1072	928
458	1607
469	1401
1517	1317
1741	805
2201	2040
435	442
214	1322
2125	2061
2394	2408
92	777
2132	2043
781	100
34	40
2214	2435
862	1309
2395	2196
331	190
150	817
523	527
1440	1439
1165	1988
354	15
2400	387
693	632
1344	1067
179	177
2212	2213
477	492
303	1579
1470	2174
1955	2259
2011	1038
612	210
2194	2192
1020	776
1713	153
650	649
2079	2077
2519	1857
13	11
196	1802
1639	1640
373	1593
1199	1147
1784	751
206	275
202	1074
2254	2184
1297	1432
1389	848
1127	1550
2216	2217
410	1138
1276	1496
1822	975
577	580
436	431
2439	2421
1889	1455
402	407
2189	2208
1516	1678
1580	1107
2200	2295
2489	2185
1248	1118
645	847
1048	205
2059	2060
2177	2523
750	1154
774	874
1002	1003
11	10
1061	740
2276	2275
466	467
2427	2151
1119	1120
638	639
789	67
1118	1432
252	585
2129	2093
119	116
510	219
322	165
958	960
2040	2088
2112	2348
1066	1648
445	988
2298	2457
263	1272
2447	1735
1063	2283
546	70
136	790
2012	2002
793	2128
1796	2319
1005	1124
305	1637
367	371
284	530
2071	2493
1356	1524
2350	2223
1086	311
1107	224
1023	703
1365	1368
983	1138
672	671
254	259
1658	1266
73	75
263	921
703	1479
1441	1045
1619	1359
70	790
2380	2154
822	1398
1159	1473
1074	279
1098	819
598	1024
1708	886
655	1059
1638	118
790	495
445	617
2232	2064
1857	1212
706	940
2134	2075
2249	2372
661	652
1486	1488
433	1471
275	280
1007	1008
1746	1906
492	63
2469	795
1732	769
1613	339
320	174
2347	2348
1197	271
1436	1440
157	165
2107	2221
1297	691
1223	1225
228	229
1651	1896
1116	1667
278	384
1622	665
2086	1744
486	489
1968	327
401	399
1152	628
2133	2451
1130	1568
1915	862
1632	1634
1489	189
14	426
2219	1063
1491	766
2155	2157
705	707
1294	1196
1325	787
188	1800
2266	933
1943	2038
203	1254
2215	2010
1457	986
2165	2356
1652	802
339	621
155	101
424	1398
2006	2457
210	610
1826	1828
909	644
2352	2082
737	66
205	438
181	1665
1372	1456
1174	2464
271	493
972	938
1013	1017
43	864
790	925
2021	2022
246	245
637	638
2412	2078
850	189
1038	809
662	663
1348	476
2300	2201
733	702
193	379
2444	2121
141	405
2004	2007
1690	384
2282	933
778	243
927	1101
272	173
1781	354
2466	2467
2004	363
2428	2436
980	1579
25	30
1270	268
1645	680
1982	2139
1105	1245
899	102
480	484
1200	1935
1173	216
1073	743
121	123
931	835
2135	2022
877	597
644	1053
796	685
1800	188
1689	1100
1126	1043
1057	751
196	379
1733	1735
810	1397
1636	1637
1719	1341
1321	968
1169	829
1694	1304
739	772
910	1936
1393	1396
2511	2102
1967	189
1153	1586
2448	2056
69	931
1037	2040
1655	614
811	1099
522	572
639	640
1801	1800
1859	233
2064	2039
708	403
1886	319
747	92
1001	1489
349	348
225	659
2010	2214
2420	1938
173	522
1462	1463
360	365
347	345
2076	1093
1652	361
2512	2513
2269	2104
685	962
1967	1336
963	584
1946	1185
1023	320
1856	1642
1774	1265
113	112
2	233
1753	1272
66	495
1871	637
2122	2409
1123	1125
1855	758
952	761
1162	1076
1164	1229
769	766
2195	2321
879	1691
2440	2286
1507	790
685	383
2524	2517
1463	1462
383	797
2396	2130
1093	2185
1739	1016
1793	1791
19	836
1290	611
1542	1095
317	1083
596	925
2374	1955
187	925
1399	463
63	71
2138	726
1294	621
414	408
823	467
1097	1317
1690	227
622	55
384	684
132	137
1618	1268
228	1031
1592	1086
555	615
2387	1899
54	59
428	567
1642	1727
2287	1898
1530	707
680	684
1533	1288
2283	2371
2008	2003
2268	2275
926	899
34	35
139	386
291	200
2058	2377
2445	2341
1154	1805
227	1253
2337	2265
913	453
494	617
2157	2443
892	894
1459	527
2108	2109
1103	822
965	112
1692	429
2120	2419
2056	2055
991	492
1841	1667
2507	2167
1801	140
2243	1754
1565	258
286	287
1328	1057
344	348
449	542
243	1452
1705	256
1443	2456
1042	751
1508	952
1762	1763
2321	2195
1108	131
2512	2142
649	632
1357	1109
648	807
995	1586
2041	2372
762	763
1037	1955
1229	830
1432	1183
906	910
1461	1460
2514	2282
447	415
349	344
1712	1713
2323	2315
1911	2089
731	383
131	690
