1796	2230
239	241
410	208
250	395
1061	792
306	307
1014	791
1695	288
625	623
1187	1188
791	1337
1955	2324
348	15
163	157
1476	1672
42	858
2198	2189
1023	580
1315	1166
2352	2292
182	1580
2346	1790
2192	1470
924	187
1332	900
1500	261
1058	659
2017	1820
962	964
2483	2212
349	16
1650	1739
1406	123
786	719
442	1256
473	346
690	302
2260	2263
775	103
975	978
931	574
1635	568
1903	2208
381	378
1812	152
1516	757
618	66
1037	2040
1581	7
2022	1652
2321	2176
818	1234
1196	217
2041	2037
2082	2277
743	927
710	711
98	102
2169	1322
1502	1726
1669	410
1567	140
565	1420
175	180
97	1148
207	203
1241	1021
992	1061
1704	440
978	1021
820	553
2047	2051
2248	2249
1876	1183
506	1885
734	231
748	749
2187	2197
50	207
1531	611
2459	2123
70	494
1438	1318
1112	927
1268	39
2260	2225
1748	1057
1092	1470
479	1298
417	173
104	1124
990	808
1746	1305
516	940
525	20
828	251
363	434
1044	999
65	64
2186	2187
2304	2317
1591	1257
1327	1324
232	234
1205	978
1323	143
868	769
315	1056
2105	2055
2267	2205
1399	465
690	936
872	873
104	450
1436	1437
791	1084
584	1253
1607	1568
948	949
640	639
915	20
1347	1743
2409	2075
746	1188
171	1194
1810	2075
781	352
45	787
759	756
2091	2095
347	346
828	131
283	282
305	690
2447	2304
2350	2351
266	269
1432	1297
708	379
790	1034
1108	131
952	763
228	1034
1932	1674
2095	2093
921	500
2427	1900
135	128
748	750
499	1264
1040	239
294	268
2234	2038
746	1190
1957	2117
984	784
1768	1693
88	90
65	63
354	1021
985	1095
2295	2320
334	165
1332	1335
645	648
707	972
1221	1850
1073	604
1955	2259
1810	1811
2351	2347
75	736
2090	2101
2053	2486
1768	761
526	575
464	1045
765	923
951	1451
2306	2164
1887	476
126	765
312	310
196	195
951	1705
1913	258
1710	1148
1819	33
324	323
238	244
2469	2351
1339	1164
83	115
1967	766
663	257
561	1043
1476	1475
1492	1899
2274	2235
1968	1043
1088	1112
116	120
55	626
1517	1332
1084	791
1991	1328
1299	1221
2136	2069
414	1823
2247	1992
1013	1017
1975	731
1320	214
2235	2234
1355	440
2088	2085
2172	2024
1753	1409
852	385
1850	1950
821	1897
1613	299
2384	2434
1075	493
1161	621
1125	248
443	899
242	577
242	809
1608	1607
848	53
238	243
2130	2044
96	84
190	194
1491	922
2173	2178
2351	2469
991	445
547	550
368	749
1067	1068
1982	2194
2244	2087
779	1452
460	702
1093	2373
165	580
1667	1568
1477	1475
1806	1847
1585	1434
2194	2222
549	552
673	304
1907	1092
2363	2096
339	860
470	472
444	446
1370	1570
1890	2242
2310	2153
2504	2231
1154	1136
374	448
126	1115
2180	2407
2112	2347
1805	1154
366	690
2534	2183
2202	2091
541	277
1735	1734
1410	1412
2110	2113
1478	432
925	70
2330	2172
489	486
87	80
736	627
221	320
642	643
2461	2462
41	44
2538	2509
9	308
1761	839
2207	2256
1328	128
1752	437
1522	1615
410	577
2310	2307
172	955
1968	681
637	640
707	208
1132	1019
864	43
510	219
582	777
2410	1938
325	250
1518	1520
2181	2028
2451	2293
12	620
1637	673
2310	1691
1375	1374
617	388
1613	1294
2069	2055
486	487
611	213
2321	2201
2353	2082
42	107
996	909
560	1378
1868	1411
1507	621
2504	1938
1991	819
166	171
1097	1094
1022	164
865	1176
1877	1015
881	782
1016	1739
1282	1697
1351	1352
1127	24
139	386
1043	758
417	522
1726	1727
2511	1939
570	1084
202	1171
659	224
1187	1189
353	1482
1145	591
1372	1456
764	67
1310	75
2115	2087
1203	1109
2057	2054
33	1254
187	70
540	1541
623	625
607	575
829	85
1869	644
778	440
1515	845
522	239
1276	1609
360	366
1327	1857
958	749
455	458
1767	1024
782	879
189	1112
1784	1057
2289	2288
1975	1860
1721	635
1056	627
907	123
2449	2035
2236	2008
2207	2422
1852	379
1637	302
666	619
2510	2282
926	1454
2427	2073
829	56
817	821
2014	2039
835	790
417	843
1040	899
2115	2116
335	339
1580	684
2254	2077
2228	2388
1247	1721
1466	2286
2189	2186
691	133
178	1064
22	192
1321	1640
561	1676
1074	1497
333	556
713	729
1159	1158
1549	1550
667	197
1118	216
241	624
608	1344
2456	2390
1660	834
2040	2150
1183	1674
1063	2052
2347	2349
1297	691
73	74
1668	125
960	598
81	876
1588	1270
1742	543
953	702
2297	1837
1683	1674
1047	261
1537	1536
1569	689
1852	254
1172	206
708	1071
1128	1611
2202	2012
1038	1955
1381	1183
1943	2038
2326	2293
2267	2036
436	527
706	208
139	387
1328	1057
1856	993
1794	855
1755	1687
1791	288
1032	872
408	413
1389	288
597	1069
1417	1418
1129	1261
1855	758
1851	987
1107	1804
2238	2421
1416	700
741	901
913	1977
2268	2178
1168	827
2162	2137
1193	1065
1179	1178
1490	1488
113	276
1982	2070
1704	482
342	8
652	85
2078	2077
419	149
994	543
543	268
2381	2183
650	660
1543	1544
596	1507
1896	1446
731	494
2008	2003
2344	1936
1769	1275
529	531
52	214
384	100
1290	1288
1067	410
558	76
2026	2132
1725	703
719	991
475	139
998	991
1839	395
2112	2113
1020	1198
156	163
256	349
2364	2240
480	175
700	698
2209	2431
5	580
1300	124
1028	907
2142	2141
33	150
104	1862
2271	2435
876	1041
1749	1325
1359	827
1392	1310
2229	2264
1410	804
573	1534
1375	171
2003	2009
480	483
781	782
2043	2045
146	604
1497	1459
810	597
206	275
346	1519
1446	1322
1596	1598
2503	2317
2533	2294
2208	1957
334	418
2211	2233
279	1039
2373	2301
634	1760
2428	2436
1699	417
1737	957
2126	2091
238	174
166	167
2320	2295
1938	1939
761	319
1368	135
34	40
828	1718
632	1247
408	411
1812	142
1316	1313
177	1341
859	348
2224	2211
2384	2241
772	1285
664	620
692	991
576	493
521	1074
477	473
774	1685
381	1076
1274	593
1711	979
901	126
2516	2307
743	1497
2404	2362
2429	2249
1888	395
264	921
2198	2322
577	208
1599	1985
168	734
1260	1460
1903	2210
1107	1475
2282	2148
299	217
1171	204
34	35
996	110
1749	1463
2055	2106
1699	815
1651	707
537	19
2086	1091
1868	1381
2078	2282
791	1054
97	96
1742	1738
1095	1061
1371	807
1159	1404
2518	1715
922	790
1391	111
2188	2187
1663	1149
220	214
1943	2373
129	305
654	700
2187	2199
1491	836
1796	2144
1553	1554
1184	891
1681	99
1845	1584
2326	2089
1038	2259
106	1
1915	861
2089	2147
581	584
989	877
662	494
1986	308
2345	2016
1579	1370
124	654
1052	594
2086	1092
284	654
1042	1045
1839	468
919	1025
2400	1855
2145	2045
2274	1955
1932	37
2273	2087
464	308
418	321
1564	1122
1144	237
1489	998
2454	2248
217	835
200	289
2495	308
2060	2022
1457	1117
519	579
1694	567
896	909
213	1287
2315	2264
819	1328
807	412
1651	603
123	479
1662	851
2402	2401
1911	2178
772	739
19	18
819	1297
1708	1493
475	271
798	955
1545	1544
1282	147
1568	687
663	1053
249	402
1344	436
834	867
857	241
940	208
1523	996
2022	2060
323	327
1917	410
2221	1936
906	910
2284	2206
1968	1115
939	580
1523	930
2377	2244
228	1036
1055	644
733	108
1791	289
208	577
805	701
207	289
1317	1517
2089	2282
161	776
1734	1196
592	1199
2084	2091
1544	1183
1697	1282
1055	1698
391	139
2025	2197
383	1043
959	268
249	1581
986	559
522	572
1043	1042
2024	2131
2269	2055
88	92
494	70
320	322
1501	261
2000	2372
667	494
288	289
267	596
2331	1691
1067	436
2231	2293
704	876
2400	2337
851	766
1494	1047
321	165
2288	2076
689	953
84	55
1242	823
1341	1719
2240	9
1364	1089
1633	427
1522	551
2135	2049
2147	2040
1579	395
313	314
1094	663
1145	1146
1888	253
523	528
191	299
584	576
709	1611
2290	2291
475	473
606	217
1622	21
251	138
2073	2256
887	145
799	1217
2032	2229
337	1293
2478	2009
2283	2011
347	345
206	496
1170	1168
869	870
1371	2099
1851	617
1674	1183
1136	1138
1087	479
762	509
2080	2300
2226	2044
726	1446
1989	99
210	611
639	637
1423	1195
1535	857
1436	1440
2205	2074
1378	131
688	651
248	708
2326	2113
19	20
1810	2073
1550	19
135	212
518	227
2156	2366
1138	944
1111	1113
1169	659
1141	1143
1459	1499
1391	1392
637	639
1443	411
1946	974
1104	83
124	527
372	374
2326	2151
132	318
351	594
2518	2456
964	99
1340	326
2061	1936
1501	915
617	621
1290	1289
2274	2087
1973	528
1902	1336
764	769
778	1449
15	136
759	1678
185	174
2129	2091
1381	803
2361	2113
1105	1108
1039	244
130	131
707	410
523	525
2395	2196
973	291
1675	1341
153	131
2290	2292
2324	2148
150	152
646	1182
539	1364
337	340
1850	453
1396	872
133	691
964	136
510	432
1755	1460
2263	2134
1598	1442
307	309
2536	2029
1878	1115
507	508
501	953
1492	2010
1744	1092
2060	1999
377	379
1176	1253
522	843
1069	1067
703	237
2181	2183
2096	2098
2	328
184	183
1376	77
1433	392
2425	2320
155	742
1670	473
86	84
1342	1343
1660	1589
499	1266
2366	1958
2244	170
558	1164
258	1565
623	626
538	540
138	247
87	86
322	1752
2324	2371
2010	259
1551	570
884	952
244	243
423	1287
142	155
2086	2169
260	264
714	711
52	219
196	376
1290	1418
775	1039
1310	1829
1169	1246
1360	378
1837	1943
1961	415
2148	2324
276	278
879	331
1684	995
1461	1460
557	561
2190	2032
1348	473
799	1213
908	18
285	283
781	783
49	50
1480	671
948	16
1889	431
2447	2335
1918	1711
719	382
108	233
134	992
1708	886
1658	132
582	577
741	605
1342	586
2205	2177
225	156
2500	913
103	522
1449	1147
639	640
255	1096
1215	1016
5	422
439	442
1837	741
558	788
632	82
2071	1981
1092	2125
2038	2085
897	433
1923	88
1282	118
1026	57
110	1011
2309	2380
2144	1950
729	1012
496	205
1217	966
373	257
852	1162
2121	1734
540	1538
1695	203
325	327
1773	1771
1839	1411
475	1175
1250	1913
1888	251
1197	1198
1782	224
1106	632
871	872
263	982
2150	1061
121	7
866	369
2225	2129
1425	1423
1618	1268
483	263
2490	2031
1974	280
692	303
604	606
2206	2264
1326	620
1920	1918
2171	2209
1829	111
1873	1216
414	1836
1656	1982
1296	671
1137	315
532	300
1126	900
2482	2498
1130	148
998	1488
2052	2094
2229	2032
690	673
404	980
691	256
320	1022
1477	1476
1338	494
156	161
2079	2080
2214	2221
326	1510
2480	1532
2517	1131
2126	2125
822	219
1205	894
786	1581
713	1183
1713	1712
1459	927
2493	2497
930	1053
1094	1016
765	767
1733	1734
77	318
1507	925
1216	410
1342	1344
268	959
872	869
1091	2095
2089	2084
1276	1769
478	74
1305	1306
2354	2190
396	397
1071	1067
2005	2434
1009	1007
1432	1431
2389	2415
2324	2129
2038	2055
2089	2148
760	763
957	1135
437	1752
567	571
81	82
475	865
2258	2229
443	577
444	450
1120	1119
1728	2091
412	531
510	424
445	987
2149	1954
2501	2502
2445	2030
221	1673
2107	1998
2143	1929
168	82
1314	260
2401	2386
1137	1183
1055	737
1903	2211
2	56
85	83
1568	1607
165	321
1372	475
52	215
900	905
254	256
682	460
2009	556
392	50
1766	531
1840	1490
662	70
322	770
1215	1216
810	789
1489	851
955	1579
274	1725
92	804
2071	2512
768	1397
464	463
1443	1546
2483	2347
2128	2219
1221	442
501	1185
1231	1659
596	925
197	908
213	210
987	607
1694	549
1407	1496
2324	2093
620	1034
895	1148
574	1039
558	901
2080	2201
316	1548
86	87
2137	1952
469	468
1658	979
447	844
992	989
3	0
1885	1706
274	1454
1331	2473
12	1121
1505	1430
726	1000
477	492
1282	527
743	899
1644	607
766	1112
1365	269
1334	543
387	386
2053	2102
408	410
2029	2034
2005	2007
673	710
329	328
977	691
908	1613
2048	2047
686	363
323	263
257	606
1420	1279
2028	2304
1343	1342
772	1454
976	894
619	664
1077	1255
1639	1538
43	1256
509	507
2247	2439
1652	1906
216	52
157	334
1016	1015
1204	162
1756	2185
64	67
520	940
1115	986
1327	1742
2204	2117
1802	17
1378	1328
1002	1006
1690	227
2275	1957
748	123
800	801
110	1350
1850	1221
812	327
2301	1091
1043	1361
1355	2093
2438	1062
2016	963
802	806
1845	40
518	521
258	1337
1176	584
2046	2210
1223	1224
1699	1700
1369	1489
588	1185
1800	1801
1318	1319
2266	2036
1087	1088
1528	984
1651	947
2157	2045
232	230
2288	2289
749	65
2260	2261
697	694
275	180
2311	2174
973	1659
111	313
1231	1229
198	290
68	72
1229	830
2195	2315
1488	78
190	192
1440	912
793	1837
2286	1955
2185	1163
11	7
2324	2202
1737	1049
337	196
874	1412
2319	2109
1617	808
347	256
2507	2222
1486	567
2481	1297
1969	2027
2271	1954
1243	1273
1327	1886
1055	739
2307	2312
911	913
395	405
793	2127
1522	1616
1065	549
1101	775
2023	2024
176	179
1458	162
1644	835
1052	859
2013	2151
410	162
497	499
812	711
2337	2400
2036	2268
121	125
1982	2058
1278	1282
1405	1473
211	1317
1888	734
911	453
443	440
2161	1524
2485	2035
814	451
390	1454
1455	1452
312	1786
2373	2065
1267	846
1096	985
325	323
582	410
2202	2093
2325	2072
741	1943
275	277
2521	2276
1118	1115
1290	1532
2003	2222
646	600
2014	2013
1566	1565
2057	2055
1220	741
660	224
1264	499
1156	696
2038	2234
2492	2342
841	844
1793	105
1275	659
2061	2091
350	353
1770	1954
197	194
199	204
1014	1379
1413	660
2507	2103
2367	2119
517	388
1782	734
2415	2373
141	1670
1043	1046
958	212
32	1656
1986	1003
617	101
776	658
1067	1039
1376	382
429	1689
849	814
1362	804
148	132
267	1827
780	963
2014	2246
926	928
819	1098
68	64
2314	795
1460	625
1129	42
1371	2010
127	1264
248	379
1942	1856
766	836
2090	2072
1560	456
1461	879
1709	1014
1901	1570
1836	951
1596	1599
1321	968
1618	1089
2036	933
2088	2039
565	1874
614	1234
1285	68
1270	1588
2083	2088
909	1055
2446	867
1330	2137
809	432
866	867
758	27
1468	417
1129	305
2047	2010
1510	1605
2280	2279
719	896
56	81
754	395
411	414
126	268
461	702
824	123
1348	492
2181	2182
1100	1479
2488	2082
2159	687
644	1055
2481	736
1786	1612
961	719
1002	1005
54	58
2425	1092
193	248
1677	607
982	263
291	289
979	132
2076	1093
1324	1327
281	278
2265	2267
999	449
465	463
824	971
1072	1073
1808	817
516	1224
2351	2213
2259	2040
1363	802
1433	1432
52	216
1462	1463
1477	693
2011	1934
772	678
1977	1036
566	138
1538	690
1831	1824
1258	1398
1558	969
1286	840
190	198
981	686
540	353
2036	2265
151	1429
1072	443
749	877
608	257
655	651
676	1311
352	275
2016	2017
1626	1211
2019	2208
856	264
134	739
2325	1903
1917	14
1128	16
135	331
1617	990
1183	1227
1022	320
381	259
2376	2169
1083	271
2232	2407
1078	960
2400	389
1103	46
1502	395
1973	1364
925	596
829	830
2288	2286
207	431
1800	694
659	225
248	138
2238	1810
768	248
1916	1366
1934	542
1842	502
613	615
2349	2483
303	1579
2036	2204
2152	2027
1593	376
209	211
223	59
1086	140
725	1334
204	103
2134	2440
1440	1024
438	1254
2289	2403
1176	865
348	344
1038	1954
2298	1140
461	703
371	367
422	425
617	619
972	951
556	245
889	115
1052	42
133	26
1653	1181
1936	2169
728	729
2330	2331
591	1147
2276	2275
751	1042
284	282
1111	664
1535	1109
965	568
1716	1515
2129	2169
1196	1000
264	982
832	835
1859	1609
1635	945
1112	1336
1707	1641
625	55
1827	72
1433	1695
2207	1903
205	291
1103	1105
2201	2040
178	1707
0	4
1805	1245
1309	750
2210	2378
57	476
780	101
1486	428
2013	2160
48	95
701	124
2315	741
2201	2077
2167	2087
1426	665
2400	2343
1795	1050
246	629
2479	2267
2168	2041
2077	2079
2319	1939
1749	801
2018	2114
2370	2181
549	548
1561	428
1687	823
52	218
879	1261
42	770
1484	1738
1977	1285
1045	971
62	115
2061	2169
1741	368
2123	2459
2067	2082
2168	2122
734	219
291	564
436	1342
2171	2436
2078	2065
196	1467
1017	255
673	711
71	67
925	679
2538	2053
190	195
1357	1067
827	1619
68	1285
1913	1210
1432	1227
242	576
2246	2439
625	626
644	1051
2361	2083
2423	2425
392	5
1589	1588
1051	537
1230	577
1755	904
2176	2079
1829	1117
2204	2301
1979	2088
258	1333
1516	1678
1879	621
414	977
663	1630
1708	253
138	252
1078	1076
2328	2211
1132	328
2214	2435
412	1196
767	1750
1750	65
119	116
1353	992
2306	2066
211	783
1091	2093
1700	1640
215	505
1422	178
352	572
2065	2315
450	379
2305	2165
552	1671
1909	1004
688	302
2412	2078
1770	146
1913	1722
354	345
2387	1330
935	347
2269	2235
2438	953
546	70
343	1350
98	99
1801	140
1777	1591
1175	1177
381	18
413	415
1207	223
308	464
2289	1898
1634	717
1998	2068
227	1073
377	77
1183	1381
2314	1063
659	1307
927	1230
2204	2390
982	483
1604	2169
2514	2163
2039	2374
2451	2133
281	141
1376	609
1857	1077
1026	271
2249	2372
2007	2005
2215	2289
1796	2145
173	593
2357	1131
1165	1576
481	570
1581	1658
99	743
284	823
2470	2143
277	806
563	915
2493	2495
2511	2454
69	931
68	67
2344	2467
1429	969
2399	2439
14	15
1831	826
1802	1232
2100	2099
1737	526
140	717
2313	2043
1536	1055
71	68
734	180
2315	101
1562	243
2120	1938
435	431
188	1831
1997	1998
2490	2535
1767	420
951	445
1536	1510
2178	2315
1919	1484
380	665
2206	2456
1718	33
381	21
2270	2104
2179	2275
181	1705
1303	1251
1242	530
1270	497
1162	1297
710	131
609	382
1436	1438
135	406
964	572
335	340
1459	436
1940	109
1106	326
2244	843
231	506
1791	185
738	1055
1676	1643
717	394
821	553
384	1295
2154	2381
326	1340
1273	774
2083	2001
1303	906
472	470
2510	2262
862	861
794	2183
2124	2061
2417	2284
1888	1538
72	71
1448	438
2368	2195
1690	1817
2054	1982
1334	268
1137	125
1125	449
1199	322
2538	2479
919	274
1817	826
1061	606
240	239
1325	1742
2265	2036
631	632
1033	1786
387	389
1431	36
317	687
2168	1536
2150	2038
86	83
574	972
664	666
2344	2466
218	225
1874	984
2423	2002
817	303
2049	2409
663	1111
126	914
2052	2220
1567	1568
602	1368
756	759
351	173
789	495
2142	2140
1685	1247
239	580
1751	1114
1202	961
39	1268
2524	2479
1189	1188
1977	913
1109	1205
1670	222
360	361
1807	1769
157	390
447	1014
548	580
1538	1539
862	1309
998	1489
1975	1008
2250	2408
390	139
1705	806
1613	1614
317	78
1504	968
687	607
1455	37
1104	275
2373	1943
561	17
1189	319
1591	491
2068	2194
164	165
2084	2148
733	1008
2119	1936
526	1627
631	634
1190	746
967	587
2263	2367
416	390
1069	431
1507	67
1569	1482
302	132
1418	1546
142	154
875	733
2120	2418
967	395
416	417
1577	876
2097	1419
587	516
1046	1270
1286	376
2185	2233
1298	23
660	1475
1449	1199
2271	2201
1734	1952
136	352
2499	2032
642	646
2039	2088
927	899
1737	1196
967	651
1585	671
2486	2051
2161	2160
2311	2203
2292	2193
1332	258
1612	979
2220	2222
435	439
125	127
1741	1740
811	848
2175	2203
2011	2086
1071	778
2231	2126
192	559
587	589
2052	2093
177	395
2353	1470
1982	2120
1652	1410
837	549
1390	1391
2226	2228
2246	2436
510	508
1349	434
1183	38
194	192
1820	1015
2042	2085
169	474
445	985
598	1024
1199	157
1746	1906
302	1637
1088	546
1058	1059
450	607
2423	2276
565	1012
2259	2201
1298	598
950	803
1263	798
776	174
929	682
1045	1951
302	692
1493	1495
418	158
38	1674
1327	1899
103	843
707	577
469	1873
1025	758
1957	933
1507	596
2289	2113
1865	1606
1045	901
199	200
2026	757
63	67
1104	619
2489	2072
572	347
2362	2268
2106	2040
2111	2146
2208	1903
166	173
225	224
556	1097
2057	2037
1770	1166
775	232
1392	444
918	805
1022	322
2303	2335
738	644
1497	1074
1216	468
887	888
1372	1052
1074	241
526	1073
951	357
2377	2126
2207	2206
2269	2038
923	495
70	1034
1498	1282
921	261
1204	686
1100	1256
2294	2109
492	494
2274	2040
597	341
997	851
192	909
2045	2043
1099	1070
617	494
1044	1284
561	340
645	1740
1930	804
323	151
1326	299
433	1308
2164	2165
157	590
2281	2282
1886	2146
1689	429
1341	1814
1052	857
869	874
883	885
1096	621
2052	2219
2521	2490
444	445
2337	2375
390	1199
689	858
346	348
2293	2301
886	166
2478	2226
21	1622
458	455
2195	2178
1475	1476
628	676
213	611
1564	1258
2417	2080
1285	646
10	12
706	707
282	284
2289	2075
2310	2164
2322	2199
1229	1145
571	1522
1596	1093
262	261
362	1711
2381	1903
1936	1322
156	165
1876	1004
1252	747
1171	1048
2299	2209
1123	189
1805	958
1169	1106
1162	852
219	82
2306	1062
526	1459
1287	413
2401	23
423	387
797	514
1700	1213
783	438
1900	1424
2231	268
1372	1135
1364	805
2309	2379
1830	2113
854	777
271	57
2287	1830
1445	113
424	968
864	899
652	1058
402	403
937	1944
959	1022
392	395
1718	963
2501	1317
1763	2039
508	171
1641	1707
440	577
57	1510
1063	2283
317	990
941	942
2177	2205
1321	635
1087	1092
582	581
861	1158
1041	876
1254	585
1604	1938
1145	966
2084	2274
752	70
921	264
409	1266
597	740
766	1470
685	680
1048	1047
1824	1207
2332	1907
85	219
712	1079
937	1945
443	927
2200	2183
2271	2089
633	1791
2361	1899
1865	1081
129	304
2281	2283
774	1930
1233	804
1340	1341
2300	2201
1470	2174
1092	2086
2473	2066
654	124
1354	727
1093	1943
795	2314
2207	2285
1814	1616
2124	2127
1078	296
1001	851
1502	1064
289	207
2245	2210
1265	1733
710	673
2401	2122
2506	2466
193	196
1698	738
714	1786
2303	2183
2278	2017
1406	602
387	1287
1005	901
849	1700
1101	279
1646	840
15	1052
1839	366
2178	2317
2204	2218
1031	1038
880	814
2160	2053
476	473
2168	2502
1467	1354
1626	201
1283	67
2189	2196
2376	793
2000	2001
2292	2417
539	143
1130	113
345	347
1644	1118
350	46
450	1116
1673	141
1827	1291
2136	2138
1077	1355
2138	2386
682	575
748	76
1154	1311
649	53
1668	296
1155	1152
1644	987
1181	565
845	1137
1065	1129
590	157
1529	163
1452	1204
2308	2307
706	938
1538	131
1838	525
998	123
979	1169
492	496
603	599
548	583
786	1048
1596	753
1777	1197
1398	219
1122	1484
833	1677
1713	457
463	464
1677	1354
1589	128
476	57
2327	2041
624	107
1388	1183
931	835
537	534
807	811
246	855
1831	1528
1147	1199
2048	2328
360	364
1194	222
665	1338
1394	1476
2238	2141
1486	187
689	1482
1203	460
880	1066
2060	1755
1365	904
592	103
260	262
1051	1094
2394	2508
787	132
2105	2040
2199	2354
700	654
324	327
1896	727
1101	1458
802	697
1880	665
114	1478
84	80
2044	2250
1513	529
1069	102
132	572
19	23
1589	1368
1810	2074
1714	1012
1649	1650
2387	2439
1809	1345
1881	1049
134	1060
2379	2380
508	509
1357	593
2105	2084
1319	1695
135	1750
689	353
565	527
502	503
2120	2419
1827	63
16	344
2052	1063
342	1560
242	1606
2016	2018
756	757
1220	601
1472	1473
1280	136
1630	606
2042	2037
2521	933
1581	205
722	723
1677	139
424	432
726	71
2188	2191
787	673
1698	1124
2101	2090
2516	2503
1360	867
280	682
1152	1154
2469	2081
2415	2094
1513	1512
1685	361
779	417
821	303
111	1391
782	881
71	72
690	327
1017	1016
2058	2231
1696	1028
2234	2084
447	415
165	1449
2229	2173
2231	2221
1954	2271
443	442
603	417
1424	1900
2025	2023
234	232
597	1457
1733	1049
435	1681
1907	2093
1746	879
2534	2287
15	347
214	52
2287	2286
2012	1063
1053	413
995	475
926	927
168	180
2066	2065
242	578
2386	2092
513	707
968	654
324	142
1072	928
2446	2411
2214	2259
1135	1522
638	637
1717	432
1017	1015
1449	1204
2244	2001
1544	1543
257	1630
2492	2378
1509	840
1228	1226
1162	1161
1652	8
1128	1445
1259	1260
972	973
1415	158
556	836
2448	2414
1985	2018
2129	2093
2507	2083
2399	2320
2091	621
1770	1538
357	951
978	976
2220	2091
747	583
1630	1542
2294	2295
1651	1896
1592	1086
2306	1992
1287	388
1457	987
940	972
1865	94
2032	2275
2107	2219
1458	1254
1943	2076
1636	118
2134	2441
970	1639
2106	2038
883	704
778	1458
1582	786
2201	2321
1482	707
1455	1280
92	95
1210	1622
2129	2125
807	810
650	651
2374	2151
1786	1482
2426	2205
1260	878
1087	1090
1452	1455
2479	2189
111	1354
2438	2184
1297	485
951	1179
139	389
518	522
600	790
268	269
67	63
2311	2175
1646	1508
2253	2245
182	1798
1484	516
1075	585
1267	227
2155	1958
70	925
1628	1627
937	1016
1116	1667
1007	655
214	1321
2130	2043
88	93
228	618
1991	1534
352	962
601	603
2309	2127
648	645
2118	2022
584	493
2267	1131
1188	1187
348	1518
1652	1528
1240	276
171	462
304	26
391	1534
404	1639
2086	1936
57	271
1891	700
1220	1218
174	703
2271	2221
299	1294
842	845
2261	2065
2082	2421
1787	3
679	604
2340	2294
2506	2142
1033	1031
714	1911
2417	2320
33	889
2041	2372
1541	184
83	85
1714	1074
1378	1376
1018	1012
2109	2075
1324	1325
907	1382
1609	1100
1591	1634
1015	1017
1917	520
2300	2262
1446	345
1348	57
1012	1015
800	796
248	376
2113	2110
1055	930
194	191
2148	2147
1353	77
24	254
184	256
137	139
2082	1091
767	922
1109	46
1837	2012
992	1095
987	619
192	908
348	859
308	463
1836	943
961	1202
711	714
2517	2019
938	580
431	281
1955	2104
1255	1256
1410	1411
1037	1038
1931	877
331	20
1038	2435
686	1204
857	42
741	607
1446	1033
2521	2027
658	1021
2418	2429
390	1022
2403	2211
1832	977
260	265
702	461
819	821
2076	2288
1114	628
1192	744
930	1523
2375	2093
300	532
2149	2500
1495	1528
603	987
670	1864
1265	1774
2259	1954
2200	2295
878	879
1341	1705
2263	2225
778	1452
404	402
811	252
2197	2313
1097	1096
33	552
1802	727
991	992
786	779
81	87
2072	2090
2436	2258
1953	1317
1793	1791
1463	1749
1407	1603
2492	2303
2269	2271
980	1266
1704	1355
267	266
634	1393
144	1666
804	694
2172	2306
2358	2355
2376	2125
2517	2178
701	694
1844	1646
1639	1378
1750	766
65	66
2054	2052
431	432
963	505
2354	2064
166	174
796	801
281	951
934	177
209	213
247	727
922	836
1845	1583
2121	1728
1779	243
1047	714
372	375
506	56
716	1872
2195	2322
702	704
2127	2169
1987	1400
2013	2039
1991	303
645	1217
1130	184
1633	880
148	155
1897	983
2119	1898
295	788
998	992
936	711
2099	1371
1306	1594
88	94
2429	2418
1646	732
974	1231
2217	2216
607	101
1933	507
238	240
841	842
726	560
78	1124
513	1769
1073	1497
1511	1514
1880	1598
581	582
728	418
1511	476
344	256
1686	1635
222	224
1240	105
738	1123
182	1487
1457	1644
1245	1085
2468	2344
803	1381
1522	1611
918	701
772	65
1221	1256
2226	2199
73	76
1885	95
1315	1313
2183	2303
812	301
41	42
1581	249
2021	1271
433	1471
437	279
1737	1735
309	21
2132	2044
275	279
954	1374
2493	2494
770	320
1032	432
1822	140
204	199
2095	1053
50	763
149	359
2492	2293
222	223
331	879
1294	604
2523	2390
2499	2079
2202	2371
1819	1640
1648	1764
1190	1187
1334	725
464	287
2374	2085
767	546
1106	693
1562	492
2323	2195
405	141
991	739
13	7
1553	1555
1671	903
670	668
1083	161
818	817
357	983
2064	2258
1743	1910
760	761
929	932
2444	2121
1451	806
369	371
200	203
292	296
1497	1498
964	962
1980	1790
2061	1322
1757	148
36	1433
157	416
2303	2334
313	318
1086	311
2045	1958
2329	2149
2028	2357
2488	2180
1850	1923
710	714
2146	2011
1692	1693
2057	2052
941	410
80	86
2143	314
1639	1340
2259	2084
1941	6
196	1802
2301	1092
978	1706
909	1011
2023	2025
71	583
2245	2252
959	542
1589	602
1507	101
252	1203
2511	2090
562	563
2378	2210
1453	779
1753	1756
762	1398
2143	2221
636	812
1507	70
2166	2284
2381	2210
1206	259
948	950
29	31
840	583
1146	775
798	956
405	249
2181	2080
2042	2055
290	203
501	485
920	1638
2213	2296
148	153
1913	1116
2418	2419
1592	1048
2297	2213
1187	548
408	409
2231	910
2420	862
1744	2086
2298	1934
216	217
1565	268
440	584
956	1487
1012	1013
249	404
2339	2232
1575	133
1767	1333
2147	2324
2122	2459
2046	2313
2367	2075
2297	2137
2422	2281
645	847
2352	2353
956	385
1767	120
2176	2282
128	131
788	371
1303	1122
679	790
841	181
442	1077
1523	644
115	262
115	329
1507	790
2226	2229
1276	1256
1268	38
1061	644
145	64
2323	2179
1058	224
435	276
704	702
572	206
1923	1850
357	1344
20	19
1125	376
899	102
1348	1020
618	666
248	198
2538	2357
480	484
1230	1075
994	1656
1433	539
2208	2190
2183	2304
1433	180
1698	930
1673	689
619	1109
1466	2289
866	766
2267	1163
52	221
1641	632
58	1577
204	201
1160	380
370	369
1356	1110
1908	1632
845	841
1867	1598
1239	509
2204	2415
1123	1125
2459	2135
526	524
2517	2177
172	1251
1376	78
294	730
854	582
2293	933
924	189
2006	2004
175	176
2196	2208
304	484
2077	2080
2089	743
1407	1484
1613	339
360	365
2531	328
1987	2298
1085	1208
682	951
358	184
45	157
1393	26
435	442
796	458
1306	823
974	1659
1806	1925
411	1444
21	18
2375	2067
861	1166
1421	873
2136	1734
1865	462
144	1610
1859	43
998	1490
2362	2082
2005	1810
765	925
1576	21
1434	1480
64	145
618	1320
2447	1734
276	275
1777	717
2133	2451
322	1022
2218	1163
1531	1958
219	81
1040	809
1630	663
1763	627
1376	727
2355	2358
775	240
685	1266
1562	619
2104	1955
450	604
588	1071
1249	1390
1982	2291
2188	2078
136	790
1093	2292
1211	202
1005	1845
1567	1570
1386	1083
1920	808
2206	2284
1032	1036
2211	2281
1179	951
1791	282
148	151
2009	2003
1718	1719
1172	733
582	854
128	136
1351	411
2500	356
130	301
2219	2093
2365	2498
2143	2441
257	339
141	405
283	284
2110	2106
2002	1998
1114	75
2323	2315
814	421
987	1326
174	166
1253	1176
1752	1229
2412	2300
952	1286
74	860
1021	1241
1877	476
1777	788
815	1699
50	51
601	67
2163	1756
1295	1200
1174	2464
639	1312
1161	835
2161	2010
1186	588
229	702
2129	2127
305	1637
476	1135
158	770
1774	1265
1197	351
402	405
2185	2300
255	104
2173	2179
1397	550
1098	1160
2400	387
1436	1379
194	197
2208	2357
2188	2208
549	547
1887	1510
435	686
2188	2354
960	300
1772	1228
36	1168
2129	2202
2367	1997
1278	1173
266	267
1365	878
1874	1873
2439	2246
776	1274
1210	1861
1455	1889
663	494
254	257
1830	2287
2157	2245
340	1554
2260	2264
2263	2075
2306	2456
2118	2121
1152	628
81	1232
2104	2106
269	959
910	906
820	378
272	270
985	604
2172	2183
327	690
446	448
2050	2454
2100	1371
2508	1979
1831	1823
2168	843
633	952
124	1484
2038	2106
1264	900
541	1772
1274	417
2453	2034
686	743
661	85
23	1014
371	368
1640	1819
1387	4
1578	1577
1270	1834
210	612
1021	1179
269	266
1468	645
2313	2210
1022	1147
1542	1630
1871	1754
1309	303
2165	2082
389	386
411	716
574	208
2065	2316
1142	1528
1964	1827
428	567
1297	1162
1449	165
305	692
595	599
425	1837
445	299
1087	1093
2014	2314
2139	2141
43	864
1007	1009
590	170
1812	1370
1103	1108
675	897
2055	2151
409	411
2069	2070
2429	2440
2431	1652
31	402
2189	2199
121	126
1967	1336
972	938
2306	2424
1216	469
44	859
389	1594
2511	2102
1079	796
2350	2158
80	81
816	1689
763	1069
1519	1518
1759	1760
211	1116
2458	1929
570	567
1370	1747
160	158
1651	75
1095	1459
772	66
693	1246
577	321
134	454
2089	42
612	834
1185	1186
708	206
2070	1982
1125	836
2072	641
2361	2314
2121	1196
615	1304
1205	1109
499	501
967	430
1759	817
2440	2442
519	578
573	1579
28	826
513	1768
2111	2143
239	163
778	243
1503	9
2057	2013
1811	2500
2216	2217
1048	205
2525	2068
933	1957
1042	246
1883	90
753	754
958	960
2106	2110
2124	2126
1107	56
1132	1133
4	1237
196	929
230	234
788	369
981	1024
520	574
2008	2010
2275	2277
1911	2091
2156	2155
2179	2032
1800	188
1204	240
1755	1867
1226	1227
1660	612
2362	1567
45	160
1510	712
2393	2397
2148	42
1719	836
216	1000
2151	2256
962	646
1080	310
1848	1846
2007	2102
1877	57
1901	1556
1146	656
2282	2089
99	564
999	699
61	1665
1103	1109
2411	2264
2376	2011
2021	1992
2156	1958
1100	707
1273	336
2145	2009
1314	482
2340	2309
2081	2098
430	1522
351	591
1334	1333
2013	429
774	1477
382	1611
804	1410
1929	2231
623	55
1689	1815
1494	1746
1228	435
2211	2033
1934	2305
280	278
131	710
2206	2352
142	1488
1911	2169
291	288
2493	2496
1368	466
1458	1453
1979	1981
1668	1442
87	1
950	982
1395	694
213	209
2027	2399
340	335
1100	1255
42	241
869	871
1436	1439
1594	388
23	1440
2152	2153
2381	2342
1184	645
1021	354
244	1357
2172	2131
185	186
2029	2033
566	569
2353	1092
1697	440
2495	1400
1916	258
2509	2380
2129	1936
1742	287
164	1199
811	1099
275	276
1541	934
726	479
1943	741
2193	2233
1274	161
1892	1084
111	314
1078	1284
864	590
1535	42
158	161
1551	48
2287	1899
807	808
606	257
1240	778
332	334
1837	1011
2446	2204
280	1004
1992	2067
208	938
693	632
608	1027
974	520
1796	1795
2232	1091
1750	1011
724	722
2420	2120
2376	2124
1354	1548
1190	1189
123	995
991	77
765	70
931	600
1399	1472
977	729
291	207
795	2052
479	997
25	29
64	146
2219	2221
279	585
1171	1069
1067	244
1880	836
922	765
291	205
160	156
1112	51
908	192
1196	596
673	131
490	487
55	230
229	733
578	899
2374	2259
1155	675
1381	1441
1967	836
175	179
1854	832
1527	1411
1023	1609
2282	2201
941	208
45	970
395	250
1243	1461
1562	1697
203	357
2416	2417
1711	919
939	410
400	43
817	395
2368	2201
1146	591
260	151
1304	505
782	62
2058	2038
2062	1337
1415	884
1874	759
574	243
150	33
854	584
996	1011
1491	882
1410	336
1277	1282
2193	2293
725	258
1843	1731
2408	1910
981	584
832	599
935	256
2319	1796
833	559
1941	1341
656	657
646	642
1368	598
383	685
654	968
1662	1661
1196	620
1230	1498
1958	2156
71	63
1473	1332
945	451
1982	1656
349	1520
1453	1099
264	485
2506	2507
927	443
341	1507
2027	2450
64	65
1830	1898
299	833
1713	452
2401	2403
1396	977
1952	2059
1370	386
1095	134
712	714
1314	261
2286	2287
639	1811
2509	2379
989	832
475	1372
1001	1698
440	410
1448	680
2513	2229
802	803
1422	113
1025	31
676	628
488	1218
2406	2339
991	985
1596	1140
763	762
700	217
2012	1859
506	1692
792	596
313	316
919	264
995	1317
1997	1999
34	37
1720	1721
664	663
419	355
179	1340
1382	907
1006	1439
379	604
1575	1574
1851	196
81	219
1120	1478
680	685
351	592
2368	2235
697	701
700	1934
1699	1175
1735	1952
583	576
851	999
218	87
2138	2381
906	1337
100	779
509	508
622	82
1445	56
1492	259
995	268
672	671
1186	1185
395	303
594	864
2259	2235
234	230
526	1204
1397	67
392	393
229	460
1091	1470
328	2
1407	24
963	1027
1806	1039
1336	1028
362	699
2086	2326
2009	2159
673	1637
623	1456
1599	1449
929	195
1411	984
2168	2469
833	1111
2052	2377
173	271
2263	2113
308	750
2188	2190
85	347
721	2475
548	832
447	454
555	1345
1220	145
252	1075
536	300
1270	1586
2138	2364
444	449
602	123
2200	2378
1211	1627
1359	151
956	1486
1235	1238
680	687
1381	729
692	817
226	227
2132	2133
2292	1092
2017	2278
2317	2300
1366	123
86	55
2053	2160
2239	2236
426	14
13	14
113	112
304	1272
1854	1061
978	1609
932	930
133	128
659	652
816	895
154	142
407	915
816	219
2062	999
2230	2123
22	23
967	969
187	925
1283	1285
1871	559
1634	1632
2445	2265
184	1403
854	271
799	954
75	521
336	170
1959	494
960	1162
88	91
2459	2147
1447	1233
2231	2086
835	217
2209	2309
1445	16
2353	2421
2332	1163
1493	325
930	644
1304	1306
1944	2398
525	610
797	685
82	107
1131	2357
2164	2166
175	182
2125	2169
2236	2237
1078	1405
1357	239
1663	1609
955	798
1271	802
1305	390
2303	2171
494	147
1271	805
2411	2117
1220	479
150	253
565	545
1725	1028
606	147
336	657
2038	2040
2434	2093
572	1174
1794	1291
1818	1640
1181	663
1749	1820
2220	2128
2298	2008
1193	171
597	607
1763	2427
2179	2036
1406	603
2040	2088
677	855
992	1060
410	707
1006	396
2150	2104
1531	1290
1461	878
580	938
327	1296
571	178
1069	280
1368	1589
1786	312
1770	98
2129	2061
2426	2283
671	672
2090	2102
1434	162
1541	304
1460	782
224	180
1726	1502
2365	2283
1114	1118
2439	1950
1698	1000
492	475
2323	2196
295	368
275	281
1172	166
689	1481
21	1576
2319	2121
938	940
1174	1131
319	165
1183	1361
1252	1251
1255	442
1282	1498
1217	1220
2226	2197
1389	203
2066	2424
2202	1092
291	201
2241	2239
599	832
679	930
1016	1017
204	436
559	1338
1229	806
1700	849
170	593
1288	1291
935	14
2267	2233
1355	1221
1476	1445
627	629
1562	521
2019	2517
811	43
1279	882
685	200
147	835
354	347
596	1397
1877	54
2005	1330
1138	1669
2467	2344
567	265
120	1690
383	797
1855	1680
668	670
892	895
751	294
958	959
2183	2306
1353	1354
1145	1102
969	1454
2219	2222
2458	2094
638	639
1630	644
1854	445
1325	787
1115	619
773	774
2063	2064
2052	795
2225	2076
215	180
195	19
1440	1439
1544	1621
2149	2329
207	288
1362	1364
1566	449
1887	1430
23	22
2491	2354
1173	216
588	1084
1547	1011
153	137
927	252
959	905
931	494
201	1019
339	257
1284	520
1452	779
620	931
1020	271
1855	1679
685	980
76	294
2053	2180
1796	2359
1333	258
1107	224
779	1458
1806	1924
836	1967
2367	1898
682	681
1239	1018
2177	2175
1672	1412
179	175
1230	252
792	1061
1451	700
1679	1681
1649	1651
9	2144
936	1538
501	482
280	1027
1408	20
1198	1697
503	662
1073	279
2146	2149
1445	1128
1104	1115
1069	436
63	64
2426	68
1353	535
1869	834
1784	842
387	388
50	107
726	368
327	936
171	947
559	1339
711	302
1229	605
1271	438
2127	2129
1592	828
1565	1407
797	393
2414	2326
2422	2019
356	113
1314	109
2325	2213
176	137
1111	836
2388	2208
512	574
986	1115
380	1328
619	1115
1511	1513
464	1472
570	265
630	1391
554	1208
80	85
822	1398
239	162
1156	359
162	159
2455	2456
2100	807
2089	2271
1100	889
1583	1584
1489	189
1944	901
2053	2458
2081	2058
823	467
2132	2131
1184	428
2434	2095
388	1594
1033	136
202	204
428	1173
2352	1400
147	931
2176	2201
1242	1605
238	163
227	102
1440	576
2281	2174
1890	2488
2268	2431
2282	2078
836	1125
1135	1187
1276	1496
2054	2056
285	926
2462	2059
1398	1782
2289	2083
1710	1151
10	15
1140	1596
2194	2221
83	80
1317	995
2293	2300
1442	125
1675	981
1061	1095
2265	2337
56	233
2106	2085
1405	296
2082	1093
1672	1476
1256	442
431	10
1513	214
2377	2052
194	1243
1332	1334
1571	1372
1025	827
603	925
1095	436
1404	1406
824	1354
1791	1793
1237	1235
2328	2329
1770	690
1730	207
272	173
1804	224
996	930
430	569
1726	1728
1569	980
1213	1640
1217	1219
2338	2036
851	996
107	1307
810	1229
236	704
355	149
749	546
2423	2389
1025	1381
1339	1229
579	243
1637	936
2090	2049
2245	2253
146	66
195	197
2375	2391
1518	348
1775	1774
751	1057
1197	474
155	148
153	1822
1455	519
1719	851
404	1658
240	1449
1965	2080
640	1578
235	232
471	531
2372	2151
2105	2269
300	533
84	86
1153	308
1203	1177
1243	977
2128	2093
1812	1552
2134	2357
2344	2379
1462	1466
2244	166
858	1081
220	1320
2326	2087
801	796
787	151
1182	664
1331	2266
1659	1231
2084	2040
2004	2007
899	864
2024	2171
303	817
1361	441
2193	2127
2382	1886
558	370
619	494
924	790
1261	1693
1263	1261
1168	1170
2354	2198
2039	2327
748	751
1517	1841
1152	330
115	1907
1408	205
1002	625
2016	2020
1057	77
779	1357
1807	923
1775	2014
441	1256
1540	1538
495	64
698	694
835	494
2215	1939
2203	2206
1488	1365
995	1586
543	995
2091	2093
2286	1830
1066	1648
898	117
561	1354
1159	1473
2227	2247
331	190
1071	743
487	842
925	836
1772	447
195	190
2483	2349
936	302
550	1157
1769	835
1038	809
651	16
1077	1221
1495	1969
592	399
517	1707
80	87
399	401
2101	2103
76	730
2273	2233
1347	1325
2024	2170
2145	2484
1904	483
1732	769
1980	2164
1470	1091
1608	1567
1707	251
1015	1016
240	622
471	529
1070	1067
1023	321
734	155
2401	2402
534	1354
2008	2011
1504	1059
536	77
2028	2032
293	292
65	67
1705	178
1145	232
673	302
2528	2387
2166	1091
151	152
1380	151
446	381
186	770
2361	1898
1705	949
69	835
1856	2144
2111	2113
1845	1846
1061	607
1057	792
2394	2045
1968	1048
986	597
1374	1375
208	706
911	895
1955	1038
2168	166
202	1074
1530	1232
2425	2295
814	1519
693	62
1059	1058
2521	1744
746	1219
2080	2514
1075	927
1682	1683
608	255
254	259
2241	2427
552	549
25	27
1538	936
511	388
133	560
62	55
629	245
211	1598
2032	2173
2425	2424
1017	1018
85	223
1885	1251
1079	49
2135	2123
1002	1004
1666	1610
2078	2201
1792	1595
1637	690
1191	1302
1849	2438
915	917
1406	596
2437	2204
523	527
2237	2038
955	23
228	1031
1321	1511
614	1655
1240	705
2211	2201
2397	1886
2440	2134
573	1580
2187	2196
166	168
1452	1454
2400	402
289	564
1798	1891
980	685
1093	2301
147	604
311	979
2369	2370
2323	2302
2354	2188
2425	2078
707	1101
1974	413
267	268
334	416
802	701
2470	2168
1264	497
297	126
1769	762
687	495
1965	2302
1079	1080
760	539
960	536
1075	1073
923	66
1207	80
688	691
2141	2142
2417	2174
2427	2090
1836	266
21	1799
1626	1628
2201	1954
1433	1431
2007	2162
2347	2146
1749	154
86	1475
189	1491
2295	2412
1611	830
714	690
812	673
2181	2185
1582	1584
1408	1631
461	459
1707	1064
2109	2319
585	279
1345	1675
2000	2249
1918	1685
1313	1314
726	382
138	251
555	34
2375	1837
1736	339
945	568
1739	1016
1684	611
654	1451
72	790
817	820
1278	426
2374	1954
1957	2036
1156	340
361	774
1280	1277
2324	1837
663	70
985	836
789	997
98	103
601	602
348	347
1025	462
1330	2136
2375	2371
1447	1102
2105	1955
1594	386
184	16
1689	1100
1629	714
2415	2320
795	2315
2148	1955
2039	2256
146	147
198	143
872	871
1578	1536
2305	2460
1284	1025
1497	743
715	717
764	767
1199	321
1682	1684
73	78
1945	937
1082	265
925	67
92	397
361	1685
2027	2447
1898	2264
772	687
2408	2191
1916	963
1784	751
25	31
2058	2057
282	285
1804	734
2056	2057
1891	383
1998	2002
918	20
1473	1472
1500	1501
1550	1540
181	1665
851	1000
1789	1742
1042	900
591	1022
2350	2223
2440	2441
259	2010
708	1171
452	457
2538	2180
85	1475
1781	44
1344	597
1096	298
2416	933
628	677
642	644
1748	598
2118	2120
1044	1669
2500	1811
19	533
2352	1744
344	349
2274	2148
1309	692
131	302
1044	542
604	339
337	395
1581	572
1061	101
1697	743
578	440
1271	456
2376	2129
1197	658
797	953
1268	1267
2083	2038
711	301
600	572
347	349
1336	1112
2093	2091
1613	908
496	963
1635	882
1669	95
635	631
1982	2224
2203	2173
765	189
139	390
2081	1597
885	883
693	1105
1889	1179
256	1207
22	18
1239	1012
1381	713
2029	2030
1617	1137
160	529
807	242
104	836
2503	1163
2183	1945
1074	279
2298	2457
2435	2271
1985	2055
1417	1419
972	932
281	1631
496	206
557	558
1260	879
2470	2141
2189	2188
2415	1331
112	115
1596	1597
2126	1355
735	736
1898	2075
1270	1835
1368	808
1406	1137
1708	325
1288	382
939	947
1391	1724
850	851
1777	1257
1524	1110
2307	2311
1042	1043
2321	2373
412	890
1850	1821
329	1787
802	694
94	470
896	749
748	370
522	1497
185	189
640	637
2098	1830
1247	869
1526	1414
869	873
805	1741
1322	2169
719	609
1358	867
1659	806
917	375
2264	2287
1472	309
574	279
1549	1127
1622	1576
1315	98
2039	2055
288	203
2209	1903
1944	937
504	1379
619	618
55	623
2079	2301
793	2125
24	791
1647	1218
635	1321
1175	1176
852	210
1814	178
1673	221
1351	645
575	424
703	174
1071	244
1122	1303
1633	1021
2165	2254
1430	1887
498	501
2	3
2171	2303
1230	552
1044	1111
857	1456
1298	771
2085	2038
768	1125
891	407
290	198
940	574
1837	2128
2011	1955
162	410
1031	1037
2175	2117
1721	426
186	321
2144	2117
505	231
1576	1622
1741	1941
334	157
611	1531
1228	1227
263	264
2289	2197
1012	1017
1365	1368
23	1834
2112	2348
1999	1461
2151	2055
231	419
1075	252
226	229
2340	2199
1377	1376
2264	2229
101	795
2373	2357
576	583
2247	2473
2238	1939
1536	1537
1064	980
199	201
239	577
1802	16
2300	1163
580	493
900	904
203	1729
2048	2326
1753	1272
977	1243
16	510
1169	1170
1168	1169
762	507
2264	2075
1253	432
102	927
1622	1497
1640	1321
2229	2256
950	948
416	334
939	942
2033	1091
182	137
940	520
473	474
2300	2013
2330	2193
1560	342
1131	2517
51	1079
982	1272
104	1095
831	337
317	1750
2073	2234
1743	1325
1973	1221
1537	1168
1001	1489
1319	1282
2079	2077
2327	2234
1991	128
2031	2033
346	1518
401	14
974	972
2234	2106
827	28
2119	2139
1077	439
104	877
81	84
1518	15
859	351
363	431
181	1692
29	1578
4	235
776	161
2374	1955
952	1508
428	1561
1291	1369
1863	203
659	218
831	1164
1840	1652
1837	2124
2071	2522
701	92
863	531
1844	1389
161	548
2358	1461
1488	1931
1747	1113
436	1095
2466	2344
625	624
710	366
2380	2379
2414	2001
1093	2185
1665	1663
1910	415
2293	1163
774	1643
1656	1992
1495	249
834	172
1478	114
694	699
206	964
2354	2196
690	305
1348	981
1069	1040
2374	2088
2176	2174
401	349
2504	2502
1368	1123
2372	2001
1759	357
709	809
227	1499
1317	414
2488	2254
1714	1715
50	762
848	847
129	301
2212	2213
2179	2355
371	295
925	187
1677	1392
2131	2231
1939	2420
124	700
1326	987
211	1895
305	302
834	1660
953	328
1199	390
1256	1221
1613	810
2299	2309
1907	2407
2047	2053
483	485
651	967
2398	2123
631	303
2365	2134
609	313
1063	2012
1263	1832
546	1088
2410	2414
263	260
1372	965
1936	2231
609	1446
439	440
1349	1232
1227	309
1945	1944
789	678
14	10
280	1631
1468	734
655	1059
1049	1734
2522	2404
2375	2372
667	662
2039	2037
1008	1307
168	170
1605	1387
513	915
196	662
254	255
1853	1854
1324	1329
771	65
497	498
131	673
1723	1606
2409	2149
763	50
1494	1799
166	172
1888	138
108	944
2404	2031
2364	2363
1742	542
2447	1329
643	647
1198	577
1879	1886
1941	538
334	417
935	348
2479	1563
1723	886
2144	2367
1254	196
536	960
246	245
235	237
262	614
1532	2109
2386	1588
1852	1851
1687	1688
749	1195
440	578
1127	1549
1449	1645
1541	361
1397	596
1310	337
2361	2014
1141	112
1429	1558
1375	1266
1897	357
950	575
685	1385
2462	1734
329	251
360	362
2071	2493
1387	235
97	1609
1525	658
889	412
313	75
566	1033
2375	2129
2224	2460
1311	1587
1014	413
1939	9
629	627
921	856
1429	839
232	776
1393	151
377	378
251	395
482	480
2003	1053
690	714
1733	1735
1461	456
1072	1074
172	1039
737	646
761	762
780	943
325	140
1553	321
2398	1944
377	257
1368	599
1162	834
1202	77
816	1729
1616	869
104	255
1477	1481
2406	2208
1041	1669
667	1111
1982	2386
734	224
1954	2293
1848	861
2420	2144
700	397
1763	1419
2379	2509
600	931
4	167
2484	2145
519	575
1772	431
1340	178
2062	1856
1414	1526
2037	2039
1082	1085
2260	2010
98	105
357	552
2506	2023
1832	1105
1564	180
1573	242
761	763
1568	439
236	233
2197	2228
479	123
1705	1135
2410	1830
1364	1362
1242	355
61	462
1957	2391
1514	686
13	1276
1533	2051
1961	1745
541	1695
1187	1191
995	994
1452	241
2047	2049
2216	2218
1706	1205
2032	2078
2444	2337
53	1764
2500	638
2314	2361
774	1273
373	1592
546	147
1741	805
314	831
1846	1844
492	57
2041	2343
652	218
439	441
32	25
565	265
1114	109
155	1957
1109	1104
197	1335
1605	1041
1822	1130
891	848
806	973
1814	1631
139	391
1938	2410
1429	1313
2230	2060
1633	1110
669	568
629	246
1591	1777
1529	228
1447	1448
1132	219
327	324
141	1122
2325	2429
1486	1487
1653	979
2429	1563
1991	77
1453	1452
1429	151
729	730
2478	2030
719	77
338	335
1782	219
1170	1169
1535	609
1057	1784
1231	1412
2195	2321
1887	1671
1164	1229
2139	2142
580	410
1310	111
623	843
1079	712
1923	1843
2101	438
619	617
1362	889
272	351
2365	2200
2360	230
1800	26
982	501
962	352
201	199
1369	1732
1484	124
689	1483
183	184
1670	141
1974	383
1169	829
1173	1277
1956	558
1686	1244
1883	421
357	289
2415	2222
36	807
2467	2018
2254	2176
135	602
1290	1531
141	1482
1257	944
136	1035
2142	2472
102	928
1704	441
560	1310
157	776
319	322
2081	2096
2387	2142
98	104
1688	166
1828	1907
1850	1256
1793	1066
1489	187
1043	807
1140	2299
2104	2105
1920	1674
1273	484
927	1112
2	1257
2489	1744
774	874
526	1498
57	492
333	555
2331	2408
952	700
1189	1192
86	82
2328	1037
162	577
2272	2009
836	189
1179	207
834	832
2084	2259
1523	257
1139	1222
1913	515
22	299
135	1776
711	131
1312	109
2314	2244
111	1829
1414	123
2159	2320
2236	2231
1725	171
99	742
738	739
1411	1528
706	577
1047	140
1805	674
1338	101
799	1226
1327	1738
2103	2060
1181	606
1565	835
13	256
1642	1680
767	1319
680	681
2504	2419
125	1668
1453	778
1711	1877
1837	2093
1757	1571
475	474
1084	907
828	963
1155	1249
231	167
647	643
1104	46
1006	1715
1824	1833
1425	1195
1314	192
141	1278
2099	2094
1632	1395
1472	287
1273	874
2369	1830
641	639
499	500
1222	40
739	992
674	301
718	720
1331	2373
2535	1992
1251	911
1654	1438
1267	240
82	42
1965	2173
1391	1548
202	434
720	287
999	1382
2175	2177
1057	1328
9	2074
288	291
1660	768
449	1053
207	205
1071	580
384	835
1048	1866
1704	93
1670	1672
1761	1201
664	618
1061	1060
1779	1781
225	55
2276	1957
663	667
238	241
390	165
2136	2060
2290	2293
698	95
1911	2089
1789	542
2261	2284
1014	23
1070	352
877	76
1579	405
626	55
534	300
483	1186
1923	1731
1543	1126
1382	771
875	843
2223	2225
2429	2419
490	489
216	530
657	656
2492	2277
187	189
905	900
758	1678
314	130
260	263
905	1053
1347	1210
876	1138
1647	1731
580	5
194	8
1588	372
800	782
883	884
2091	2092
1692	869
658	42
1897	553
2066	2306
1989	460
2156	2164
796	799
1228	1772
1336	1732
959	266
1885	531
2075	2264
2033	2233
2189	2491
252	578
2122	2402
1047	1050
252	1497
1858	1674
531	895
2125	2086
471	530
659	1275
1659	1102
854	410
1959	1931
2355	2356
842	1043
2270	795
1795	1744
969	1816
2138	2385
2402	194
667	664
303	651
1113	1111
1848	1031
2209	2254
1879	242
1024	36
740	1382
477	538
551	1135
2099	2095
178	1705
1312	639
716	903
788	866
917	918
2067	2094
1982	2139
1163	2300
2513	2218
1607	1258
2459	2403
743	1454
865	1175
28	827
2179	2323
514	882
1115	617
1104	1205
2441	2440
2128	2222
779	1071
576	582
418	1022
1371	1899
351	272
1675	1024
2353	1091
480	265
1396	1394
137	140
594	592
1269	869
1676	1117
527	1459
309	832
766	769
16	10
2235	2106
20	860
2127	2202
1553	1556
2093	2094
1627	1453
1677	448
1816	1491
2146	2040
1022	390
136	1034
2329	1898
1296	672
1894	1652
1851	1852
2220	2094
1517	1196
21	1051
2513	2381
231	55
2416	2063
2360	2028
2427	2235
2271	2107
511	515
713	1005
2038	2088
112	113
927	1101
1153	1284
339	604
367	369
335	341
395	1579
2048	795
2452	1331
84	223
1899	259
496	708
2147	1954
801	800
572	1172
505	155
1866	2266
956	1831
1439	1028
2509	2154
831	314
626	623
780	100
974	707
1018	251
875	876
1114	1117
14	401
1155	1298
537	300
736	1748
2363	2240
1943	2012
2304	1957
2108	2109
157	1199
1202	792
2504	2409
1396	1243
1795	1796
2083	2014
226	228
2348	2106
922	189
25	32
720	718
2458	2222
461	462
552	1230
1511	1512
308	1953
907	769
830	1275
2064	2036
1357	241
1108	1612
799	1081
1711	362
768	963
2182	2188
2095	2012
203	1695
1761	1464
347	270
2004	2006
2220	2012
688	692
2504	2139
832	834
243	521
634	1908
980	1064
1233	1234
1344	1343
303	631
2300	2016
394	1591
980	1579
1676	1677
1695	289
1674	1227
411	409
973	806
1728	1942
305	673
618	1073
1082	1084
2176	2077
218	652
824	877
1804	1200
1146	570
22	908
1211	204
1656	2260
807	574
841	843
55	231
1619	1359
926	899
1176	474
1319	1696
2283	2371
2482	2372
1931	915
1122	1119
1494	1622
1675	514
1204	1449
2470	2469
2348	1985
2049	2077
1878	1392
33	1759
2278	1900
499	1265
820	707
1056	751
125	40
708	973
1206	1207
1215	469
1277	95
2357	2180
2533	1958
1849	1848
1838	1959
2199	2188
320	174
833	299
1067	1071
930	1055
1810	2072
2434	2089
636	634
41	43
1666	174
2284	2264
356	435
645	891
2113	2215
357	420
2018	2345
2422	2299
337	335
533	806
351	590
1090	1960
765	922
790	679
135	1368
1084	385
2343	2013
2385	726
1195	1425
205	206
2145	9
1053	1698
751	610
1806	1568
347	16
1904	1661
2349	2482
453	895
1698	528
1629	157
495	1034
490	486
2296	2213
1131	2180
2225	2113
2379	2154
622	623
479	771
1612	329
1505	1506
1198	1144
1702	1701
2246	2247
321	320
1301	453
151	812
2211	2421
2238	2142
2320	2159
1105	822
775	940
590	164
8	696
987	445
2341	2340
1909	572
2344	2018
2128	2095
583	1252
647	273
251	1064
2061	2125
1372	907
1996	309
2338	2265
1359	1381
2469	2168
1225	1601
428	1710
2266	2320
2126	2061
543	994
2488	2184
1767	1227
1017	1096
1320	220
1087	940
592	594
906	1024
631	636
1668	127
1453	1073
514	1081
1673	1242
547	551
1850	93
1532	2319
950	682
2204	2431
2364	2501
1778	1602
1839	151
2162	2161
1059	876
1651	1649
2137	2136
519	580
927	1073
412	889
2231	1936
1623	1327
1245	1105
612	1869
1245	1108
2219	1063
174	237
1016	1846
190	197
247	340
1203	927
2435	2107
1364	123
1656	194
1765	886
846	103
2010	2215
2290	1744
2473	2177
2143	2470
2339	2132
2046	2197
1288	728
2462	2062
1570	259
1257	422
1234	1233
1639	936
1530	1597
1654	672
2328	2274
1638	118
65	600
578	581
2239	2162
1275	1832
1031	1033
1545	589
815	1701
1397	438
731	68
2409	1936
1134	969
2057	795
1260	1261
2320	1335
2107	2371
2347	2114
563	436
744	747
282	283
1158	1159
2275	2276
904	198
1711	1025
1187	1192
889	890
908	1336
2354	2181
845	1026
681	1099
1826	1828
324	325
1896	77
117	897
1404	1269
1085	1082
1641	1064
1684	1098
440	443
2225	1943
1476	1481
599	931
993	1546
2055	2085
116	117
1451	1229
878	665
1501	1178
2013	2037
1084	1798
1449	322
1556	1201
1210	1860
936	327
527	526
2057	2058
1748	833
215	509
87	84
1890	1334
326	1106
244	1204
681	1070
438	431
993	1547
250	14
2012	2095
1685	774
1838	270
1012	1016
734	215
756	715
1798	648
1104	1039
539	541
2469	2143
1002	1003
1706	1203
1933	509
2022	2135
691	819
337	727
1954	2259
132	787
1839	1528
2298	2183
1399	464
2534	2270
648	807
209	212
851	998
1645	680
452	456
975	253
611	210
2459	2107
1557	265
879	1691
1558	498
257	413
770	186
783	983
607	1061
2367	2113
1436	1041
1968	1817
1036	957
197	190
2109	2294
2210	2229
2485	2415
2459	1911
1750	1489
2440	2120
2434	2041
232	237
622	626
1199	1147
2055	2234
66	792
965	514
1876	740
1774	1393
164	400
814	880
400	164
1565	1154
781	784
2373	2292
769	1369
2173	2175
1922	1399
1805	1442
1490	998
130	314
758	1506
14	347
2190	2208
1479	703
8	456
1018	365
69	1736
247	253
87	83
1667	402
133	963
662	618
1312	1376
847	848
1426	1101
54	61
294	877
150	1422
259	254
2080	2176
29	25
1537	829
1930	774
396	124
2273	2274
1271	1231
869	872
2236	1533
1787	329
228	226
25	33
1701	1702
890	1196
1623	127
737	738
1018	1015
299	1229
162	208
206	1164
1362	1147
2287	2368
267	269
431	435
1693	1278
1306	1304
2419	2049
491	717
2395	2357
850	852
1332	1326
86	53
2188	2465
1274	776
426	430
188	1800
1269	479
2234	2088
712	1633
1353	216
620	1955
910	1190
1160	692
1070	169
1588	1366
2357	2208
2474	2131
1237	1236
987	620
1	108
1536	1367
1217	441
1920	1600
1458	1099
486	490
1420	1421
2269	2105
2523	2369
2165	2301
386	388
782	880
762	1032
1434	214
54	59
498	569
102	98
767	765
1043	1371
289	203
1666	43
2230	1796
910	192
105	705
1725	493
2499	2292
199	203
754	258
2078	2412
193	379
1505	632
0	1
2014	2167
63	66
584	440
2264	2262
222	180
199	206
480	482
2329	2115
981	431
1668	1137
2057	2056
1903	2203
1028	172
1897	552
899	98
572	691
1458	1627
1964	1965
310	311
225	223
2519	1742
1005	910
1202	719
1411	1527
1964	998
919	920
481	1426
2390	933
319	321
182	26
1413	1414
1046	1042
2036	1957
1018	1664
878	877
620	619
316	77
1316	900
1198	580
1173	1278
2428	2418
6	7
718	719
836	922
188	1108
635	1245
2339	2360
23	1835
2534	2266
250	136
990	851
2163	2138
2245	2251
2295	2299
628	627
1310	196
176	177
280	973
1447	694
1910	555
721	2465
2149	2426
521	72
1294	217
1567	1569
1612	1108
1577	806
1489	766
18	24
2462	2238
2255	2015
303	692
733	1449
526	527
2244	2086
655	1007
592	164
1256	166
2162	2241
699	77
662	665
1980	1249
1203	1204
691	977
2395	2189
2113	2288
1859	1177
2459	2122
2361	2010
923	790
256	220
2082	2353
1171	708
184	142
1873	469
70	790
1569	78
1798	1084
847	645
951	1178
1210	99
2147	2371
1026	845
1024	37
1759	480
685	962
611	1332
350	347
806	802
289	291
1172	173
2138	2384
2378	2027
1967	925
1221	1479
749	1196
1817	1743
992	739
2408	2394
1192	746
1257	1258
170	180
1263	879
1446	382
1186	172
1028	1439
2459	2022
1278	141
563	927
1012	716
1699	1022
2327	2048
143	144
2518	1546
2323	2229
1212	1510
1399	463
8	342
1556	1901
11	53
1865	274
2265	723
250	405
1194	170
2078	1954
2448	2126
1337	906
315	1408
514	1859
619	1204
2380	2154
1946	1947
1741	1323
998	1125
421	205
705	572
887	766
989	991
220	1041
177	179
1501	513
255	601
982	1210
2263	2260
1326	1542
307	464
82	624
731	732
877	878
809	1040
332	333
55	62
2218	2232
1491	189
2368	2149
1808	880
481	264
568	453
1083	732
224	829
82	81
1430	714
1749	800
2345	2090
1245	1246
129	131
685	797
241	42
632	631
33	359
223	87
2071	2528
2039	2038
2088	2040
252	1230
1053	930
2021	2022
590	865
1035	1033
1468	215
1761	362
1675	1345
1366	739
761	760
357	1729
680	575
380	381
2173	2174
2287	2075
1770	383
741	678
1917	574
687	66
652	224
2045	1563
1581	806
1712	1713
2303	2164
1964	1125
206	207
778	1459
1880	258
1195	1424
599	1368
190	193
921	260
44	881
1478	952
1109	1645
2470	2472
626	625
649	218
1547	1671
1455	1345
2323	2321
66	65
1354	824
571	567
1513	1511
531	746
2107	2002
2315	2407
1418	1567
2104	2055
634	785
1695	1320
105	98
1453	1626
1324	1042
278	280
939	938
263	262
2199	2173
1088	1435
1137	1406
331	878
288	207
859	1052
465	1472
1939	1847
1291	123
1792	386
1705	256
2099	1899
2107	2435
1036	807
480	481
379	198
1204	1203
268	294
199	208
438	1397
1915	862
978	1214
776	703
2453	2522
2150	2151
2380	2210
2075	2287
2199	2197
1491	769
2117	1898
702	237
1353	1118
1561	1563
220	966
216	1117
481	501
1841	1667
1550	1244
172	1621
1857	442
838	791
634	636
2372	2038
488	1399
2523	2357
603	790
579	592
34	36
1931	492
1768	1769
1413	1305
2150	2055
285	519
654	649
175	181
1306	1113
2315	795
1208	1085
506	1620
422	424
210	610
1447	355
326	323
1238	276
459	460
198	904
583	840
2014	2083
1659	973
1337	1053
871	869
311	310
219	85
790	66
2325	2403
136	923
1594	1487
2173	2176
138	253
908	1206
1383	268
1211	1626
1293	571
201	1452
1762	1763
170	590
1494	1798
2512	2408
407	513
705	708
1985	2235
1896	377
468	469
2040	2104
1017	1094
833	598
1608	1568
2205	2125
1683	1043
1241	1243
350	344
687	147
435	413
2056	2054
83	87
1071	1320
187	924
1892	511
915	563
1459	575
1426	950
956	187
1378	609
1667	1184
2454	2054
216	1118
1321	1513
1138	704
1979	794
62	1972
1197	271
853	143
1361	442
1375	1604
499	921
1830	2075
410	1041
2246	1997
2141	2471
579	530
749	678
415	1971
1027	1454
565	1015
24	1576
1391	109
880	1064
2104	2088
633	1797
395	141
1981	1980
1533	2144
1512	1513
384	281
124	396
361	360
607	281
674	675
782	427
1552	1949
705	105
563	1631
153	124
362	364
2076	741
2055	2040
1493	1494
156	157
1119	1120
1699	848
2373	1331
582	584
1912	269
960	1309
1107	660
157	163
1425	1278
1598	1872
1343	1344
2501	1934
1546	8
1734	1737
1275	1693
2399	2304
1967	596
343	1229
51	1476
1261	1129
318	77
2084	2324
1452	162
116	118
970	967
1220	544
1488	123
1897	326
1162	209
2124	2128
337	1137
1744	2352
1708	323
1170	1612
910	679
1546	1233
2023	2026
2409	2115
708	403
1366	774
2064	2039
1646	1657
2389	2266
706	940
1938	2015
2008	2013
2149	2273
1942	2332
98	100
1528	874
1514	437
1020	1340
2017	2016
2056	2060
652	59
258	726
2260	2262
23	1319
2084	1037
1483	1984
508	219
1684	543
1352	954
2274	1037
1287	384
1144	703
1812	1301
1492	2398
2167	1898
285	578
1171	1175
2032	2264
701	1410
1647	1843
2284	1163
2219	2012
774	1366
330	331
367	368
1490	1949
436	278
648	847
1519	346
1108	82
1542	1095
1162	867
2418	2402
478	128
1530	82
383	1266
1119	1121
1354	1676
261	1500
1074	521
817	692
137	142
2221	2435
2157	2339
2235	2040
782	882
681	383
1362	805
2281	2077
1804	82
2368	1936
1153	286
1334	1327
765	604
1341	700
665	448
1987	2009
1572	737
2238	2502
1523	618
1798	1494
753	258
1584	1098
148	152
586	1621
2429	2149
190	191
2099	2100
1909	1438
976	630
511	514
441	1077
1424	766
80	82
1178	1179
688	689
2340	2342
994	905
348	346
790	925
1060	1063
1936	2471
666	620
1186	1401
554	1209
1481	651
566	1172
1442	1667
1130	949
1652	696
1501	1230
1026	584
243	577
2461	258
2064	2256
335	336
390	285
65	679
2302	2182
207	434
1359	30
2279	2096
1105	214
968	1295
1241	52
181	98
265	261
458	452
372	376
252	1040
2432	445
517	512
859	42
2235	2055
799	515
398	582
568	946
1106	476
1647	799
193	694
712	1430
15	346
2080	2185
1929	1930
1494	205
197	331
722	725
2181	2184
134	792
1161	1162
2167	2014
2105	2235
830	770
1061	740
620	666
422	423
881	885
2060	714
741	1837
2232	2171
1376	1377
1349	56
2518	1444
299	617
1658	886
938	941
1775	2326
1380	803
1987	794
1733	1196
304	936
861	672
1462	1061
2201	2282
688	693
1042	751
2293	2174
1310	1114
1955	2040
279	1074
1024	1440
370	367
2427	2286
2422	2229
1818	1133
1211	205
150	357
77	992
976	978
2220	2219
2229	2258
1390	929
1258	1257
47	48
1039	437
1161	867
2524	2190
1372	588
2178	1911
1930	1643
1819	1818
1325	1347
532	534
2234	2040
1515	1516
97	946
1978	490
1493	289
795	2040
1743	1347
379	904
830	1229
790	1507
1378	711
2040	2235
35	34
660	1107
772	741
1845	1582
2366	2131
2195	2065
1544	1620
1771	1407
1911	2459
921	919
2111	2215
2425	1091
482	261
278	275
1037	2148
121	124
1032	50
2085	1985
304	250
1396	1393
2087	1063
102	780
703	1144
2148	243
1442	1076
1024	451
1325	1744
410	580
1916	22
2194	2126
1059	1504
1727	901
842	1678
2186	2188
2268	2473
1065	1193
2199	2187
445	986
1284	127
2374	2040
2186	2189
1043	1370
954	1352
236	235
2393	2035
1157	546
1627	1626
1653	362
299	1457
1756	2164
471	470
877	247
181	175
72	600
1876	1018
818	564
2349	2347
1900	2427
2058	2376
2125	2202
1561	1562
1118	1644
643	847
109	111
1587	1312
521	1561
1393	1047
1125	925
418	334
1416	124
105	780
734	505
117	33
1110	1138
576	581
1195	1423
1060	739
1705	951
13	1274
1669	1138
1032	1398
521	279
1220	123
2168	2143
1248	221
2332	1856
986	924
1488	76
1312	111
1653	140
725	1238
848	846
724	194
483	501
85	220
2456	2284
1514	57
1753	1755
1814	1341
508	507
1718	828
901	1853
737	741
1824	244
1466	2283
2049	2122
1386	1276
1600	1601
876	233
1424	550
745	1387
2145	2461
1988	1989
1050	2230
2150	2040
538	539
1239	1210
2230	1795
246	735
2327	2259
2215	2010
1512	1321
1422	150
2052	2020
2313	2370
1813	1631
2026	1678
917	217
1	83
707	1102
134	985
236	1718
1428	1427
1574	133
1094	1096
2046	2027
945	968
269	128
217	987
661	225
1175	865
2123	840
2131	2045
367	371
1950	1856
1361	440
964	352
2345	2235
1808	170
856	286
989	992
938	208
909	192
2229	2087
996	741
521	1562
2503	2185
114	112
264	260
1473	1405
814	1065
1939	2144
1086	1082
1550	1549
1124	1698
2147	2077
786	1584
504	1183
193	802
2097	2014
2169	1936
2452	2453
2127	1756
995	1982
1694	1212
329	115
1330	2142
282	43
2285	2275
1175	475
193	1350
1827	266
2215	2115
2086	1744
2192	1907
866	367
2012	2094
1604	2167
730	20
313	311
1877	1458
2167	2283
204	1659
2126	2231
215	167
1498	147
1761	1085
486	491
2462	2129
521	243
77	607
229	5
2403	2120
2458	2219
295	371
133	1574
2396	2130
1139	1993
232	777
737	65
1644	1117
705	522
1734	2121
1565	366
1083	1144
1716	1591
1996	1295
390	1147
403	402
2030	2356
2517	2179
2269	2104
1240	275
408	412
132	137
1283	810
78	1931
1062	2184
1266	383
1160	1098
299	1118
2096	2081
268	543
1282	519
1839	1831
2455	2194
608	606
1470	1092
932	929
2499	2299
1616	1909
1613	860
1675	791
2538	1365
569	430
654	952
404	1579
323	253
533	277
606	604
1670	1510
1444	2435
715	716
1743	1539
274	352
1498	279
959	444
828	1048
878	1461
774	1802
390	157
1125	379
722	726
1676	1118
1382	835
150	817
464	1503
2399	2027
1363	1254
502	504
344	16
455	452
2488	2514
1275	830
2391	2268
1943	2086
905	1773
1035	136
316	727
710	305
2096	2097
196	193
937	1575
1992	2066
1955	2089
424	1398
477	493
66	147
1457	339
1111	494
1945	2437
153	1821
429	426
1890	2035
1736	605
1766	1767
895	911
1196	68
744	746
61	54
1973	1994
1013	1012
617	620
1678	1516
642	645
2269	2084
361	1273
454	515
2502	177
1138	591
245	246
1553	801
2086	2115
1452	522
794	2394
1154	121
2533	2166
168	505
258	1566
1146	1145
2120	1982
825	1296
1782	1611
177	1534
915	407
1476	1477
1562	1072
2142	2528
2121	2093
1154	1805
214	1322
1608	1449
329	1043
1876	1184
2488	2080
1262	1888
2410	2326
1377	349
1360	1358
2439	2359
643	848
544	1660
2134	196
2103	2102
580	519
1823	621
662	621
108	422
1157	767
967	970
1441	967
2316	2206
172	581
234	235
753	1327
487	489
2304	2381
1717	1591
1170	222
1817	1178
187	646
1198	776
522	417
1766	419
2458	2086
1488	1490
1134	1135
1977	732
1005	1124
1138	4
475	46
2487	2427
2402	2418
1354	1467
604	607
886	1765
2166	2164
871	1560
292	294
1378	560
1432	1183
2263	1898
440	943
2371	1837
608	604
560	1114
837	825
2341	2309
1101	707
1508	1646
1302	524
1358	1359
218	168
2036	2267
483	260
2140	1934
460	459
1256	165
2225	2263
336	613
2160	2116
658	1019
391	194
2017	2026
1662	852
2232	2406
81	80
613	172
1143	838
1058	225
1486	189
2009	2008
909	217
200	564
504	902
2155	2157
1	107
886	1266
1514	1752
2435	2012
129	303
45	418
668	669
1290	611
925	790
2119	2126
989	990
2338	2232
169	1172
1508	1509
1665	61
2489	2409
2481	2472
2012	2222
2059	1952
1855	387
1442	450
1509	1551
402	407
447	411
649	632
148	150
1591	717
1641	1122
2157	2443
319	320
2135	2459
1769	1276
240	163
856	919
934	935
788	672
2354	2491
934	937
1332	1333
1979	2230
1605	1648
1826	309
2273	2054
168	218
2056	2058
632	655
1482	1445
2376	2344
248	253
1648	632
1512	357
1487	1594
381	446
1633	1019
1206	256
763	424
1111	449
2322	2188
281	436
423	388
1211	1628
1294	606
104	267
954	1689
725	722
1048	714
2003	604
1279	1277
370	382
1615	453
884	1415
886	883
2428	2120
222	80
1309	960
1052	776
1098	250
1691	1460
732	911
1448	966
2196	2189
1954	2368
1634	394
284	283
382	727
1931	78
315	1409
1006	1720
816	144
203	1730
2130	2131
889	746
792	1124
693	1477
1743	120
2037	2013
2040	2084
259	1492
1323	805
364	362
1789	1790
198	379
613	616
2013	1903
2088	2151
557	559
1039	581
508	432
204	205
211	718
1897	1819
1157	999
2306	2267
395	253
2001	2086
1655	614
174	320
1522	428
204	202
2343	2038
1382	147
1974	684
280	281
1357	173
2371	2125
1433	700
21	24
354	935
2124	2093
24	18
2363	2137
1092	2421
609	727
2445	2341
1285	67
706	942
720	308
2350	2015
130	129
2381	2526
1636	1637
273	347
2491	2388
31	29
258	1642
1531	298
158	418
295	546
2087	2167
1319	1318
2114	2348
1823	1825
77	536
1277	1278
2168	9
19	195
667	929
2448	2052
1877	1510
793	1936
817	16
1189	1190
1078	1264
2300	2077
39	1618
1235	1237
1312	1114
302	711
1092	2093
1135	538
1689	954
501	982
653	695
1388	1389
37	1455
1098	132
956	879
1564	1172
1455	1342
2004	1998
2386	411
1390	1090
785	786
2150	2105
1907	2094
237	1144
2254	2184
44	41
1495	403
667	663
1028	1725
522	102
2065	2032
239	240
2004	363
1106	1108
1108	1169
431	438
1974	281
2501	2364
574	966
1326	617
1122	1564
1868	1428
733	237
1275	1200
76	1057
2425	2423
1932	1439
1332	299
655	649
1328	380
327	1637
1404	122
1888	758
770	857
2438	2185
1644	1507
2198	2196
2338	2390
384	684
881	1460
1197	1200
1111	667
1233	115
2517	2282
1684	1683
571	551
1009	968
2188	2196
322	580
593	170
1294	339
2451	2175
1695	548
155	1266
752	755
850	187
339	1457
748	294
567	430
639	1810
1029	1030
602	1589
620	1182
509	215
398	397
273	270
1181	1183
532	130
1108	224
1779	1780
1598	40
1391	340
1542	257
511	517
2248	2192
1173	572
999	769
2332	1950
1630	257
746	1606
152	151
2055	2150
645	1277
994	1027
692	305
1127	1550
410	876
1076	1077
389	387
2165	2411
760	50
2192	2194
1457	1115
1276	1100
854	581
64	70
1927	1641
806	1659
739	1843
237	702
1028	1440
1359	729
2221	2091
2355	2179
2532	2180
1778	1240
1241	1135
2038	2151
2535	2205
678	495
1046	750
1073	578
1248	41
1055	1011
1712	389
1523	604
1349	81
2061	2126
2300	2301
1676	1354
274	843
313	315
1463	1462
1996	265
856	500
2294	2188
54	62
520	972
1806	1432
317	546
2351	2110
690	140
140	1571
413	844
1040	621
211	1474
286	287
812	302
1807	790
244	1230
967	409
340	1156
429	15
1122	124
1090	40
2439	2411
856	499
1513	1321
1937	900
1225	566
175	177
642	647
2113	1898
2165	1093
1750	67
2536	2357
2270	1038
806	533
601	495
56	506
746	702
892	893
1650	1227
2165	2356
445	988
1967	187
775	707
2017	1900
417	166
1580	194
102	159
392	359
2327	2085
1532	2318
880	427
1917	707
391	1991
2057	2410
1135	1134
1436	902
128	133
1725	174
789	792
791	838
138	248
2013	2169
1768	256
2363	2365
570	1551
1593	372
1188	1508
1936	620
717	1634
1987	2339
1083	1386
1225	1224
798	957
2097	2246
1583	786
2474	1945
222	225
1967	189
414	408
1913	1914
49	51
2463	2430
1316	1801
594	164
2198	2187
155	1084
513	1647
1114	868
961	729
1152	332
1946	1185
744	745
384	1287
1923	90
2202	2128
436	1344
545	464
2079	2282
1889	1514
293	546
2196	2354
1327	1898
1362	10
275	280
1629	976
730	719
2369	1837
1277	926
441	1255
229	390
1410	874
989	769
201	241
2219	2091
1605	1242
2171	2354
364	1515
370	788
2210	2380
2077	2082
1992	1656
924	987
832	604
2275	933
1032	219
660	659
679	931
751	1376
526	926
2115	2117
1227	1830
2517	2173
1176	1175
2399	2159
1567	1341
637	641
2507	2110
839	1262
647	847
1663	1666
1208	1209
2031	2029
593	161
1516	1167
711	673
738	1698
1221	441
2109	1796
528	444
1533	2145
2151	2085
765	646
852	1095
1644	621
327	673
388	386
2381	2304
424	221
1991	391
1184	1737
1551	894
701	7
1462	604
1899	2286
1854	792
1814	1048
1517	1097
1116	338
180	1864
131	129
1628	1626
31	1658
2068	2471
961	303
67	68
1516	1816
1669	770
1172	417
2320	1744
2180	2174
1929	1999
957	548
694	698
1268	1183
1625	627
536	78
1716	1717
2535	2479
1072	244
1541	1538
2178	1377
403	256
1079	1081
1953	1143
991	989
1921	1133
794	2334
794	1419
665	192
940	707
754	1333
1138	777
351	593
424	509
776	232
581	854
517	214
1399	488
2127	2125
1545	1281
1819	1897
654	651
447	1745
590	43
1277	928
1263	1262
1742	268
1083	1150
2114	2112
2046	2152
2516	2313
163	240
2436	2428
11	10
764	768
1181	503
1040	103
1688	172
374	993
2371	2375
1710	1149
14	1401
1338	665
691	349
1486	568
491	487
1022	321
1715	1738
413	1961
700	124
984	438
1037	2274
1308	433
932	195
1944	1945
876	410
630	736
374	537
1341	1631
2480	2145
1064	438
1169	979
15	14
1005	255
1339	1293
405	1579
607	835
1093	1950
2088	2038
1580	391
1445	1349
1697	1039
1808	821
805	1362
1642	1856
1393	1394
569	1451
230	233
1598	1867
979	404
268	1983
774	336
1854	607
578	519
2238	1532
567	568
2012	2002
227	809
12	1250
2190	2173
2020	1461
249	1579
311	1086
989	600
2311	2205
2208	2178
2011	2371
859	44
368	788
383	35
2250	2130
642	648
685	953
1771	1773
1985	2085
2082	2352
2227	2245
2054	2057
223	80
1640	1818
2394	2408
1251	1252
1740	572
2080	2173
535	1467
2309	2077
2154	2379
1042	1044
1266	1808
2190	2186
736	824
426	428
1713	153
2079	2201
900	902
1485	836
965	112
664	494
1965	1444
2314	2014
2348	2110
2147	2249
1868	1206
1598	1116
126	836
18	21
1528	1412
2160	2162
1096	607
1446	1535
2383	1950
1782	80
598	1677
472	94
2354	2310
2151	2038
992	907
1395	1632
680	683
103	775
1607	458
1346	991
231	505
1396	144
2079	1903
710	713
117	898
2332	2093
1566	543
2307	2310
2261	2316
2292	2282
144	1409
1589	904
1626	1627
1332	411
1653	1039
1883	1018
765	924
1269	750
2013	1936
646	66
1717	394
925	1507
747	92
769	1303
1259	1262
75	692
2199	2189
1365	1366
1855	1642
1561	228
1782	59
229	55
663	1196
297	298
2505	2397
1726	1282
560	133
2403	2260
1959	1459
2093	2219
780	1069
904	1366
1910	206
1055	738
257	604
824	1364
976	164
1481	1019
2403	2205
1318	37
582	576
851	68
2130	2132
2204	2205
851	769
2214	1954
771	772
835	1644
2016	1985
1911	1063
1873	468
2306	1656
218	80
349	354
1148	1151
1079	615
309	799
832	833
1740	1277
2380	2309
987	1644
892	548
283	823
678	931
2171	258
2367	2263
350	147
62	1134
128	132
1357	244
165	1023
373	644
2448	1728
1658	404
728	730
476	1020
1164	1339
1407	1565
2047	2050
1250	1201
2298	2009
507	509
1314	910
235	234
233	108
2384	2138
1165	1988
180	1451
841	484
429	1278
703	702
4	108
1475	1107
241	857
768	67
157	165
1824	1708
1639	1025
99	98
1594	1595
317	550
2427	2151
1574	1044
856	920
2449	2450
1799	742
1883	365
2441	2134
2433	2437
747	95
2066	2411
264	265
1123	1124
1205	46
77	79
2344	2270
1563	1756
2343	2337
1477	353
1339	492
740	835
1107	1525
1330	2319
405	403
1300	529
584	582
1927	1707
913	1976
1909	1882
109	110
1355	441
930	605
321	322
700	694
324	131
2054	1943
428	1277
829	224
1303	1266
373	372
644	1052
1627	526
1336	516
28	25
1677	559
1305	467
1744	1911
460	186
1136	1137
1279	94
1829	1118
340	247
839	774
1477	1672
779	778
2310	2308
200	291
2141	1183
2514	2080
1903	2205
339	196
779	173
929	679
1869	662
1559	1158
84	83
1907	2192
206	7
43	590
2513	2339
933	2390
1312	1042
339	621
1876	683
936	304
887	769
161	1454
685	383
1062	2077
219	1782
340	337
1396	395
645	1423
882	1635
338	1442
437	1039
1929	1311
1759	482
675	898
2203	2204
45	41
2132	2043
1451	1161
1466	1911
1859	400
2229	2078
1889	1251
990	836
302	304
1902	901
834	1572
806	1451
733	1021
0	5
1768	513
868	766
1778	780
113	1445
597	1613
1704	442
1190	1192
416	165
32	1255
1989	1990
18	20
402	249
284	530
2522	2453
1044	1586
797	383
1164	129
1346	1180
1887	1605
1132	107
1644	620
531	1188
2302	2323
1031	1034
335	338
756	758
1103	1106
935	833
165	322
9	1939
2011	1038
1462	1464
2029	2031
1432	1433
2128	2091
2258	2521
1023	703
2028	1174
416	418
351	321
373	448
1690	386
861	862
1088	946
174	1479
1544	524
1504	876
87	82
1468	1469
697	804
1712	139
941	947
1421	188
72	494
1571	140
1262	1259
281	280
1639	404
512	575
1956	1409
2087	2115
2258	2032
1547	1510
785	787
177	175
1226	799
905	1914
1331	1744
759	757
2089	2001
1139	684
1908	1222
535	534
1026	1847
63	69
1763	2213
658	82
1852	1879
1166	689
1870	1871
1856	1950
1837	1419
43	1255
1613	740
697	802
1178	1180
835	69
203	207
272	1199
1229	973
55	622
1576	904
1369	769
968	1504
1142	1141
1382	646
650	658
1807	494
1079	51
411	415
336	733
618	1182
1737	1184
210	209
311	312
1060	1062
489	491
824	907
1136	1139
718	721
1137	1482
547	549
2005	794
552	1455
1436	504
2259	1038
1193	1194
1442	211
177	176
1018	1016
408	415
1215	1012
1953	1684
270	273
963	584
1188	583
1182	931
1192	1189
2280	2493
87	223
726	370
878	1460
2032	2258
973	204
431	433
529	1299
1533	1532
926	1458
983	1138
85	652
2403	2460
809	1253
130	339
1958	2166
193	376
2372	2000
2288	2336
1677	999
473	477
651	655
127	122
1283	790
1176	473
242	1454
898	897
1074	1039
309	486
1039	159
73	79
247	138
484	1168
811	593
212	550
1670	1605
973	1229
224	1200
745	744
1266	170
2022	1735
1233	1447
639	70
1636	1638
1270	499
2393	2396
816	1928
2096	2083
991	492
891	1389
885	1421
157	164
568	4
1854	1397
1480	162
2528	2366
1479	237
2059	2060
176	175
1802	1349
1175	476
2077	2078
725	1642
2407	1091
2126	1322
1153	750
220	85
1580	1588
786	1583
2305	1934
1588	135
1658	312
1814	1813
2439	2421
442	1361
11	13
1199	164
85	829
249	405
2202	1091
2337	2444
337	247
2167	2361
2240	2137
1844	918
925	189
31	33
531	471
264	483
1247	796
1453	1458
1690	389
1535	1446
2296	2297
1717	1634
2078	2001
1211	779
1531	1661
1455	159
1249	1981
972	974
2006	2457
1381	802
977	1673
771	646
650	659
986	339
1931	749
29	1571
520	707
1288	1125
1711	1918
980	343
402	406
2086	2001
2508	2170
963	1024
805	1364
2534	2080
2352	2077
320	237
87	81
2437	2433
1565	999
459	461
1498	526
2345	2419
1732	1489
121	123
741	930
915	916
2370	2251
2449	2334
1409	144
907	824
258	725
453	703
1455	575
2017	556
2225	2068
802	804
812	129
2203	2176
1590	609
1639	1510
2510	2031
22	559
549	1128
349	347
2108	1775
2487	2162
2418	2428
2275	2032
1216	1215
448	196
2345	2049
1364	1544
1378	1896
2068	2067
1200	1935
2340	2341
900	903
1426	1099
2209	2489
41	46
2158	2222
2528	878
649	652
2385	2381
1730	203
460	733
1377	347
880	1065
641	637
584	581
2491	2189
2524	2133
1372	529
560	1637
2206	2315
748	368
2360	1603
1060	134
1618	38
1025	963
792	607
1794	1796
2395	2208
1975	1302
1683	903
603	70
837	840
1033	399
1298	714
2087	2086
2177	2411
1589	135
1639	1640
1793	517
1517	411
976	1203
478	123
1808	1266
999	1337
2113	2289
2067	2093
1310	1644
138	249
212	339
2246	1899
2247	2030
431	14
34	38
1929	2430
564	289
2144	2332
2197	2381
1896	1378
1981	638
1004	584
229	2
1800	1393
593	1456
1855	1167
461	237
650	225
2114	2347
1462	644
575	519
1830	2326
2239	794
449	542
1426	1731
2327	2039
1750	68
419	1530
1098	251
701	1200
1404	1405
2103	2101
2384	2235
1501	1500
883	886
84	87
2379	2188
1503	308
94	1279
10	11
237	230
1807	1382
127	788
1494	694
1063	2222
1131	2275
1183	1268
1184	1850
173	522
2326	2086
692	992
959	269
1596	211
367	370
1128	709
2531	2039
1866	2389
2106	2055
2259	2055
1757	1348
2307	2153
1135	1241
1944	2408
2185	2262
1090	1683
2271	1955
1592	118
2292	2499
750	1154
2538	2154
96	97
1852	247
711	710
1457	986
588	1186
2241	2240
242	1573
2446	2178
607	687
35	206
495	923
1512	1567
815	1700
1060	992
237	1479
1179	285
1062	2201
261	482
1045	1046
367	294
1314	1265
1197	390
1016	1013
2099	2093
129	302
104	98
647	345
2336	1965
1128	1349
959	298
1006	124
1430	1505
1133	1723
2439	2275
1448	1447
169	168
1713	1821
2286	2115
1271	1410
1388	848
1509	1508
1718	357
2007	2236
2110	2111
693	1170
1203	252
2189	2187
1842	760
2528	2142
2274	1038
2339	2382
1018	1239
1334	1043
2465	2475
639	641
1577	1059
871	873
1711	1962
1109	894
821	691
1613	597
1616	1522
2268	2391
2050	2101
2042	2151
1047	1049
2507	2167
1208	1245
704	170
2037	2040
1711	1587
2095	931
475	477
1268	1664
2373	2315
1856	2036
613	614
1069	780
1743	1911
986	1457
117	896
607	987
1804	180
149	357
2236	2238
1598	836
1900	2017
269	1289
2287	2367
1064	139
2366	2164
1690	1543
255	1097
795	2151
192	574
102	899
1028	1024
2264	2082
485	483
2051	2486
354	344
111	1114
646	678
879	878
1311	121
2189	2208
842	1783
395	251
546	687
128	135
938	706
486	489
1311	1805
2373	2000
2330	1691
523	145
1865	744
2021	194
841	264
2370	2308
309	1964
2312	2191
2480	1533
886	1658
1516	378
687	835
692	688
1742	449
55	223
686	1592
487	44
2375	2121
1111	1112
2395	2198
892	804
1509	1190
1598	1304
2393	2395
1926	841
130	303
2202	2125
1523	1604
1904	955
1978	812
1384	1052
987	835
208	940
1181	1182
1874	565
1257	568
2497	2344
2195	2173
1164	833
2132	2200
488	465
525	922
707	940
1901	399
2098	2096
1938	2003
349	348
2326	2414
194	52
2410	2418
2491	2179
1362	694
2044	2130
413	1053
1203	227
383	1891
75	79
2249	2000
2324	2089
210	213
2118	1998
1538	1540
2116	2160
2125	2061
2201	2078
1967	687
137	141
1692	466
665	1426
1741	23
344	348
438	1271
146	69
309	488
1799	458
984	1528
877	597
2144	2418
1117	991
634	141
1444	2205
546	72
1245	1082
190	196
278	276
1865	459
2406	2188
9	2145
393	392
29	845
1101	1099
2060	2430
899	927
1039	775
489	487
1407	1566
1136	856
1182	1034
936	690
278	281
1082	328
963	981
1701	815
597	1229
1658	148
101	793
2234	2055
298	1496
350	352
1697	1498
791	1857
72	68
255	450
2458	2057
2457	2427
636	631
1851	603
216	597
748	127
1985	2087
341	621
352	1230
1362	1363
1942	2092
550	212
542	544
240	1204
147	606
430	567
158	321
2182	1062
801	427
1690	1203
76	78
1285	604
306	309
1093	2282
2064	2257
2352	2206
1296	131
368	371
1879	1496
2271	2259
821	819
431	434
338	1332
2203	2175
2477	2478
620	618
1111	989
2410	2244
937	1013
1144	1522
1801	1800
142	670
1170	16
1942	2333
1407	1602
1399	1153
420	355
2396	2477
1008	1648
1722	514
2064	2229
1919	124
2403	2459
423	139
795	2038
1039	1040
2425	2515
154	1143
816	815
1229	1231
1014	447
2132	2130
805	694
886	461
355	419
1386	988
392	166
1959	64
1182	618
1552	409
1566	1407
1798	271
1442	1668
1283	1162
687	997
2447	1735
624	241
1280	1031
1043	725
1378	673
919	838
1325	318
2423	2209
347	348
1026	1817
2083	2086
149	358
1044	877
1184	144
257	217
1692	429
238	242
2327	2037
1304	1305
1419	794
1809	1030
1542	67
1623	1624
810	1397
649	654
108	1138
1081	1213
1449	942
353	988
2079	2300
413	447
1837	793
21	537
513	549
2195	2258
1282	1459
2524	2517
2234	2151
1647	589
102	743
214	1320
1106	1671
269	1365
665	1622
100	780
487	486
2195	2179
1147	1022
1317	1097
244	208
2468	2151
1274	843
1607	1799
1786	714
470	471
897	1308
1810	2076
812	305
1490	1489
2210	2509
1370	1579
1624	1623
2050	2047
1251	172
1189	1187
1607	1966
363	437
1779	181
595	598
2426	2091
2068	2377
1491	68
603	1644
623	240
1459	926
1148	895
481	485
2358	1983
749	368
2386	2364
572	1173
1075	1072
1844	1845
1152	1155
2415	2305
1904	1905
907	1303
1058	13
1955	2374
352	964
1434	1128
345	618
898	675
308	1880
920	919
727	382
1564	880
2270	2091
162	928
290	730
356	823
2069	2071
1538	1541
740	987
1553	1330
600	789
932	196
250	251
751	1377
1571	148
1507	189
445	617
1391	1118
799	1647
789	66
1399	1922
1160	304
2072	638
296	1078
600	65
1093	2076
2377	2095
603	166
2518	2455
2097	2101
2125	2129
1506	1012
1427	1428
1533	2297
15	1518
72	924
1346	524
2289	2361
1857	1212
953	689
691	1297
2192	2193
2310	2183
1074	778
1200	1295
441	1361
605	604
566	321
1305	1747
1771	1772
472	968
1126	1127
592	770
1997	2002
2514	2282
349	256
421	814
1831	956
2205	2127
1302	523
1042	750
912	1696
38	1268
934	783
575	432
2194	2022
2324	2125
1020	1456
1522	1135
884	432
769	868
1406	70
852	189
793	2128
2396	2251
1388	143
1840	127
180	224
770	321
1031	228
576	584
6	9
2150	2088
2489	2205
809	811
217	596
404	249
350	354
2361	2286
1495	1579
945	235
1858	1206
1329	2447
2035	2036
1418	921
2346	1443
1081	1218
275	206
2521	2163
1423	645
650	649
570	481
768	764
401	344
256	347
2381	2380
1818	357
1168	303
1442	1116
2283	1063
395	1502
2146	2147
1051	644
1593	374
1451	654
881	1260
1629	642
2261	2260
1387	95
780	1718
1817	1823
1038	2084
350	345
1213	1218
297	299
1413	466
1130	1822
1004	281
1907	2476
1676	1392
1106	822
1659	1229
1241	1194
112	114
2295	2294
2175	2205
1628	1211
846	847
1091	2353
381	395
924	68
1537	166
1777	125
424	1032
38	39
2380	2378
837	839
67	64
1189	124
1028	477
1360	1915
957	575
205	199
1808	16
888	867
2	733
1517	1316
1494	1493
1070	606
1633	1241
436	431
1095	792
2367	2215
581	576
469	1401
1388	405
221	232
1823	1015
1238	1237
2434	2003
1851	290
1773	905
730	1838
488	464
781	100
746	531
2058	1899
1394	1690
1638	1636
1434	345
607	1095
588	1426
604	257
783	781
463	465
1321	1673
1136	26
482	821
996	644
1957	2390
834	1869
2451	2335
443	1355
265	260
2299	2295
1018	1724
1757	1758
303	302
636	118
1673	1481
1518	346
2479	2208
382	1896
2031	2510
1970	1971
2299	2304
1016	943
246	856
1618	39
2484	1987
1652	361
365	1650
2205	2129
2044	2043
2061	2127
124	1122
2314	2270
808	990
580	208
2266	2082
1442	1598
2023	1174
78	317
1802	336
275	205
398	1609
933	2201
465	1399
1665	1610
2448	2055
277	533
991	1060
1162	1076
73	75
1274	173
1672	1972
392	178
51	1525
243	320
948	38
2403	2325
227	1253
841	845
1024	1345
1343	575
1177	1686
627	630
1954	2374
1019	658
2470	2122
602	1297
1153	1587
2335	2447
187	922
267	687
2090	2256
2263	2117
1818	1819
184	688
2093	2095
807	548
2254	2201
2339	2406
68	63
2324	1955
1820	1685
1693	1261
1060	792
935	934
1692	872
1654	203
661	1107
607	741
1022	418
1856	1642
2443	1886
2454	2053
2292	2077
237	703
215	1021
2036	2082
1786	1033
1722	882
1460	878
2477	2396
806	7
714	353
1101	966
304	131
1023	322
2469	795
412	1190
115	889
1073	743
1259	1261
452	453
63	72
1166	1315
1900	2278
2150	2106
1612	714
1142	1875
1267	1268
1349	1107
842	757
2197	2177
1737	1738
273	1009
2110	2114
322	320
2467	2090
664	619
1202	729
1789	1334
1899	2010
973	7
669	422
1698	737
1543	1545
876	1214
1434	618
2370	2175
1198	1498
605	930
1258	1032
1200	1022
2426	2061
975	979
1769	1646
1911	1604
2303	2336
1266	1385
1212	356
2109	2361
2013	2000
691	347
901	1715
42	857
2011	2283
1322	1936
1113	1748
585	928
2367	2287
1294	1229
1468	1200
1299	529
1718	780
244	1109
1097	255
271	493
802	805
1254	584
1438	1654
2152	2046
256	344
1475	1349
2527	592
1932	1438
1965	2065
1077	442
469	1215
458	177
812	131
2344	2249
162	580
1221	1077
1257	5
2118	2123
1304	40
1535	975
251	1098
1880	542
2089	1955
622	231
1130	1568
576	585
906	1336
2264	2439
622	1019
1434	1882
1514	1889
1288	1289
1457	1118
1585	1480
2155	1691
2159	1507
295	1488
25	28
1230	1497
1796	1830
387	384
1502	1646
2142	1796
1980	1979
2208	2207
1892	1893
1304	1307
2085	2151
836	925
2422	2196
973	255
217	257
1657	1646
521	778
724	1585
323	131
1432	1806
933	2277
356	1212
1942	2002
53	1804
541	539
33	149
2341	2342
1651	786
1759	33
1330	2111
1001	1123
1757	153
1992	2068
237	66
1080	1212
205	438
159	243
1305	816
1453	564
2211	2174
510	16
2141	2470
1037	2116
979	115
990	771
573	1495
131	936
1169	1108
1257	2
1327	1325
2072	1810
404	979
1459	526
1038	2270
141	1673
403	405
1132	1
223	84
345	1322
686	239
1093	2523
577	162
1275	1276
768	790
1879	254
595	71
2447	2121
1160	787
134	1095
1204	1099
584	1254
2368	2040
486	488
563	1459
1278	1277
688	690
98	101
981	1028
279	706
646	771
1117	985
1235	1236
188	1119
1708	1276
1067	580
740	1397
1297	1909
2122	1929
1278	429
225	659
2403	2328
1663	1664
1772	1053
2016	2019
1099	681
414	94
1917	1320
232	235
1192	1187
817	819
1387	108
1885	124
276	1240
146	606
1293	1916
1100	1609
2511	2098
1759	707
753	1343
1992	2065
2073	2368
1256	1255
1936	910
678	66
547	552
994	1113
2495	488
1889	437
1404	292
578	242
2293	2117
230	235
142	184
483	480
1701	1907
2134	2248
2261	2315
77	1057
1788	1477
1302	528
575	680
2456	2257
352	274
1410	1363
10	17
950	981
2432	2433
1583	1089
769	766
1955	2084
1723	1133
803	802
2519	1642
2025	2387
2426	2459
540	1403
411	1443
1099	1458
1387	397
337	1292
92	777
2401	1939
1169	1168
2361	2075
1802	1271
45	875
1259	1263
70	1507
2242	1890
334	843
155	101
2416	2369
2116	2325
2306	2275
819	1274
336	1214
1390	1392
85	59
1714	418
2438	2304
2418	2120
264	481
1799	1122
2207	2407
1980	2190
1078	687
2449	2451
1108	1832
1169	303
788	1264
2235	2107
393	870
650	661
622	3
1116	1097
1987	2035
247	337
2469	1810
458	490
1313	1315
22	1613
1389	848
2199	2322
458	1607
955	1570
1500	1401
1321	214
1730	1729
1114	560
725	723
829	59
1196	607
879	1260
775	417
448	665
1851	379
2528	1691
1899	1492
192	665
1867	791
324	1129
135	808
1537	484
1881	143
2468	2055
1592	1540
156	160
1768	1452
1721	1720
244	1449
571	428
1909	548
768	544
836	1485
2281	2284
473	476
1078	367
597	1344
705	709
2269	2151
466	467
377	129
436	1459
1488	877
1310	313
1296	673
327	131
987	740
1117	299
381	377
2065	2078
846	174
2128	2202
1465	1841
377	78
254	258
862	1158
261	1501
948	951
62	54
922	1492
1752	1659
65	68
1168	148
1883	93
1929	2459
1099	1254
224	734
1196	687
1405	1521
2296	794
1987	2162
5	0
2027	1958
1712	1502
2003	257
1214	1530
388	1456
670	514
1035	1031
2309	2210
2384	1532
1546	893
300	537
2352	2127
953	876
1223	1225
379	72
680	686
2451	2077
1630	217
2232	2064
1303	907
1496	1027
583	747
1577	1610
1357	778
1761	1652
10	13
1137	1313
1141	1142
2118	1929
161	593
600	66
2387	2280
153	148
1796	2142
2113	2361
1346	1014
995	449
948	682
664	667
535	300
2326	1903
2221	2271
1095	1060
126	1496
2112	2110
1129	1065
2109	1532
66	791
169	733
433	431
243	159
2197	2046
1714	16
2087	2274
2464	2154
917	145
1794	1795
1436	1014
1472	1399
2220	2093
1113	833
517	815
1069	1071
320	770
1394	1393
281	1205
2292	2407
1116	1442
477	1028
2003	1936
1138	876
2410	2434
2315	2185
1912	905
2145	1796
541	1995
1103	1107
2468	2110
1741	1787
1392	1051
189	187
2200	2182
1694	1304
1774	360
2386	688
2297	2507
353	714
1827	1826
328	329
1294	63
1841	1567
274	417
1795	2230
735	629
1968	174
146	64
1035	1233
289	288
1807	606
2489	2185
1824	420
306	308
1550	1524
540	151
1799	1607
1690	384
379	257
2062	2059
780	828
1812	1570
90	421
323	178
1841	1249
2378	2032
1649	1619
573	405
1756	2205
2521	1163
1105	220
1719	40
52	220
1901	1710
2215	2414
895	892
1074	928
1552	1812
2067	1728
644	909
2134	2328
785	688
1004	893
1969	1495
1732	1369
2066	1764
1293	368
2131	1330
2219	2128
131	711
459	462
731	383
906	1028
197	193
389	1224
1046	1674
2308	2310
100	778
827	1090
222	59
82	1214
592	864
1932	1318
526	1458
881	81
496	204
2228	2197
2285	2218
243	1452
1280	923
2180	2173
1417	718
3	108
1768	1120
1977	911
132	1348
1280	1035
146	495
801	1860
813	816
2297	2467
894	804
95	92
1850	442
410	1138
1058	59
1655	278
2374	2055
2038	1936
2399	1744
2240	2236
2185	2176
476	493
28	828
992	792
1753	1203
63	71
505	734
110	930
596	67
1046	1951
1359	1674
1656	2194
1792	483
2536	2281
2250	2044
937	1025
2286	2113
1221	439
1581	786
2297	2010
999	997
509	510
67	790
480	485
2198	2199
1848	1849
1572	1698
546	550
304	1534
1868	1621
1137	196
1846	1845
103	98
2146	2148
985	835
465	601
2181	2030
1348	1510
1648	1008
749	896
1260	1461
1938	2231
1397	835
352	271
250	1098
1253	584
181	949
659	829
40	1674
2490	2485
1869	1660
1195	1278
582	946
309	307
1841	1317
128	134
1794	1050
481	260
1049	1881
805	802
2315	2256
2047	2048
35	383
685	1172
1999	2358
1774	1775
546	1397
1064	385
1007	1008
1566	258
935	859
899	279
1051	606
20	730
1625	449
1145	239
572	403
128	130
1903	2176
2001	2087
48	1551
2204	2178
1282	572
1024	1675
1751	550
1550	840
1061	1161
1946	1948
2008	2012
402	404
1240	1495
383	681
2281	2211
1340	981
569	1135
2538	2428
1877	658
6	8
786	1582
1486	1488
1233	818
2250	2132
1641	1927
2105	2151
2289	2286
1359	713
230	55
1085	1245
1393	1396
1735	1196
327	325
1475	85
858	1731
1039	279
2214	2000
200	207
749	1157
1012	1018
2370	2203
644	1054
567	570
936	305
2080	2079
1628	1172
930	604
1179	1071
214	451
1943	2041
2343	1903
1136	692
634	1885
2172	2330
737	678
849	702
673	305
1271	1363
1778	1069
1259	879
1174	2064
129	300
203	1254
156	159
627	628
575	682
1226	1228
1817	1026
629	735
144	1665
513	273
1823	1690
558	1165
1937	1938
540	628
2270	2040
15	348
810	790
1371	2057
2151	2040
659	1058
733	169
462	459
1867	1755
1055	909
2204	2282
921	499
620	617
1889	1455
1324	1328
2381	2378
1134	62
1744	2320
1077	93
952	884
1568	1608
2300	429
1838	730
925	1034
866	769
573	1373
1728	2094
1633	208
2377	1322
1650	1867
2400	386
2384	2081
2106	2151
915	513
1207	256
174	1138
284	471
519	285
522	43
415	1709
1357	1109
159	162
1514	886
225	80
1513	1567
1072	1075
248	250
1510	57
819	347
587	588
1399	1089
1771	454
2098	2083
154	49
1443	2456
1524	1525
549	1065
1488	998
835	987
1277	1281
304	1098
289	200
66	495
1743	1840
2065	2314
324	1130
1285	600
1118	299
963	1026
667	1614
40	1304
934	936
1558	614
233	167
2404	2405
28	825
1584	1583
999	1593
576	586
858	170
374	1593
718	497
2371	2129
1447	818
205	204
1088	1337
354	1449
257	216
729	713
2376	2127
780	99
1844	1846
2420	2402
717	491
2095	2222
2260	2065
1133	1722
74	339
1287	123
1322	2126
444	447
369	367
548	549
2423	2424
2507	2123
734	822
742	418
1090	827
2153	2159
1187	746
1617	1599
1698	550
2288	2113
1642	1727
1311	1154
785	788
910	1936
28	330
1844	1543
2313	1903
158	1613
298	1096
1203	1754
1508	1647
595	596
567	569
1254	1253
772	771
823	284
1277	1279
2388	2226
2462	1943
67	925
985	101
1083	237
1515	842
560	557
1265	1314
346	1520
13	346
1376	1378
884	158
1337	604
2123	1286
1162	900
913	453
931	687
1642	1855
2368	1954
746	1189
1326	621
2162	2160
2283	2087
2344	2102
342	335
2154	2380
2037	2038
224	1058
1508	1188
1390	446
661	659
1258	170
518	519
2456	1443
1091	2125
2162	2318
1508	1570
413	1745
441	43
274	1971
621	617
662	666
2396	2023
1709	415
2014	2087
1033	1785
1213	1081
2085	2106
1692	506
1569	1481
1388	141
921	920
2209	2256
465	309
2071	2506
1686	1177
692	690
2384	2347
570	1552
1585	206
665	22
1775	2108
1565	258
2266	2268
1418	1289
859	256
1082	1083
529	160
294	76
604	608
1575	1963
1497	1230
2194	2319
2371	2077
423	386
234	237
962	963
118	1638
1248	1118
641	640
1202	75
2417	2276
131	305
2414	2274
1788	85
225	218
2042	2039
517	1793
1502	139
1681	844
102	926
1171	434
2147	1955
75	609
1395	1493
1392	1676
2130	2133
1703	1068
1313	1317
2303	2265
2039	2085
2510	2517
2383	2193
481	480
572	964
1315	1770
63	68
633	631
2154	2210
149	33
2152	2154
2177	2523
2427	2039
1224	1223
1936	925
2118	2122
771	678
974	1146
38	1183
652	659
598	1057
161	156
550	547
2520	901
1035	1280
662	667
878	248
2483	1775
429	1815
1697	102
292	77
162	1282
1936	2038
1917	1146
317	1083
2074	2094
1321	1512
517	251
2229	2064
2160	2161
2219	2094
1361	1355
2385	2138
1172	170
1666	232
2507	2087
580	577
71	596
2413	2366
1473	877
1231	1033
1229	1102
1397	546
495	790
612	1660
2010	1492
1987	1986
2521	2399
1035	14
147	69
129	168
1598	124
1886	1355
701	802
103	227
41	45
210	609
2062	1952
1286	952
341	597
833	294
470	94
148	149
1983	268
1699	591
1476	353
2207	2208
310	312
2530	2140
2317	2185
1788	979
2151	2234
1997	2000
436	280
1456	1274
2465	2336
60	626
709	1128
1031	1036
2079	1957
604	147
1802	432
664	662
739	991
1496	255
1885	808
1278	144
1080	615
1841	826
877	730
2028	1829
369	866
2010	2214
1842	1258
2519	1437
377	382
833	832
2412	2282
1580	1534
915	918
1696	1440
1153	1152
2378	2256
451	214
1254	431
1959	1838
792	1095
760	762
634	1737
1567	1512
1429	1505
1231	806
2045	2529
2112	2114
320	165
162	226
1248	1117
519	548
952	761
283	285
2190	2517
809	410
673	936
1377	1477
481	483
1986	1987
2491	2208
1105	1641
1184	1500
2033	2353
2360	1903
976	1204
2000	2129
2429	2039
974	973
1365	810
1365	612
1954	2201
1804	829
529	471
2171	2114
1	87
145	1323
1609	43
2308	2313
904	748
688	640
1854	1095
1992	2060
237	174
444	192
1559	406
1542	217
1342	575
1272	224
2125	2126
1058	652
2503	2300
510	1398
119	1862
1642	1843
1163	2185
618	617
2226	2227
288	290
1356	1525
1065	1686
341	1613
1663	1665
652	83
2	0
1808	303
154	148
144	1726
1723	732
259	1899
815	816
326	1887
2281	2285
561	1391
291	200
280	938
740	1644
1364	802
67	66
2199	2198
1992	331
191	194
2088	2055
2313	2046
739	1731
230	231
940	706
710	690
556	1617
91	566
778	686
1443	408
2195	2323
1429	148
541	576
2258	2173
1331	2320
1417	127
1919	700
164	1022
1256	439
1467	382
391	573
2044	2132
2147	2000
1220	187
1196	790
799	1372
1406	267
1547	343
2097	2167
1911	1744
1069	572
1709	1184
464	307
409	525
369	370
192	907
1135	551
2208	2229
2288	2361
1354	339
285	390
1523	213
924	72
510	509
1450	285
2360	2304
1798	1277
2402	2426
948	17
1807	164
571	271
361	81
1270	268
1268	1618
2109	1942
1672	1246
16	347
1475	56
2118	2119
599	494
366	360
764	765
374	375
657	232
1384	347
1443	993
2142	2238
2025	1131
1665	1577
560	1829
929	605
1859	1256
2099	682
1360	870
1700	815
108	4
2501	2140
1481	689
374	373
1129	451
1885	771
165	1256
975	976
2321	2195
1258	763
1968	327
2084	2270
727	1322
1210	1160
930	909
970	279
2182	2201
534	533
503	755
65	678
1961	1709
1007	1010
125	121
1755	1325
395	337
1396	1207
1661	1662
1672	1410
691	651
2055	2235
1521	1078
184	1541
91	565
1892	1201
532	533
1482	1707
664	1182
1402	1027
1061	445
1136	1140
1495	405
2290	2127
256	1206
1423	1425
1796	838
1267	98
2489	2397
2377	2091
806	1231
2090	2151
1929	2122
1668	1097
304	264
106	108
680	682
984	783
1171	202
76	75
900	901
71	790
1256	441
1433	124
257	663
1538	1403
700	1341
2143	2084
130	300
963	1028
1830	2359
2286	1899
1906	1652
819	303
1406	1404
917	810
1286	762
598	1298
1700	235
63	70
798	356
809	227
132	148
1545	1543
2478	2197
791	1006
2187	2152
312	1658
2347	2348
2296	1999
2371	2324
2307	2309
99	100
1387	745
54	60
681	682
2014	2361
261	485
139	384
1547	1247
1297	1432
136	228
448	1333
537	374
279	1752
83	223
1051	21
1231	438
23	447
2297	2169
1284	287
1364	1369
387	423
1807	678
2235	2104
1448	686
705	206
835	687
1249	1979
1212	1244
767	1614
1824	1823
850	189
879	1461
2259	2435
901	1167
501	950
882	1722
2389	2179
400	399
543	993
391	1580
874	1685
283	108
957	1036
387	139
1020	776
2276	2127
51	1218
273	271
169	170
123	741
918	145
1832	822
649	653
251	253
2187	2198
172	166
1099	1101
889	457
2537	2520
2190	2188
553	691
2055	2038
1384	1385
2140	1999
512	516
355	420
1375	1307
818	1233
1172	1564
895	453
1148	1149
481	482
232	775
816	813
2281	1092
270	272
1699	158
535	78
1073	1449
1033	1280
1442	1474
2520	620
2194	2068
272	462
424	762
29	1678
677	140
1509	583
2200	2380
348	1520
2466	1532
2314	2283
442	854
2517	2355
343	679
2339	2490
2125	2193
679	925
1296	787
1513	1673
2093	2128
2347	2112
741	909
622	233
417	775
1851	198
1096	255
694	696
1577	1665
325	324
1036	1032
661	1058
709	1320
24	21
439	443
1264	1284
2079	1093
1017	1012
872	462
1605	1884
2193	2192
2149	2038
1889	1752
655	632
828	395
302	673
180	170
997	134
230	236
931	147
2018	2016
292	295
302	812
2078	2151
1519	451
733	2
2257	2399
1495	979
363	207
2267	2177
414	411
2023	1159
804	802
414	409
2422	1958
1727	1167
990	1092
56	663
335	331
2311	2159
289	33
553	817
25	30
2040	2055
492	474
2426	1728
2287	1898
142	688
2159	2311
1848	438
1663	1268
804	1233
75	932
1695	1621
964	206
2253	2252
1823	414
1070	951
2145	1830
336	1213
1124	67
119	1814
2107	2221
561	316
353	1477
1112	895
373	375
634	405
1065	814
1530	1214
2335	1329
1883	1747
1728	1719
1746	1798
511	513
1004	1217
1802	1803
597	877
764	766
574	1102
326	178
476	492
856	260
694	695
495	63
953	1213
2393	2154
1619	1090
1039	1041
973	288
1211	585
370	866
1106	1510
758	1043
911	732
2187	2188
144	1577
1940	111
2018	2344
1684	1915
105	729
460	174
2269	2107
1389	643
1087	1089
279	1040
2066	2473
2409	2122
1324	132
2131	2172
2186	2191
2183	2305
11	14
793	2129
1431	1433
377	381
605	1736
754	1297
595	63
876	1059
1402	1403
1448	708
954	798
48	47
1297	523
1392	1114
34	39
2282	2079
1479	174
2058	2377
1544	1545
1020	174
255	257
445	792
719	1202
915	597
1476	693
706	939
362	1153
235	230
2394	2131
348	14
411	408
1033	1035
1080	1079
694	700
1441	1045
2157	2490
551	609
1345	1809
569	457
297	101
1425	1277
2037	2041
2348	2347
51	50
1287	387
223	83
1393	1395
645	1497
1828	2144
965	966
2440	2083
591	1146
2382	2142
2217	2064
2486	2053
936	131
687	851
1074	1752
2420	2458
2003	1604
706	941
1103	1110
1794	245
850	213
1224	1225
289	205
2172	2027
516	587
631	633
121	122
2208	2189
987	495
475	57
1769	1807
2043	2044
2354	2171
325	1708
300	534
1320	709
1015	1012
88	89
924	70
214	220
795	2088
116	119
2024	2172
1703	1636
2135	2139
803	1380
1587	557
2161	2096
2008	2009
467	823
857	233
477	474
323	251
1052	222
335	343
1186	483
967	971
1916	115
1482	689
525	523
796	685
1632	1634
2392	2133
1118	1248
365	1018
124	397
1753	910
1974	1631
1589	406
1107	1482
349	59
1388	754
1094	644
1304	615
601	418
2198	2195
2359	2246
2507	2468
1472	1474
1456	843
2304	2378
2422	2256
930	1011
790	835
1421	885
1486	956
2237	2041
2205	2438
816	1782
138	250
223	1175
711	690
736	735
1086	1592
850	385
2185	2282
2148	1034
516	1336
1616	814
967	663
1168	484
236	108
153	1571
990	1091
1384	1386
649	650
1761	1505
1354	535
779	593
1478	138
854	1295
543	89
1748	989
932	972
994	995
2059	2061
1481	221
4	1138
2059	2062
516	178
1048	786
1408	950
374	376
193	973
1124	792
2379	2210
208	1204
2370	2313
2511	2015
242	421
1097	1317
1313	1316
1819	357
2337	2265
2407	1092
1110	1524
8	893
296	725
1670	979
452	455
622	55
755	752
1239	1240
2008	2014
1013	1016
389	390
1542	646
654	284
572	216
483	264
381	1206
1117	606
1544	779
2012	2093
170	168
339	1350
936	1637
666	664
1674	684
19	836
139	385
316	313
2098	2081
687	792
1931	64
1293	337
679	1229
1812	670
2305	2092
1497	526
909	917
227	208
1147	1449
1609	1610
1528	1411
1111	766
1265	1317
244	1071
1563	1903
2303	2323
151	1430
1616	1887
1152	699
1451	438
1199	592
442	440
1626	1458
1060	1061
491	1685
2491	2196
2243	1754
1347	115
1333	1334
2322	2198
2466	2061
626	622
181	1666
2344	2259
672	861
1285	1294
1170	979
2399	1331
914	596
2512	2513
494	835
1576	24
256	346
680	200
1962	308
1108	1275
1287	386
2414	2040
929	196
1115	1104
2464	2200
2518	1443
421	90
964	1172
2302	1965
461	830
205	275
1579	251
146	600
431	437
890	1952
1550	349
592	590
739	134
2073	2309
208	1215
676	560
2386	1934
1564	215
1371	2100
2448	2056
1411	1529
2323	2455
567	428
1958	1942
139	388
43	282
1769	164
2179	2178
1773	589
1160	819
1341	178
2410	2205
2237	2409
2232	1092
178	1341
1124	78
179	177
