1796	2319
2420	2144
879	1261
2474	1945
2078	2412
662	663
1045	971
521	1074
2148	42
192	908
1591	491
1857	836
1541	361
106	1
1581	7
23	1014
236	704
1026	271
890	412
1789	542
199	207
1110	1524
2310	2180
2054	795
387	1855
1950	1163
1058	223
836	187
2306	2424
1581	786
389	388
1315	1770
2347	2114
2195	2258
1535	975
1901	1556
595	321
652	85
1014	791
1160	819
584	1254
1773	905
543	993
1070	951
168	180
2384	2081
1848	1846
2208	2357
642	648
1069	280
145	1323
285	578
1475	56
1116	1442
165	580
522	102
1721	1720
1397	546
1852	379
1078	1076
2226	2228
2093	1837
577	162
976	630
2286	2113
2445	2341
1931	922
2087	1063
1336	1732
1204	1099
2194	2319
1026	57
1566	1565
1128	1611
2190	2179
380	665
648	847
2324	2129
2189	2199
197	1335
804	697
1077	1221
822	219
405	402
828	251
343	1350
1939	2144
832	599
936	690
930	605
181	98
1693	1278
2456	1443
899	743
710	131
1192	1189
426	429
2274	2087
262	260
596	68
906	1336
158	1613
1580	1534
357	552
1447	656
1481	1482
57	1510
1871	196
1929	1311
2060	2430
941	942
1644	607
938	580
429	1278
691	256
1055	1698
1923	1731
689	462
250	1098
150	1422
1991	391
281	1205
2047	2051
234	237
2039	2151
660	1804
2393	2394
730	719
1104	1115
760	761
222	225
487	489
572	403
2242	2243
1199	157
1328	1057
272	274
2198	2322
881	1260
687	495
1012	1013
2206	2256
2384	2235
33	150
1991	691
2298	1140
1791	288
2315	101
1967	766
1007	1009
1088	999
1259	1260
2195	2315
756	759
775	707
572	964
2214	2000
395	253
2435	2107
1593	376
1840	900
2306	1992
1004	1217
2087	2115
2365	1796
1778	1671
247	138
802	803
299	1117
207	434
237	230
1792	386
987	607
673	710
2513	2229
360	361
1377	1376
20	917
2374	2088
915	918
1617	990
176	177
2499	2032
989	600
317	739
1022	418
2338	2265
2339	2309
2186	2190
1325	1742
956	1487
1885	808
335	337
2370	2175
2380	2379
1452	163
87	1475
2322	2187
1396	432
283	284
124	700
2350	2351
2386	1934
567	569
2372	2041
1576	21
1674	1183
219	81
2046	2027
775	232
1384	1386
793	2125
1408	1631
1482	1481
396	398
1445	113
1421	1460
1341	1631
521	410
827	28
2306	1062
206	1172
2234	2259
1873	1216
1028	172
1633	1179
1172	593
824	971
2013	2037
1466	2011
450	101
1446	345
193	376
244	1449
979	1170
2039	2055
164	157
240	622
1577	1665
1647	799
976	1205
374	1593
1012	1016
2077	2082
490	1086
463	464
1067	1071
931	494
353	1266
2171	258
1941	1942
1399	1472
968	654
2167	1063
1753	1203
1944	2408
229	460
1123	495
1775	2349
2501	1934
223	1175
2271	2269
734	231
200	564
584	1176
1513	1321
1221	1077
2426	2440
1628	1211
1518	1520
2046	2152
1145	232
2124	2129
1109	1205
1670	1510
1684	1043
1838	1088
804	1410
645	1423
1359	1233
1038	2084
1115	619
1500	1501
2489	2032
1270	1586
149	33
275	281
866	867
2403	2205
1544	1543
805	1741
363	1381
547	551
2517	2173
83	80
1748	1293
1920	808
408	409
471	529
547	550
54	60
108	236
712	1510
816	815
86	80
1278	141
692	817
1818	1133
2077	2080
630	1391
1136	692
570	567
2129	2202
2045	2394
1613	908
2315	741
133	128
836	1111
1855	1642
252	1497
1737	957
2168	2122
1974	684
981	431
2180	2173
413	1053
14	16
404	403
494	835
1567	1569
2303	2334
1035	1280
2258	2521
1310	1829
1837	930
1903	2208
1622	665
2507	2083
1793	1791
2189	2188
1658	979
994	995
2240	2241
260	261
55	223
992	1061
2234	2040
1351	645
135	602
2426	2459
2246	1997
1344	597
667	662
1074	521
2353	1092
799	954
2039	2088
1217	799
320	1022
347	270
998	189
585	1320
377	129
2083	2085
719	382
408	414
1659	1231
1146	570
2514	2488
2079	1903
1562	619
2309	2077
141	1278
274	1454
1512	1513
264	485
1886	2146
24	298
304	936
66	791
1368	135
2286	2288
147	69
820	817
1091	2421
1752	1659
1223	1224
157	163
402	405
1672	1476
2462	2129
1055	738
1913	1210
2168	2502
2076	1093
216	597
2408	2452
2218	2065
295	546
1673	141
1088	546
1909	575
1977	1036
1442	1667
854	584
110	1350
2302	2107
664	620
1079	615
823	467
1759	33
217	596
1594	1287
2467	2090
2216	1849
1004	584
1399	488
14	426
1020	42
646	1182
269	1365
2082	2431
323	263
1973	528
1730	1729
547	549
766	868
239	241
494	70
146	835
25	33
842	1515
1541	304
1502	1144
1144	591
2024	2170
66	65
543	89
85	652
1114	111
711	673
835	687
1580	391
1659	806
313	317
1074	1497
2507	1532
513	273
175	180
1832	1105
911	912
1750	600
1633	1021
650	225
2079	2301
302	132
492	475
1285	810
2172	2330
2040	2084
1652	8
268	269
975	977
1071	1067
634	141
2221	2271
1592	118
22	23
1255	1256
833	1748
2474	2183
652	218
771	678
1100	889
1567	1568
959	1327
2363	2027
1182	494
289	203
1406	1404
1782	1611
848	847
263	921
698	694
976	1203
1422	178
2458	2219
832	835
960	1162
135	406
525	20
442	1255
1314	260
322	1023
2376	2125
706	939
737	65
1510	326
1086	140
1298	598
2188	2191
1954	2374
734	180
2144	2332
1044	766
795	2151
1362	1364
1913	1116
379	248
746	1188
1354	216
1938	2409
387	139
2073	2256
1183	38
1594	1595
1718	1719
1752	437
1211	204
419	1530
1690	227
953	328
2120	2419
950	803
1210	982
2052	2094
481	501
726	1446
605	930
84	55
475	474
2208	1957
387	386
2079	2282
2218	1163
1569	877
367	294
321	320
2420	2058
1890	2164
216	606
662	666
566	1033
1187	1189
2168	2041
1700	1213
938	706
182	1580
2368	2038
323	178
879	1260
2483	2347
1105	214
967	970
781	100
32	30
1326	1630
1334	1043
909	930
962	964
930	1055
104	1095
1287	386
2004	1899
883	704
1067	1039
162	577
1675	514
845	1137
1686	1177
603	166
1486	187
1777	1591
1989	99
857	770
1378	1328
521	1562
1675	1024
673	711
428	567
2368	2201
1681	1951
1609	43
2323	2178
168	686
859	1052
300	536
461	702
876	1138
906	1303
866	369
2429	2409
759	1678
2146	2148
193	804
345	214
1360	378
203	1254
1170	1612
1322	1936
774	1643
1658	404
2036	2265
252	1075
829	85
1848	438
1250	1913
2196	2354
625	626
817	553
1287	1053
1837	1943
430	426
1069	436
398	160
791	1084
2327	2055
1478	124
2060	1050
1462	1061
546	1088
2183	1744
2432	2340
1388	754
2352	2082
952	884
2143	2139
1867	1650
1968	1817
2179	2275
2264	2075
103	522
1668	296
1605	1387
780	963
1006	396
441	43
694	124
1083	237
483	1186
585	580
2349	2483
2292	2407
280	682
16	10
1481	221
662	667
919	1025
177	176
477	492
2306	2267
531	1189
1596	754
1824	420
2267	2205
2367	2287
1113	1748
1616	572
2264	2229
1726	1728
1388	848
16	344
2115	2089
1961	415
740	1613
1202	730
361	1685
772	1285
953	1214
384	281
2522	2404
285	390
349	344
1136	33
2399	1444
910	1190
1106	326
1542	67
1533	2051
1531	1289
1240	105
707	577
2353	1091
531	471
1080	310
957	575
2225	1943
35	275
2057	2410
2220	2012
19	23
2052	2093
2244	2086
1462	604
577	580
2203	1563
1888	1538
1455	1280
50	1356
1741	23
203	288
508	510
561	1043
174	237
1896	382
78	1124
2138	2384
476	1135
1015	1016
522	240
1579	303
979	132
964	572
573	1579
1467	196
2053	2486
153	1822
1304	505
232	234
2299	2209
2189	2186
1519	451
410	1041
211	1317
2236	2231
2119	1898
1784	1057
1116	1667
680	607
1092	2421
775	940
1144	1522
2344	2018
282	284
1080	1212
1096	1094
1106	693
607	101
1495	1579
1432	1227
67	63
1215	1216
1431	36
743	899
979	115
1562	521
2293	933
2269	2270
604	605
1095	1397
1535	1446
1078	687
416	417
705	572
192	910
63	65
150	152
1092	2086
279	1752
1660	544
1135	551
2052	2020
10	14
1265	1314
1002	1005
938	577
1376	382
22	1613
1791	185
1361	440
1233	804
1673	689
1314	910
1075	1072
1058	659
731	494
796	799
251	138
2477	2478
1321	1512
275	278
1303	907
2271	1954
909	1055
62	54
184	688
443	927
618	1320
1418	1546
609	727
478	123
219	1782
748	123
1387	95
939	706
2110	2106
2004	2006
770	320
1173	1277
1183	1674
2259	1954
2404	2362
2083	2089
1141	112
1944	1945
1095	1061
194	191
817	359
2274	2038
196	193
475	139
895	453
2339	2166
15	346
999	1382
2481	1297
404	1639
1042	750
580	519
2055	2106
1343	753
2190	2517
963	505
130	817
2128	2219
242	1606
82	42
128	135
951	1179
1663	1666
681	1070
1195	749
470	471
322	321
173	166
1808	817
1114	75
337	1293
991	445
1314	1317
1466	1911
1886	319
251	395
288	289
1903	2209
81	84
1047	303
435	439
315	1137
1676	1677
1992	2067
226	229
1124	1698
1796	838
747	583
1434	1320
540	1541
600	790
1741	1787
395	1502
2519	1857
816	813
2147	1955
1043	1046
600	66
1294	606
1652	1410
693	632
1341	1719
495	678
356	516
1668	1137
1673	1242
756	757
1197	1199
1605	1041
617	621
2040	2055
1104	619
2425	2295
2004	2005
595	63
731	617
1476	1475
2293	1163
654	968
1378	382
667	494
1445	1128
1844	1543
1341	1814
827	1619
478	479
1108	1832
371	367
662	664
933	2201
339	196
108	1387
517	815
333	556
690	305
447	23
104	836
1600	815
1669	770
523	524
1497	1075
104	1124
587	589
2354	2188
1405	1078
710	712
879	1460
1328	819
1306	1594
182	137
991	989
1451	180
2	0
551	547
413	1961
2528	2387
75	521
2323	2196
187	70
1451	1231
1987	2298
1310	337
352	962
1028	1319
688	651
2310	2183
2298	2008
663	1053
1184	428
2357	2180
1964	1125
974	965
885	883
1297	819
1744	2293
1043	758
1659	1102
1749	154
1057	449
1462	1465
198	290
1353	1118
2264	2065
1025	1381
1204	619
1028	1024
2219	2222
2303	2131
87	84
1100	707
1259	1261
1038	2259
687	607
649	651
1890	2488
985	1196
646	925
2275	1957
892	895
2469	1810
1356	1524
2330	2193
974	938
1398	219
703	843
1126	1043
2349	2482
967	663
289	200
796	798
1324	1327
304	1534
561	313
1194	1536
1277	928
994	905
1296	812
2052	2219
2207	2422
1231	1659
1650	1867
969	229
423	386
740	987
1772	1228
746	1189
1299	1300
392	393
2427	2151
1079	1081
279	1039
313	75
2009	2158
929	931
1782	80
687	147
2141	2471
178	1064
272	462
1050	1795
740	217
593	170
921	263
2166	2284
940	707
127	125
1085	1245
511	512
2113	1898
2123	2440
1096	1097
1077	441
1217	1219
1133	1723
975	980
1020	1198
72	68
100	88
1911	714
1228	1227
1270	1588
607	1061
1604	1523
1461	878
1190	1189
1311	1587
1317	1097
436	280
1175	475
373	374
314	130
265	260
1654	203
164	400
786	1495
935	14
1633	1019
871	869
848	53
255	257
1052	859
1608	1607
2176	2079
803	1379
571	1135
834	1869
2011	2086
2406	2188
2028	2032
278	276
309	486
2324	2148
1666	232
289	291
707	520
2066	2411
1854	1095
581	582
67	64
1507	101
2145	2009
1442	450
1909	1438
917	1011
2147	2000
65	67
1708	886
909	996
1706	894
1031	228
274	352
1280	1277
156	157
2293	2301
2438	2185
678	835
2206	2456
1728	2067
1837	2124
1346	143
1917	14
705	707
315	1407
1880	639
935	256
697	1271
866	368
341	597
1955	2374
2118	2121
671	673
2219	1063
444	446
2073	2279
1751	1531
2244	843
1160	691
1584	786
2329	1898
19	18
908	1336
2	3
2288	2113
703	1479
303	1579
69	1736
901	1715
717	1257
1517	1316
1466	2286
2414	2274
481	483
54	56
2197	2289
464	287
574	1039
1625	449
525	610
1786	1482
1058	652
1788	1477
146	64
2487	2241
961	1202
1653	362
1411	984
509	215
588	1071
1743	1910
1162	852
1918	1711
2032	2256
1006	1439
35	383
1038	1955
673	302
1744	2352
217	147
366	1201
1705	1917
2238	1939
660	1475
2259	2235
583	586
1407	1603
824	123
440	943
1196	596
572	347
2150	2105
607	575
711	690
1482	353
1810	637
1075	927
1689	1815
2284	2206
290	198
799	1226
1173	1278
2324	2202
1453	1626
1889	431
647	273
850	851
631	635
835	494
739	1219
1535	609
1214	82
561	17
1599	1985
132	302
541	1695
374	537
974	973
620	1955
743	1497
407	891
1655	614
1493	1395
597	1613
1501	513
400	43
1303	906
196	1802
2275	2032
891	1184
15	347
1726	954
274	158
700	694
1779	243
2395	2393
2126	1936
546	70
930	1523
1305	1746
668	670
1124	792
2258	2229
1472	1474
127	1840
1830	2319
680	687
1093	2523
994	1656
325	1708
1247	632
1396	1243
1254	203
1769	840
607	987
987	740
2492	2342
922	790
2199	2198
909	192
1903	2211
2439	2359
296	1405
1552	1812
1263	879
1647	589
2314	1063
1969	2027
209	213
1498	147
2136	2069
2194	2022
335	336
1418	1257
1887	1510
1560	1367
669	1686
13	11
362	364
373	372
2434	2041
2075	2287
12	620
812	131
1817	826
190	192
1598	1116
936	1637
48	47
2209	2423
1577	806
2060	1460
2058	2147
1704	1934
1052	1194
169	733
920	919
1090	1408
2066	1764
2078	2282
465	463
1942	1934
1364	1089
1357	241
1069	18
1967	1491
1633	427
601	418
1074	1039
918	145
1406	602
871	873
982	264
1179	951
2079	1093
246	856
381	395
2489	2185
2409	2419
487	486
892	893
967	587
2281	2282
600	572
139	389
352	271
1241	1021
1684	1915
2054	2055
21	24
1064	250
2126	1355
2436	2258
2036	933
348	15
2204	2415
521	1561
2211	2033
1001	851
199	206
261	1500
2032	2275
1533	1532
891	645
2375	1837
1957	2304
1382	931
274	1971
331	194
2177	2284
274	926
547	357
14	401
1692	1135
2205	2125
54	62
1477	353
2145	1830
1898	2117
2046	2381
1622	1497
512	575
1266	383
1457	1115
1074	928
2426	2061
200	203
291	200
267	266
1153	308
387	1287
2232	1092
2058	1899
2288	2336
772	739
2538	2428
1817	786
1753	1756
2470	2143
1704	441
2376	793
1037	2040
1708	1493
2305	2165
1051	21
598	1368
2132	2133
1396	144
198	143
1774	1393
175	181
1931	915
1698	1124
159	243
269	266
1644	1117
1559	406
11	13
320	1023
381	378
221	1725
1278	426
517	388
569	430
2188	2187
531	746
1823	1824
2303	2164
776	1274
2142	1796
833	299
496	963
191	299
753	1327
73	78
572	216
1828	2144
1353	992
1538	690
905	900
63	72
1844	1646
1368	466
1391	111
1285	66
138	251
268	959
304	499
2149	1955
1348	476
2124	2127
442	43
753	535
649	218
71	583
150	139
1484	516
1932	1318
1898	2075
1230	577
2274	1955
492	493
2263	2113
1418	856
2166	1958
349	59
2473	2066
1897	1819
2274	2084
2126	2231
937	1945
924	987
1025	31
2380	2309
1182	664
323	324
166	170
697	701
661	659
796	458
862	34
575	682
1152	330
979	1169
2195	2179
862	861
930	644
1546	1443
1896	1378
497	499
132	1348
251	1098
371	369
424	1032
430	569
1009	427
2459	2022
2269	2038
1920	1674
395	1579
1314	109
170	593
1750	65
2375	1734
790	925
76	877
523	525
1393	1396
1443	408
1260	878
667	664
1210	1860
196	1467
2286	1955
2534	2181
1330	2111
1782	224
666	618
1284	127
1805	958
1005	779
2079	2300
2066	2078
1018	1012
244	1204
1207	223
2350	2223
1265	1774
1346	524
908	1206
713	1907
2097	1907
663	1111
2352	2127
1772	447
2234	2038
618	1073
328	2
1433	124
1388	405
20	730
1699	417
423	387
1033	1280
687	851
762	424
1312	1042
1504	876
2082	2277
69	931
1087	479
21	1622
795	2052
904	135
165	1023
1391	340
1320	220
16	17
2517	2178
2438	2184
202	671
151	148
1115	986
1692	1306
220	1803
2340	2294
1646	840
600	931
1515	842
2386	411
1761	839
1445	1475
1306	1113
1491	924
2343	2038
2207	2046
473	476
557	561
592	1199
2323	2315
1280	1035
207	431
445	217
1677	139
2084	2324
309	488
1443	411
168	82
1817	1026
535	534
1316	1801
810	1229
470	472
2047	2010
1690	1543
2037	2042
1118	1115
381	256
52	214
508	171
435	276
70	494
2521	933
1341	1813
2528	2366
1663	1149
709	382
2101	2090
327	936
1936	2086
2377	2244
746	1606
494	617
1927	1707
717	394
334	157
1500	991
2373	2301
2017	2026
2517	2179
2394	2183
570	485
1282	527
817	303
738	1055
1512	357
2427	2073
264	481
2478	2226
2057	2054
1827	268
118	1636
391	1534
256	220
440	743
276	278
1917	520
424	763
499	921
1187	1188
1404	292
625	622
206	207
1658	886
810	917
2374	2259
2427	2235
1451	806
1240	780
1514	1254
573	1495
1203	1204
2215	2246
513	549
573	1534
1004	280
918	805
174	703
1845	1583
768	248
764	766
2126	2091
1343	1055
1017	1238
1584	1582
2449	2334
1535	857
1321	1511
1406	1137
1162	1297
1543	1544
834	1660
1824	1823
1911	1604
87	223
264	982
252	585
1888	734
1867	1598
1839	1831
1300	1724
65	64
1992	331
796	801
387	384
85	219
1494	1798
1523	1604
2353	1470
511	514
1975	1120
1071	1357
596	925
1111	1113
1393	151
405	249
1453	585
2048	2047
363	207
1991	1580
1491	769
1734	1952
708	378
2330	2172
1254	431
242	1454
514	1859
753	1343
207	203
972	932
66	790
1791	289
464	307
2127	1756
1079	796
1325	787
1012	716
1107	1804
1794	855
488	1400
1211	205
2462	1733
1324	1331
568	945
1705	806
1365	810
2193	2192
871	872
938	410
390	1454
799	1372
377	382
1502	1726
53	152
1240	275
1518	1519
714	353
1349	1128
311	312
2397	2443
1360	1915
363	431
1079	1080
8	342
413	1772
2039	2256
2109	1532
578	440
2523	2415
1137	1183
1649	541
448	444
663	494
1360	867
2300	2001
2165	1093
1885	1706
395	303
1103	1109
705	522
1568	687
382	1896
1733	1734
619	1115
1938	2410
2067	2082
1641	1707
127	1668
1290	1533
1461	879
1551	1509
1211	585
146	66
1700	849
1436	1041
2418	2419
1666	43
1974	280
1294	1000
815	816
2403	2325
2287	1830
1449	1645
995	994
1725	174
2345	2010
1493	1495
1451	1229
291	201
613	614
2125	2169
288	203
792	687
327	1637
741	930
879	1691
816	144
1477	1476
401	817
1748	1113
1111	664
2084	2274
975	979
1391	1392
2234	2084
1596	1598
169	1172
1203	966
1161	835
995	475
655	649
257	663
325	327
2363	2365
478	74
495	64
945	235
1823	1015
886	883
682	951
905	1773
379	198
2283	2011
290	288
1845	1584
1619	1090
2129	2169
1806	1432
2368	1954
689	953
2085	1985
2011	2283
1759	817
856	919
1569	689
813	237
1553	801
1497	1074
409	1266
481	570
473	475
1176	865
809	1040
580	938
802	32
1342	436
1767	1227
751	1377
2026	757
627	628
718	450
972	951
2220	2094
2199	2187
233	236
2126	2125
75	692
2518	408
1550	349
2130	2043
1073	743
391	1580
240	239
1956	1907
1807	494
854	777
1737	1196
1268	1664
791	1337
931	574
271	579
854	582
1516	1678
2024	2131
2130	2044
316	727
1313	1315
1749	801
1668	1442
1686	1635
1406	1154
2313	1903
9	2145
2265	2036
2322	2188
2128	2012
1819	1818
437	577
2076	1943
102	743
114	1478
2236	2008
2173	2077
225	223
225	1058
2370	2203
51	1525
1144	1083
940	706
2319	2109
317	1124
131	673
629	627
155	1266
2273	2087
341	790
1028	1440
2366	2140
1273	1272
436	1344
638	913
1946	974
2105	2104
655	1007
560	1829
1098	132
2206	2284
2393	2035
710	690
1889	437
1965	1444
2055	2235
2059	2061
2492	2176
550	1157
76	294
2467	2466
1777	717
1137	315
708	1171
1863	37
1414	123
1104	1109
1831	1823
63	64
1324	1042
2061	1728
2127	2169
509	507
511	516
2321	2266
1616	1909
711	131
632	82
180	1451
496	708
998	1488
636	634
135	1368
955	1579
1279	1277
228	1031
2157	2245
374	373
178	1707
1473	1332
135	1750
1494	1047
134	1060
1112	1336
2145	2045
634	405
1332	1334
2079	2080
1897	326
2096	2083
1508	952
1024	36
973	7
987	445
1195	1423
1114	1118
1311	1154
1508	1509
807	156
486	487
810	1196
2151	2106
1092	2095
2189	2491
1777	788
1655	1730
759	1516
158	418
2429	2249
2292	2417
2104	2055
2205	2177
815	1699
2462	1734
261	485
687	931
1679	1680
687	792
1376	78
269	959
2327	2256
992	907
519	576
2357	1131
498	501
228	790
1318	1319
392	166
886	1658
1481	651
2017	2037
2198	2195
763	762
1198	1697
99	564
1145	591
2406	2171
1302	528
86	82
1125	248
1082	1083
2332	1934
1755	336
2312	2307
2154	2382
1887	1430
2479	2189
567	430
1020	703
1639	1550
373	257
577	410
2234	2055
1704	482
726	560
1744	1911
1386	1276
866	868
116	118
1965	2080
61	144
1887	1605
970	243
958	749
2309	2182
115	889
2023	2028
979	1788
1206	1207
1309	692
41	46
1084	1798
778	686
980	1266
904	290
748	751
2175	2117
746	531
2347	2349
748	76
1579	817
959	268
335	331
833	1111
1252	583
2167	2087
688	690
1740	816
190	198
2084	2270
2274	2235
2198	2189
401	15
556	1097
2488	2180
1910	206
334	165
225	55
2507	2103
412	1196
924	187
50	762
1248	1249
558	788
2395	2357
454	12
2374	2038
641	639
2205	2074
1476	1445
793	2126
1070	352
405	141
80	82
1354	1467
1216	410
135	1589
1564	215
2311	2203
1389	891
1297	523
1508	1647
2371	2147
126	268
125	1668
1175	473
577	208
439	441
1035	14
1300	1299
1770	1166
441	1256
2527	2421
23	22
1024	1028
2187	2199
2410	2414
1909	572
1916	115
21	1051
137	139
1556	186
1987	2035
915	917
1851	198
938	947
2206	2315
2377	2095
1107	1475
242	576
1036	1032
2232	2250
10	16
1957	933
319	322
249	250
148	153
878	665
1023	580
1220	187
2036	2266
565	527
2096	2098
2470	2141
2030	2445
213	611
930	1011
1592	828
1339	559
1746	1567
1737	1049
1991	819
1436	504
670	668
166	171
1871	559
2232	2131
9	1503
398	582
158	81
1220	601
609	313
1907	2094
780	828
985	101
1459	527
2149	2500
1594	388
1283	923
1514	476
2385	726
482	480
986	1467
486	489
1639	404
521	778
1113	1111
1217	1081
1306	467
1799	1122
519	578
631	634
252	1203
2125	2127
2161	1524
1014	1709
139	391
283	108
2469	2143
1105	152
1392	444
568	944
1495	1969
1382	835
1189	746
146	495
390	1199
1926	827
2393	2396
138	252
804	1233
1694	567
2473	2411
881	782
1294	299
1759	482
510	508
1967	187
1500	261
1310	75
604	146
2148	2147
1955	2147
475	57
2241	2010
992	1060
629	245
516	1224
1567	140
516	1336
2008	2014
563	1631
270	271
2003	1604
869	874
2511	2454
933	2282
2503	2300
10	11
1094	644
71	68
975	978
214	1322
1277	1282
810	1613
1613	810
512	573
1033	1035
1472	1399
540	1403
935	348
1451	1161
1653	140
180	224
2003	2222
87	80
2454	2102
508	509
691	133
1585	708
1265	1733
2458	2222
2376	2052
2339	2132
29	845
1818	1640
1580	1107
259	1492
2128	2093
488	1399
694	699
1636	118
2435	1038
2013	2169
2162	2318
513	1647
1306	1304
2454	2050
546	1157
202	1074
2488	2254
1221	1256
1533	1288
38	1674
1164	1339
1229	1231
519	548
970	967
404	405
834	1572
1917	1146
841	484
1353	77
2369	1837
820	432
291	289
992	1095
1782	219
741	678
133	963
919	838
1544	524
2403	2459
1392	1114
2086	2001
1712	139
87	86
263	484
348	14
104	98
1491	925
243	577
818	456
948	38
796	800
111	1114
1357	244
780	1718
355	149
2512	2408
45	41
1187	746
964	206
2531	328
450	607
80	84
1393	1394
1910	415
329	631
2466	2468
2241	2240
2387	1899
2354	2181
2119	2139
321	577
1117	991
2420	862
985	1095
607	741
1473	1312
556	1599
296	1078
1226	1228
2423	2002
2177	2030
981	1024
1497	1459
1052	42
635	1245
501	483
1932	37
2008	2011
1026	1817
199	202
973	291
1827	63
67	147
647	847
1100	1479
50	763
1417	1289
1139	884
1267	846
1694	1212
1065	509
752	70
1719	1341
1353	535
1197	658
1189	462
444	192
628	676
1093	1950
135	331
149	359
2114	2112
2396	2023
2208	2190
261	1501
244	1357
1126	900
210	612
2503	2317
710	711
256	1206
775	235
1092	2125
480	484
1613	1294
443	440
2381	2304
1294	621
464	463
360	366
2451	1174
2199	2354
506	56
2159	2311
584	1253
410	876
1910	200
1406	603
275	280
1113	598
1039	775
495	923
1192	746
2425	1091
1365	1366
2345	2148
2380	2509
904	748
1038	2435
1489	851
904	198
1452	162
1722	514
1136	1137
2309	2379
1629	157
1612	979
1418	1925
216	1000
2409	2115
1415	158
168	505
1801	140
1039	172
1713	452
951	1451
39	34
2282	2147
2139	2140
347	273
1854	607
592	103
1931	78
807	811
846	847
2201	1954
1800	26
2531	2151
2491	2208
2080	2176
1098	787
1077	1217
16	349
806	802
2260	2262
2370	2313
2021	1992
2384	2138
2514	2163
203	1389
2254	2184
2036	2082
1328	498
19	533
2228	2388
2273	2054
1457	1118
635	1247
2148	2324
103	98
2448	2087
51	52
2031	2510
1955	2324
357	420
1575	133
2410	1938
2210	2378
1505	1506
1070	682
1153	1152
2107	2192
1131	2357
2360	1903
1939	2420
970	45
2431	2268
2516	2503
2122	2459
1788	85
746	702
1123	1124
2423	2389
510	509
725	1162
414	977
1172	417
2147	2371
126	914
2435	2221
836	985
2133	2254
1753	910
1550	1549
2287	1898
2403	2260
1276	1256
950	948
404	402
436	281
905	1053
926	1454
1830	2075
824	877
1002	625
851	997
1302	523
1169	303
2306	2065
1354	339
526	1458
2130	2045
1184	452
105	729
1262	1261
2235	2151
1987	1986
2265	2338
1916	963
707	1102
1070	1067
591	1146
2138	2136
598	1024
2448	2126
537	808
1830	1898
2295	2425
595	596
412	531
2534	1965
215	734
1266	1385
231	506
884	1415
194	1243
2105	2269
162	410
2363	2096
2121	1728
2062	999
1108	1612
1517	1196
280	938
1528	874
266	269
223	652
1541	934
819	1328
1767	298
2175	2411
278	281
517	251
1064	385
436	1459
819	303
148	150
435	1681
2148	2282
161	776
923	495
1381	803
642	643
1767	1441
603	599
2506	2466
1253	36
447	1014
2364	2501
2091	621
1742	449
2365	2460
1513	1512
324	323
1959	678
1596	306
2282	2201
1467	1061
2055	2040
496	205
55	624
435	732
1017	1096
1674	684
1241	1243
959	1022
1417	1418
2202	2222
1498	1282
1092	1470
347	256
797	393
618	66
1837	2093
2154	2378
606	1397
1897	552
2278	2017
1589	1588
2129	2061
1869	834
215	505
86	87
2017	2278
1038	1037
280	1631
1202	792
2332	1950
556	1291
225	156
1423	1195
570	260
2444	2337
2269	2107
1053	413
2159	618
909	738
2084	2091
1075	1498
1198	1498
1132	1133
608	663
1436	902
1544	1620
2105	2084
972	706
936	327
2300	2201
480	482
1170	16
953	876
1512	1321
812	673
2093	2128
1296	671
2198	2188
1049	1047
1441	1045
1371	1899
1108	1275
1014	23
2207	2256
823	282
2289	1898
1392	1310
2469	2351
2458	1037
549	1065
1889	1251
608	1027
2348	2347
1106	632
1711	1962
2289	2288
341	925
1153	286
1145	1102
956	187
2414	2107
2088	2234
284	952
2376	2124
252	578
1484	1122
1446	1322
119	1862
1837	2128
660	1107
1443	1546
1426	1101
269	602
2268	2275
1446	1033
442	1077
578	242
2279	2096
336	170
566	321
2045	2043
922	1492
1615	1135
1964	998
2263	2117
2455	2456
882	1722
418	1022
362	699
2088	2038
1304	1307
933	1957
1913	258
2132	2200
1336	1028
1613	740
918	20
476	493
250	253
1442	1097
2327	2039
1766	419
2292	1092
1322	2169
446	444
44	859
2231	2086
746	1190
1936	1322
11	53
1982	2070
1057	78
1814	1631
429	426
1065	814
2143	1929
565	1874
329	251
2038	2088
1572	1698
2374	2150
1593	374
2489	2072
950	682
23	1835
1927	1064
1366	123
1974	1004
818	124
1196	687
1418	921
951	948
1022	320
1802	336
2221	2128
1109	1645
546	1397
668	669
1550	1036
499	501
1683	1674
1129	305
2159	2320
1468	1200
897	1308
798	957
1809	1030
509	510
545	464
926	1455
204	1171
1942	2333
851	687
673	131
2022	2060
31	1658
1642	1727
403	347
2492	2303
1763	1762
16	510
842	1783
1855	1680
1943	2041
2057	2037
25	28
1907	1092
2179	2032
1329	2447
220	1320
1855	758
1475	1477
697	694
925	1507
459	460
1181	1182
105	705
440	443
796	452
2230	1796
2324	1837
129	131
1698	1123
629	735
2226	2199
224	1200
1332	909
2232	2171
263	264
185	186
1964	309
1950	1938
1276	1769
557	559
1229	597
453	895
1900	2278
1486	567
1227	309
1516	1816
1116	1097
2041	2343
1661	1662
236	235
2150	2040
722	258
924	70
1706	978
1936	2169
951	1178
1128	1349
2508	2170
1491	766
391	573
417	167
2286	2289
1425	1277
2517	2282
2090	2049
693	1246
1956	1409
1802	1271
2095	2222
1470	2077
985	836
1192	744
211	1598
672	671
565	1012
2043	2045
2137	2241
214	84
2040	2150
297	101
501	953
1887	476
2052	2377
643	848
1808	880
839	774
2061	2129
1478	952
1545	1543
2505	2397
793	1837
381	259
1125	836
1417	127
2280	2493
1436	1014
441	1255
2285	2218
1571	148
682	460
2300	2262
331	190
817	820
2090	2151
2449	2035
1132	328
1675	1345
153	137
951	357
1495	403
2369	1830
222	180
2519	1742
2491	2354
2394	2045
1211	826
945	568
1488	123
1006	1715
1911	1744
313	316
1273	336
1622	1576
859	347
1407	1565
1268	1618
102	899
593	1456
927	1073
2358	2355
1370	1747
76	78
1604	2022
2365	2417
1897	357
2528	1691
1091	2353
2432	2307
2482	2498
2440	2134
2274	1038
436	1342
83	115
1366	773
2281	2174
307	464
2202	2091
1422	150
1507	621
2533	1958
939	947
550	212
1139	1993
239	162
1169	1108
694	695
1695	288
305	711
2089	2148
308	463
2178	2317
2050	2454
1186	480
2305	2092
961	303
2416	2415
1314	192
1472	309
1052	776
2352	2077
1157	546
2302	2323
377	378
1843	1731
1802	16
300	537
1991	128
350	46
1157	999
794	2183
2267	2177
202	434
1855	1167
2078	2201
2290	2293
2078	2077
2061	2127
227	102
1938	2003
248	708
2009	1092
759	756
836	1485
2204	2282
1331	2373
1528	1411
2209	2431
1909	1882
1083	321
568	4
1642	1855
555	615
1794	1795
605	1736
1146	1145
896	749
1168	148
482	95
1240	276
1043	807
639	641
1040	621
2501	2502
1346	380
984	784
987	835
102	928
355	420
237	777
1656	1982
879	1461
1698	550
974	1659
1668	1390
1980	1790
1259	1263
2083	2086
1343	1344
162	227
156	162
1377	1862
2177	2175
1747	1113
1419	794
1629	976
2061	1322
1433	180
746	1219
1123	189
618	666
162	239
1939	1938
2411	2117
851	996
1953	1143
1818	1819
1064	980
1261	1129
2416	2417
2489	2180
901	1853
1891	700
646	642
279	1074
1105	220
1456	1274
1605	1242
1701	815
2512	2142
1037	1955
1968	1043
2219	2128
572	691
631	329
1115	1457
145	64
1245	1082
1575	1963
1269	869
1031	1036
1137	1406
2468	2088
1770	1538
333	555
2213	2296
282	43
845	1026
2380	2154
23	1834
989	991
601	603
2188	2196
769	1369
679	925
195	197
247	337
278	280
206	1164
1298	595
516	940
1023	1609
1944	937
1031	1037
2206	2352
709	1128
540	1538
704	876
814	451
81	80
1470	1092
1397	835
908	22
1711	919
428	1173
2245	2253
214	1320
23	1319
361	360
1183	1227
1024	240
600	646
914	765
344	348
2037	2038
1434	618
640	637
2121	2093
349	256
2082	1093
1789	1334
1206	256
1095	792
497	501
1433	1695
2344	2259
383	685
475	46
324	692
1072	928
1480	162
2220	2093
305	1637
1394	1690
734	1385
2298	794
1051	998
1922	1153
196	662
1967	596
2259	2040
2231	910
2444	2002
18	21
257	604
327	325
1095	1060
2490	2535
990	1091
781	784
2195	2065
1452	241
1451	1659
2510	2031
1004	893
835	931
1565	999
882	1635
379	257
347	349
802	697
1711	1918
483	264
2451	2077
2135	2123
2134	2357
553	820
1057	1378
2254	2077
660	224
1750	1397
1551	47
247	253
193	802
1513	1511
20	19
36	1168
2296	2213
591	1144
1967	925
377	380
1885	771
1145	1229
2330	2331
439	93
2098	2083
315	1408
1015	1012
1155	675
1583	1089
1524	1356
2261	2284
719	991
2190	2188
511	517
1304	40
1094	1016
2028	2304
42	858
799	12
2276	933
175	176
1519	1518
2386	2364
1042	246
1173	572
291	288
1342	575
224	829
876	410
1702	1701
2447	2335
1677	386
1268	39
1556	1901
959	1332
1287	1594
691	347
1084	791
1869	1660
2229	2264
203	1729
1013	1016
1698	737
1581	572
1235	1238
1836	943
1940	111
626	622
444	449
1018	1664
483	263
1568	1608
800	782
590	43
922	1491
2325	2224
586	1621
967	409
1524	1525
313	318
1192	1190
2232	1091
88	90
84	86
2393	2131
1125	376
2414	2001
662	665
2105	2088
921	919
296	725
2229	2064
2148	1038
686	743
1851	987
751	1042
256	346
2005	794
1290	1289
1217	1221
151	812
2226	2197
1425	1195
1271	802
2458	2094
2121	1196
149	358
2007	2162
1264	1284
40	1304
2205	1756
2372	2000
671	672
185	187
1436	1439
110	109
161	593
1025	462
1901	399
703	453
2521	2276
812	301
308	464
505	215
633	631
598	1298
2167	1898
2278	1900
762	1032
2031	2033
2171	2436
1527	1411
426	428
693	1105
460	186
2082	2352
2196	2208
1517	411
1216	1215
513	1769
686	1204
166	167
1495	979
1968	174
1772	413
35	206
244	243
617	495
1187	1190
1723	732
1288	1291
280	278
1083	1386
258	1565
4	108
1507	67
2196	2189
617	619
1550	1538
1041	1669
1311	1805
864	590
1980	2190
2147	2324
1813	1319
1781	44
829	224
1002	1003
275	205
1276	1609
2003	604
1199	1022
849	1276
637	638
1509	1188
2202	2012
1153	463
20	915
153	1571
205	199
2484	2145
1786	714
690	714
918	701
1015	1017
1778	1602
452	458
1338	101
1194	222
2426	2205
303	631
267	596
1257	944
2018	2114
714	1629
1328	380
2237	2409
210	609
2350	2158
174	1725
2080	2185
1617	1599
2112	2113
1841	1567
2236	2145
2004	363
2224	2211
217	1115
2118	1998
1700	1640
741	1011
490	486
1058	1059
108	944
725	258
872	271
2427	2090
1784	842
2020	1461
111	313
2260	2264
879	878
1547	1671
1918	1685
1221	1479
1088	1337
815	1701
700	124
1641	1927
722	725
801	1860
913	911
223	85
574	208
619	1109
2182	2188
1533	2145
2272	2009
309	1523
1812	1570
2326	1903
1060	134
182	26
1023	320
1734	2121
2418	2120
1087	1091
184	1403
622	626
612	1869
84	83
436	278
637	641
431	432
2044	2132
1877	1510
1456	593
809	1253
799	1081
653	695
2368	2235
487	44
1596	1597
475	1175
246	855
900	901
2028	1174
1535	1261
775	1101
339	860
787	673
864	43
1108	82
2194	2221
976	1204
1811	2500
1756	2163
1171	434
1656	2346
1248	1118
821	819
2258	2195
1946	1947
1086	1592
1805	1245
824	1364
1243	194
222	223
2377	2091
1805	674
1357	1109
323	253
445	617
318	77
1518	348
414	408
110	1011
1967	687
1300	614
12	1121
1298	714
157	416
667	197
898	117
817	818
2263	2134
580	208
206	7
1310	1114
1688	172
313	314
115	1907
1322	345
1319	576
311	1086
2104	2106
1558	498
1778	1240
2484	1987
364	1515
2423	2425
899	864
85	83
1565	835
139	384
2181	2185
1326	621
705	708
1409	144
888	867
1710	1149
2068	2377
975	976
2138	2385
1104	275
719	961
982	483
1690	1817
452	454
345	1322
1137	1290
1670	1605
1992	2066
2285	2275
2160	2162
701	697
402	404
2099	2094
954	1689
1699	591
1755	1687
1737	526
1537	484
2077	2079
1959	1931
817	395
1582	786
2329	2149
767	922
1258	170
915	597
776	240
217	835
2039	2085
2337	2265
2046	2262
1202	75
2073	2368
2014	2087
2197	2226
1979	1981
538	539
2047	2052
2493	2496
1387	1
251	1064
210	610
878	248
1368	1589
2128	2222
1155	1152
1163	2185
1589	128
1123	1125
260	151
735	629
1012	1017
834	867
2131	2172
444	448
352	274
2438	953
1752	806
2282	2089
624	82
632	655
1917	410
875	733
1127	1550
1742	542
1869	624
670	514
1294	1196
204	205
100	780
732	911
1393	1395
651	967
1431	1433
1421	873
1954	2271
2509	2210
1031	1034
2520	901
370	788
1660	1589
1187	1192
481	264
658	42
846	103
1706	1203
962	963
1037	1038
823	284
2097	2014
650	649
523	527
1699	815
463	307
2097	2333
1798	1084
2308	2313
488	465
2401	1939
1857	442
1746	1113
74	860
2151	2085
1653	1082
477	1319
1668	125
1635	882
1032	1258
1982	1656
813	816
1876	1184
2425	2515
791	1054
1134	1135
1067	580
623	1456
178	1706
2446	2411
1340	178
2520	620
251	253
208	410
344	16
722	724
1346	1180
2270	1038
2493	2494
417	775
1824	244
1730	288
816	895
2376	2169
1326	1542
1438	1318
134	454
1108	224
1547	1011
1113	1485
1274	417
187	189
673	304
1510	1887
18	24
821	1897
519	285
1699	1700
607	281
188	1800
2301	1943
1395	1493
1059	1504
982	1272
2325	2429
2247	2302
340	1156
1977	911
297	298
1490	998
1376	1377
264	921
1706	976
590	865
658	1021
1667	1184
2229	2033
2403	2328
2200	2182
281	278
1906	1652
558	371
337	1137
1170	222
2399	2159
1057	77
279	1101
2018	2344
685	1385
1770	98
1900	2017
2047	2048
1253	1254
807	809
1147	1449
663	70
1894	1652
2169	1936
1556	1201
1658	132
719	729
68	63
22	559
1100	1255
511	513
2042	2055
1126	1127
1763	2427
317	1083
1810	2074
857	42
2187	2188
690	327
1644	620
2129	2126
1580	1243
1711	362
733	237
821	691
2314	2270
414	1836
1704	440
317	990
2242	1890
869	873
2269	2055
2155	1958
978	55
1942	2092
645	847
1513	1567
1399	1089
631	632
2057	2056
70	662
1164	1229
2286	1830
2037	2041
1085	1082
1039	437
395	405
1130	137
223	83
1111	836
1730	203
970	1639
133	1574
19	20
345	1434
697	802
1828	1907
742	418
1540	1538
1408	20
254	257
698	92
1553	1555
814	1065
1424	212
733	169
361	81
258	543
226	227
1468	215
45	970
897	117
435	686
279	1040
1410	1363
1939	2120
1146	1700
2106	2088
1840	1652
302	690
1196	217
166	169
176	137
1300	124
961	719
2326	2414
686	239
433	1308
92	694
1443	2456
218	168
1283	596
1355	441
390	165
1039	1041
20	860
824	1354
1845	1846
1378	560
361	1273
2495	1400
1023	321
299	617
739	1731
227	159
1804	219
2007	2236
1898	2264
123	824
1627	1211
2468	2110
1510	57
2303	1331
1397	550
1220	145
1853	1854
2033	1091
68	64
986	924
659	1058
985	1011
2040	2235
2504	2419
1987	2162
1865	744
2134	2328
2143	2221
866	367
1087	1093
2506	2507
414	94
1312	111
772	66
1791	282
74	339
1630	606
2452	1331
588	1426
171	947
40	1674
1550	840
227	103
1312	604
2464	2200
1462	644
2083	2038
2323	2275
1749	1463
243	593
1449	322
842	757
1283	810
1712	1502
1817	1743
162	580
1574	133
2060	1755
2325	2211
1494	1797
663	257
2072	641
619	1204
1822	153
961	729
2194	1656
640	639
135	212
441	442
1351	1352
748	370
105	98
2038	2055
934	937
1590	609
435	413
119	1814
1160	1098
2392	2133
1965	2065
2468	2507
43	590
1297	1162
2492	2293
411	447
1923	1850
73	79
691	1297
11	10
184	16
260	263
1013	1017
1799	1607
1753	1272
1523	930
1979	2088
646	66
969	1189
1710	1148
1792	1595
1727	1642
979	1670
1743	1840
1106	1671
2188	2189
1466	2289
1358	1359
347	348
1459	436
2301	1093
1878	1392
1537	829
1513	214
925	187
2113	2110
1560	456
200	288
1547	343
789	923
2043	2046
158	321
1214	1530
248	379
555	34
505	231
15	1518
2165	2411
2377	1322
576	586
142	155
2350	2213
1517	1841
1697	743
1544	779
298	1096
2459	2122
1389	203
1036	957
299	1229
889	746
1371	2100
952	763
2319	2142
857	241
1212	356
927	443
930	1053
390	229
137	141
1902	901
179	175
2103	2101
1092	2093
443	243
1260	879
951	806
921	920
1690	252
1332	1335
416	334
348	1520
647	141
1585	361
413	447
136	352
991	992
2290	1744
1393	178
1812	142
724	639
1025	963
834	172
1572	1803
2215	2111
123	995
245	246
709	1320
1802	17
2093	2091
741	1837
1429	1505
214	52
1086	311
1837	1011
2418	2429
2538	2357
354	1021
1458	1254
169	170
68	1542
2193	2293
374	376
241	770
1242	355
970	279
2408	2394
1072	244
635	1217
1031	1035
99	98
749	896
2008	2010
2409	2122
1900	2427
317	550
212	550
142	670
2451	2182
2469	1796
733	1008
327	692
11	52
121	123
1501	1178
2372	2001
492	494
450	604
2266	2321
1515	845
1015	543
1854	789
2061	2169
1566	1407
715	717
115	329
819	1098
53	11
543	268
598	1057
1877	54
1020	1256
719	609
739	992
1800	188
265	261
283	282
1017	1012
2230	1050
1129	42
676	557
69	835
51	1218
223	87
741	909
1804	1200
2294	2188
2185	2233
1564	880
1839	151
1814	1621
648	645
2379	2509
176	179
1108	1246
447	411
2281	2284
2072	913
1708	1276
444	447
1777	125
1155	1249
819	1274
1174	2464
783	781
906	192
1004	281
204	1659
1831	826
205	206
2315	2185
1806	1568
348	57
1418	1531
899	927
1646	1508
891	1389
192	909
2201	2078
2428	2120
1566	258
889	412
1210	99
910	906
182	1487
2166	1092
431	14
1690	389
930	604
2139	2143
1730	207
2286	2115
1413	466
1118	216
1104	83
598	1677
1280	923
1288	1289
387	390
1791	1793
2165	2092
1195	1424
1174	1131
526	1204
273	271
924	68
2220	2067
1819	1640
228	1034
2447	1735
1325	1744
833	832
1999	1461
1959	494
2122	1929
768	67
2056	2058
636	812
953	1213
926	928
2332	1856
2154	2027
1473	1405
1761	1085
1757	153
1216	468
250	136
1230	1075
1715	1738
95	92
1355	440
1272	1273
849	1700
1080	979
2232	2406
2219	2093
411	1444
248	250
1325	1347
149	357
1771	1773
54	61
832	834
2407	1092
577	321
2511	2090
494	667
242	577
2133	2451
435	442
1756	2360
2299	2304
1824	138
275	206
1912	905
1456	173
599	494
43	864
688	640
45	787
1193	166
919	264
1592	1086
775	103
227	1499
1482	1445
410	208
754	753
730	20
235	230
1550	1524
440	584
790	495
2012	2095
701	1200
2365	2283
2021	2022
1202	729
288	290
2426	1728
1546	893
1080	615
1172	161
172	166
2423	2424
2381	2183
1711	979
2099	2100
1668	1097
2067	1728
381	21
351	591
1759	480
1975	731
2389	2179
721	2475
228	229
2041	2372
1338	986
2303	2323
531	1188
2470	2469
458	1799
2393	2154
1973	1364
411	408
1230	552
2462	2238
413	1745
370	369
572	1172
293	292
2364	2240
1291	1369
888	887
779	1452
1217	441
334	321
2248	2249
700	654
1354	727
209	212
1026	1847
1220	123
2057	795
15	136
2009	2159
323	151
665	1426
111	1391
2510	2282
1309	303
316	313
2153	2159
542	544
1693	1261
1794	1291
402	406
55	230
996	1011
983	1138
2006	2004
927	1230
2378	2027
866	766
1028	1696
725	296
2328	1037
1707	1927
302	711
1111	494
2271	1955
2065	2314
72	1034
1728	1719
42	241
2274	1037
596	1507
1359	30
2387	1330
1837	793
2010	2214
1936	2038
2077	2078
1717	432
2534	2183
819	821
2488	2184
2493	2495
2360	235
126	1496
2008	2003
1032	1398
200	99
973	1229
2275	2276
1850	1256
1204	1115
464	1472
1802	1232
1317	995
1073	240
933	2277
1883	93
2535	2479
77	536
211	1442
2106	2085
1208	1085
2422	2019
1075	252
973	255
780	1069
440	578
780	943
1020	174
2310	2307
1256	166
1019	658
577	519
895	1148
535	533
168	822
886	884
2415	2094
2050	2101
667	600
996	909
354	15
1709	1184
964	962
702	703
592	770
2069	2054
1977	1285
2343	2041
1196	790
1008	1648
642	646
1203	927
221	1673
1306	823
227	1073
2140	2095
2086	1744
1365	1368
2311	2205
1571	140
2259	1038
646	737
982	1210
1651	609
622	82
2239	2236
761	952
1806	1925
2398	1492
344	347
1879	621
360	362
1189	235
2369	2370
753	258
126	836
957	1036
430	428
2064	2039
107	82
1497	1230
792	789
1489	189
951	972
184	183
535	300
770	321
1638	118
1410	336
476	473
1741	368
496	204
125	1137
937	1575
196	929
208	1449
1433	1431
473	346
2141	1183
836	1125
182	1798
661	1058
184	142
352	275
1327	1738
1874	565
2031	2029
990	771
142	1761
925	67
201	1452
963	981
833	559
157	334
1280	1031
440	410
827	1090
381	18
205	291
1124	924
1511	1514
276	1240
1868	1621
1416	124
2307	2310
2513	2381
1756	2185
779	778
1732	1489
645	1497
2167	1604
889	890
571	271
450	1116
1756	2205
414	411
202	204
280	281
528	444
426	14
1577	1610
113	276
694	700
1396	1394
2354	2196
1625	627
535	146
1514	886
880	1064
1369	769
2381	2210
822	1398
2143	2084
1256	442
941	947
613	172
310	312
1673	1481
1753	1754
383	797
1609	97
2118	2122
1890	1334
2311	2175
2133	2293
1836	951
2260	2261
963	1026
494	147
1040	809
1837	1419
1494	694
116	117
1513	1673
128	130
1312	1376
1796	2230
1633	1241
501	950
1348	492
1446	1535
1609	1610
2239	2162
1399	1153
431	436
199	200
2281	2283
801	427
162	208
322	1752
1965	2173
1263	1262
2087	2104
1932	1439
2508	1979
2458	1929
396	124
2129	2093
1294	1229
2154	2380
352	964
151	152
641	640
2349	2347
659	225
129	305
1234	1233
112	115
1043	730
993	1546
2028	2357
2137	1952
1978	490
2518	1715
664	618
1931	877
1755	1325
2058	2231
1238	1237
224	734
776	658
442	1221
2366	2164
881	81
1697	1039
1106	822
1352	954
81	87
1997	2002
2310	2164
1735	1196
173	271
1278	1277
1837	2012
2298	1934
1937	1847
643	647
2060	1999
1033	1786
2053	2180
1115	617
1212	1510
43	400
1345	1809
123	1287
1881	1049
1135	1522
1896	727
1073	279
1182	790
2001	2086
2344	2379
1224	1223
2250	2130
339	1350
660	85
2182	1062
1368	808
2338	2232
1522	430
325	140
186	321
1660	768
1378	131
595	71
829	56
2164	2166
2036	1957
391	194
317	1750
879	331
760	763
1432	1297
388	1456
801	800
1337	906
1143	838
1667	1568
2339	2382
890	889
721	2362
314	831
305	692
1264	127
797	685
1671	903
998	851
821	399
257	217
797	953
345	618
1769	762
1795	1744
1090	827
2483	2349
859	348
2065	2032
576	581
2089	743
277	533
2023	1159
176	175
1067	1069
992	740
1926	841
312	310
1698	738
2269	2235
2267	2265
2348	1985
720	287
50	51
177	395
526	926
1020	1340
2376	2127
1592	1540
2186	2191
141	1482
2268	1957
1977	526
601	495
2459	1911
21	1576
2417	2284
660	658
1093	2076
585	743
585	1454
1325	318
2354	2064
1913	1914
991	739
955	1570
884	432
1399	463
234	235
1838	270
2238	2142
346	1518
1305	823
1677	448
340	335
901	950
1472	1473
1955	2149
1033	136
2189	2208
1865	274
424	507
2241	2239
2266	2082
155	1957
2014	2327
508	432
2491	2189
1210	1861
1530	1232
2019	2208
633	952
1196	1952
2095	931
1071	580
365	1650
2186	2187
2504	2502
848	876
1874	757
1144	703
1442	1076
2215	2414
223	80
2074	2094
737	66
565	265
809	811
2087	2283
2201	2077
421	93
1896	77
230	55
1704	1355
1387	235
1788	979
2238	2141
921	260
1942	2002
1634	1591
2081	2098
131	305
981	584
846	848
1152	1155
851	769
2084	1037
1052	222
2332	2093
104	877
2048	795
114	112
2137	2010
87	82
2119	2126
335	343
336	657
158	770
1406	123
1523	604
2197	2388
2275	2277
1405	1521
395	337
1936	620
2061	2125
281	1631
1044	542
1060	1061
1831	1528
1220	479
1017	1097
28	827
1982	2120
967	969
2235	2104
1154	1805
346	348
655	632
1127	1126
543	995
856	286
71	67
5	422
1802	727
2194	2068
906	1024
637	639
1033	1231
661	225
2183	2306
1366	824
263	262
1930	1643
2246	1899
1799	742
271	270
958	127
773	774
2448	2055
2370	2251
2146	2040
1804	734
263	260
2361	2286
1429	969
1467	382
2248	2192
1746	1494
2111	2215
2058	2038
1859	1256
786	779
620	931
172	581
2013	1936
492	477
1789	1790
2313	2256
1460	881
1794	245
4	1138
423	139
1230	1497
2132	2131
863	531
1452	1455
179	1340
2027	2447
370	367
543	994
1547	300
846	174
187	1491
2422	2196
535	1467
401	14
583	747
1031	1033
1171	708
1016	1015
659	224
2050	2047
60	626
551	609
1341	700
525	523
1489	998
240	1449
2374	1954
679	1229
772	65
605	1350
1286	762
837	838
574	279
629	246
491	717
664	663
2235	2234
1888	758
181	175
708	379
536	960
1295	1200
2	733
1269	127
1515	1516
1309	750
2373	2292
1358	1360
2247	2268
2121	2375
2474	2131
29	1571
726	368
950	982
1714	16
1612	329
1544	1621
667	1111
749	790
64	63
2223	2225
126	1115
1198	580
170	590
1242	880
2187	2195
1146	591
153	148
2351	2213
2343	1037
320	165
1286	952
1271	805
1800	1393
1433	700
834	832
2062	1952
171	508
865	1175
442	440
110	930
1975	1370
1186	483
1735	1952
2534	2300
895	892
1557	265
2116	2160
75	932
1748	598
282	283
649	650
1807	164
2435	2093
2005	2007
899	279
802	806
2232	2407
1170	1169
1538	758
2357	2208
339	604
884	952
2032	2229
2297	2507
2009	556
362	1153
81	1232
805	694
1488	1490
336	733
743	927
1038	2148
2466	2467
2388	2226
2244	166
405	403
1656	1992
476	57
2524	1890
2351	2469
887	766
693	1477
2516	2307
1684	1098
2082	2353
2198	2199
25	26
987	495
1136	1139
619	618
556	245
1899	259
1398	1782
350	347
157	776
1508	1646
710	713
2327	2085
886	1765
1169	659
2382	2142
2302	1965
2048	2327
740	739
2172	2027
989	992
244	1109
1486	1488
2373	1093
1394	1396
2111	2143
1934	2305
464	1503
1018	1724
172	1039
82	1214
849	702
463	465
935	859
1128	1445
346	1519
1430	690
727	382
1294	217
712	1633
678	495
792	607
421	205
1237	1236
168	218
1330	2344
38	1183
1152	332
1233	1447
498	569
2149	1954
1225	1601
2402	2418
281	436
1161	832
1079	51
237	702
417	522
469	1401
2365	2134
1782	59
160	156
998	1489
1132	107
2179	2389
2279	2280
1337	604
598	595
1522	428
802	805
1321	1513
2126	1322
400	164
1438	1654
1759	1482
527	526
1155	1298
1207	1367
1977	732
1938	2231
2370	2308
426	427
302	812
618	1182
2374	2085
2290	2127
714	1911
2434	2093
1892	1893
1319	1696
1670	141
1705	1135
2434	2003
520	574
2305	2460
791	838
1665	1577
1793	517
1025	827
1786	1612
1251	911
1091	2125
276	275
1242	530
2329	2115
546	550
428	1710
2090	2072
408	415
1583	415
2241	2427
2282	2078
450	298
2440	2442
1065	172
2367	1898
268	1983
208	577
1124	78
1071	1449
1736	339
2215	2286
768	764
2469	2081
252	1040
34	35
1598	1867
178	1705
719	1201
2238	1532
1409	1610
2290	2291
241	42
303	692
2423	2276
452	453
785	786
1175	476
54	55
111	109
1391	1548
1076	1077
1264	497
1846	1844
2084	2040
2415	2373
272	173
2076	741
2145	9
150	33
1581	205
1204	240
1344	357
1202	961
1205	894
1363	802
1913	515
769	766
1768	761
740	835
808	957
2108	2109
2013	2151
526	1073
1763	1419
1107	224
2341	2342
1243	952
776	174
880	427
718	721
913	1976
1114	628
654	124
1129	1261
1020	43
1507	925
361	774
1087	1089
2111	2113
2372	2038
2142	2528
2396	2251
138	247
2046	2210
2177	2205
1541	1538
1396	872
335	341
1183	1268
868	766
2175	2177
156	161
1022	321
2106	2055
1546	1233
798	356
1514	1889
1274	161
990	836
1063	2052
260	262
1475	1107
1226	1227
1079	49
2371	2129
2078	2065
963	1024
1676	1118
614	1234
248	253
955	798
1983	268
1104	1039
123	741
1700	235
1911	2089
1733	1196
2235	2107
597	1457
2456	2257
1024	451
703	702
2368	2149
1519	346
740	603
2146	2149
1404	738
804	7
959	298
689	1481
319	320
1967	189
1337	1053
2057	2052
2187	2196
1301	453
2149	2329
2267	2233
940	208
759	757
1587	557
1859	1177
1093	2185
2053	2458
2236	2238
1193	1194
2361	2113
3	108
1169	829
343	679
2112	2114
818	817
1104	1205
389	139
57	476
1090	1960
764	769
2420	2387
1973	1994
937	1025
2042	2039
1641	632
2190	2173
190	191
2346	1443
1315	1313
2507	2123
2206	2264
2169	1322
2248	2057
1475	1445
1053	449
293	546
1743	1539
936	131
2332	1943
984	438
421	90
381	1076
1592	1652
77	79
2106	2151
1530	1764
2207	1903
2203	2173
131	1108
1016	1739
2143	2168
1877	476
1189	1188
2201	2040
2524	2133
661	85
2319	1796
215	167
123	999
2384	1532
136	1035
2518	414
2004	2007
2273	2233
875	876
674	301
1581	1658
1969	1950
558	1165
1663	1609
1317	414
717	1591
1275	1276
2159	687
223	84
497	498
2087	2167
1473	877
680	682
1892	1201
639	1810
1580	684
2127	2125
1841	1249
444	268
330	331
2295	2299
1267	1268
1140	2298
520	518
445	988
774	874
1942	2305
1857	1212
2013	429
1410	874
1115	339
257	1053
799	1213
416	165
654	700
1871	637
1851	617
1752	1229
1116	338
1112	51
634	785
380	381
733	702
2395	2208
1181	663
1880	542
92	95
1365	904
925	596
772	1454
426	430
748	749
859	44
3	0
1103	1110
152	151
872	871
38	943
299	1118
319	165
2468	2151
368	371
717	1777
2466	2061
2500	1811
2467	2018
763	1069
2313	2043
2518	1444
2197	2313
1533	2144
1866	2266
750	1154
908	18
861	862
929	933
88	91
1290	1532
1550	19
2509	2380
2185	2282
1553	1330
148	154
2463	2430
1072	1073
2292	2193
1913	1722
767	1614
2131	2230
1826	1595
1576	904
654	952
24	791
1829	111
2156	2155
88	93
998	991
1897	553
1666	174
1176	473
892	548
2324	2147
607	1095
120	1690
2128	2091
1217	161
161	156
1381	713
1770	1315
1249	1390
442	1256
746	1187
1063	2222
1663	1665
1750	1011
1237	1235
774	1477
687	66
688	691
1965	2302
582	946
656	657
303	817
286	287
1211	1626
2087	2086
1716	1515
239	577
680	200
99	743
648	807
904	1366
2336	1965
405	1579
2453	2522
2323	2229
1343	159
1624	1623
348	347
1793	98
574	931
1160	787
179	177
1245	1108
1235	1237
624	107
2218	2232
953	461
219	85
537	19
1465	1841
1364	1369
221	232
1786	312
2079	1957
602	123
1159	1473
2204	2431
91	565
2057	2055
304	484
1668	127
2533	2294
1651	603
268	543
357	1344
1787	3
165	577
1284	287
926	864
170	704
1856	2144
1579	405
1228	1226
811	1099
1507	70
976	978
220	85
2344	2249
965	966
312	404
1452	1204
2100	807
149	356
128	134
1017	1015
38	1268
2029	2031
1372	529
1377	347
1040	578
1866	2390
1857	1850
2229	2032
2289	2113
1552	1949
2384	2347
1370	421
603	1644
2056	2060
606	644
1006	124
1135	1372
153	1821
2085	2151
1536	1367
1453	1452
373	1593
87	81
768	544
597	341
34	39
1101	775
2517	2019
1421	188
1146	589
2157	1944
2036	2267
1270	497
2503	1163
608	1344
1037	2089
604	608
2385	2138
658	1020
43	233
1573	242
2047	2050
1592	1048
513	707
230	235
554	1209
2083	2084
1761	1652
370	866
611	213
246	245
2375	2129
80	85
897	433
1397	596
2026	1678
389	387
2323	2455
199	208
877	878
14	250
1759	357
606	257
1334	1327
2203	2205
57	492
41	45
1293	571
1737	1738
1095	607
384	1287
1056	751
2431	1652
1697	440
1690	1394
494	1182
1262	879
1440	912
2138	2163
150	553
242	421
1856	1642
1039	1040
1386	1083
1728	1942
810	597
587	588
1040	103
2459	2147
1416	700
2137	2136
2068	2463
1479	174
641	637
1059	1058
481	1426
465	309
922	836
2192	2193
789	997
1676	1354
1455	159
1937	1938
1823	414
473	57
1644	494
858	1081
2147	2077
1659	973
1277	95
999	997
337	340
354	344
677	855
926	1458
647	891
100	778
1334	542
2268	2431
1844	918
1798	1277
1067	436
1571	153
899	102
1486	428
1798	648
2105	2235
1824	341
1267	252
2391	2268
271	584
1001	1489
546	147
1391	1390
103	227
1812	1301
2100	2099
876	233
2216	2218
172	1251
875	43
2420	2458
1841	826
1274	776
647	643
1049	1734
1850	1221
852	187
666	620
1426	1731
1012	1014
1941	6
278	384
75	736
951	445
572	512
835	217
1224	1225
765	923
1756	2164
2340	2342
2467	2344
1194	170
1812	1552
1436	1437
1675	243
1459	526
1031	1032
1247	796
303	651
1160	1210
1931	64
1333	420
547	552
1410	1271
1751	1114
344	346
2151	2256
931	687
467	823
2206	2290
204	436
991	77
1542	257
2190	2186
713	1005
1488	877
2234	2106
85	223
915	563
1124	67
85	347
602	1297
2418	2402
86	53
1562	492
2025	1131
1093	2301
1231	438
1630	217
823	283
2203	1903
999	449
620	618
2211	2290
512	516
622	231
2386	2401
1980	1979
424	509
1817	1823
2018	2016
733	875
1331	2399
2394	2408
2422	2032
410	162
1736	605
2341	2309
977	729
567	570
700	1934
1848	861
232	777
64	71
2521	1163
2225	2263
2538	2154
1703	1636
2007	2005
1770	146
458	1607
2264	2082
1283	101
968	1009
1607	458
1808	303
161	1454
2309	2210
139	390
708	496
1912	269
2088	2085
2167	1936
1082	1085
2427	1900
309	307
221	83
1171	1069
190	193
2049	2077
561	1354
1838	1959
1855	387
1814	1048
1077	93
402	403
2391	1957
383	1043
995	1982
932	930
2417	2174
2457	2427
559	1338
1046	1674
395	250
68	1285
1727	1167
2322	2198
2016	2019
1050	2230
1892	26
1877	658
294	877
64	147
2410	2205
2340	2199
2326	2293
1748	989
364	362
73	76
892	804
337	1292
763	50
2236	2237
337	247
2000	2001
1854	445
2326	2113
2025	2387
2194	2126
774	336
1117	606
707	966
24	1407
1856	2036
669	422
148	149
1216	469
442	1361
2311	2174
793	2129
1256	441
2288	2289
1365	612
2462	2059
488	464
1737	1320
2203	2175
1243	1273
2283	2087
2091	2092
102	159
193	379
731	383
1323	805
1775	2014
2131	1330
148	132
2195	2323
622	623
1434	214
802	701
1313	1317
1458	1453
1164	129
2466	1532
134	1095
1199	321
2448	2052
102	780
1128	16
2329	2222
2095	2091
168	170
1203	1754
952	1508
1038	2270
1903	2207
990	1092
16	347
2327	2234
55	231
1357	593
2340	2341
805	1364
56	1107
2	56
2145	2461
2011	2146
577	706
1713	153
854	410
1160	380
758	1506
1742	1738
1683	1043
702	237
665	178
250	395
1743	1325
2365	2200
807	810
13	256
1171	205
793	2169
2280	2279
504	902
936	1538
42	859
526	524
2367	1997
2428	2436
354	345
88	94
1459	575
529	1299
1940	1125
933	2390
218	1058
1794	1050
2056	2057
1275	659
1057	294
1138	591
571	551
605	604
1127	24
45	1452
1486	1487
1863	203
929	195
2238	2421
900	902
1903	2203
1955	2040
1108	131
1111	766
1772	431
1097	1517
1616	814
570	481
1118	1432
1516	757
1061	1161
1203	1109
532	533
1810	1316
779	1458
1961	1745
1703	1068
1916	1334
2088	2055
353	988
2536	2281
133	691
1708	323
842	1784
701	802
1521	1078
141	1277
1317	1953
1852	254
890	1952
1159	1158
2231	2126
778	1458
1779	1781
549	552
100	779
705	206
2401	2403
2530	2140
1807	678
2105	2151
891	848
881	1460
765	189
1681	844
1080	1079
1434	1480
1229	973
1658	148
1074	279
2195	2178
2404	2405
1528	984
522	239
1105	1245
4	167
1103	1108
1996	1295
108	422
1111	449
2134	196
1637	327
2328	2274
1767	120
847	848
1651	1649
908	192
1441	967
217	987
121	122
264	261
1735	1461
617	620
572	1173
2198	2323
409	901
963	1028
193	248
2481	2472
513	1768
480	175
511	287
768	1125
299	833
2538	2053
50	107
2148	1955
215	509
2448	2414
887	769
2016	1985
711	301
1371	2099
228	136
1904	1905
741	605
1362	10
2425	2078
322	1022
107	1307
1482	689
1130	142
210	595
986	559
431	435
1830	2359
325	251
978	1021
937	1016
2250	2408
679	835
956	1486
1299	529
494	63
150	207
399	401
1331	2320
990	808
1589	406
1463	1462
367	368
649	654
1071	778
2517	2355
1018	1823
1073	578
672	861
1402	1027
481	480
131	714
373	1592
1931	492
2267	1131
1673	221
665	1338
384	684
1356	1110
2201	2195
2091	1728
1265	1317
734	215
1362	805
284	283
1819	357
1153	750
2402	2015
2144	2418
322	770
741	901
2319	2361
1564	1122
676	1311
139	388
1344	436
687	835
1784	751
836	922
447	413
1488	1365
1069	431
1283	127
2470	2122
73	77
1426	950
2490	2031
2402	194
76	730
324	1130
25	30
215	180
570	1552
558	1164
510	1398
681	1099
2240	9
2367	2113
14	1401
685	980
512	574
2019	2517
952	1286
1208	1245
78	1931
1429	151
1859	43
1001	1123
471	470
2163	1756
225	80
1339	1293
231	419
1055	644
573	405
2180	2357
1613	339
735	736
1106	1510
1582	1584
1119	1120
1062	2201
1084	385
2401	2402
2152	2153
1552	409
1572	737
1968	1115
538	541
306	307
922	925
1101	927
1522	1615
1128	345
2083	2087
2225	2167
1061	445
1182	1034
1654	672
1131	2517
517	214
438	1271
1140	2299
2221	2091
501	485
37	1455
1727	901
1432	1183
627	630
2073	2234
816	1729
1652	1528
299	217
229	390
1016	1013
445	986
2374	2151
1396	1207
1992	1656
150	817
592	594
626	625
2045	2529
856	500
1404	1269
739	1843
413	1014
338	1332
2057	2058
1545	589
292	77
1018	1016
2083	2014
2339	2232
1985	2288
1518	346
1685	774
691	977
1761	1201
2215	2010
1865	1606
2464	2154
113	112
1172	206
127	1270
1741	1740
1645	680
1005	1845
1697	102
1260	1460
1607	1966
705	709
412	889
313	315
1544	1183
257	606
289	288
899	98
2314	2283
1567	1512
207	288
255	1094
2014	2314
701	7
2219	2221
2439	2246
1490	258
1501	261
2205	2175
1901	1714
1587	1312
1997	2003
2273	1496
2070	1982
619	664
1382	907
2226	2044
1632	1634
135	808
1856	993
1768	1452
2089	2282
1645	686
2462	2062
1470	1091
2055	2150
2523	2455
92	777
1290	611
1618	39
1118	299
1138	944
765	924
980	1579
522	843
0	5
1442	1116
1413	1414
51	50
1511	1513
2363	2137
764	767
1907	2476
281	141
189	1491
2393	2395
1328	128
1381	729
820	378
129	303
2323	2195
1155	536
2396	2130
2058	2377
1709	415
1254	585
2168	1536
101	794
1061	1060
959	444
102	227
2395	2196
387	423
2173	2176
1763	2039
1626	1211
1768	403
1229	605
2157	2045
1376	727
852	213
2230	2123
604	607
2110	2114
932	1350
1889	1179
993	1547
547	553
1153	1586
729	730
121	127
2115	2117
1988	1989
52	221
2315	2264
2208	2207
1700	815
1122	1119
1677	1392
106	108
1113	833
144	1409
541	1995
995	1586
2157	2490
1628	1172
246	629
948	682
2461	2462
22	299
861	1166
1436	1440
675	898
1888	138
999	699
1961	1709
230	232
563	927
67	596
2299	2295
754	395
218	652
1267	98
447	844
1888	251
436	431
603	987
1458	1099
2202	2128
1814	1616
2245	2251
1425	1278
2061	2126
767	765
748	127
1581	249
1153	1587
580	5
1092	2353
206	964
2023	2027
1273	874
1181	503
2320	1335
806	973
1510	712
1156	340
964	1172
1347	1325
197	194
1585	1434
2067	2093
878	877
701	124
2223	2224
1489	187
1356	1525
1798	1494
1718	963
342	1560
900	903
1182	618
137	138
389	1594
1842	1258
1584	1583
1264	499
2086	1092
66	67
1723	886
1327	1325
1332	258
2228	2197
2353	2421
81	219
2499	2299
194	192
1657	1646
2245	2227
965	112
1908	1632
1627	1453
1204	686
33	1759
1016	1012
1851	196
2321	2373
2294	2109
1946	1948
368	749
1757	148
1974	383
725	723
2307	2153
1044	1284
2173	2180
2116	2102
712	1430
2134	2441
667	810
1985	2016
47	48
471	530
1733	1735
239	240
602	135
1390	929
2314	795
131	711
1445	56
214	220
1942	1728
1718	33
2536	2357
1097	1317
1591	1777
835	987
2042	2085
1389	643
1666	1610
830	770
1791	1792
766	1470
1943	2076
177	1534
136	790
1813	1631
2426	2149
395	251
2385	2381
333	554
1637	302
302	1637
2203	2204
2344	2270
2183	1945
1591	1634
2180	2174
1074	1752
1047	261
613	615
1850	93
1152	1153
1483	739
211	1895
2135	2459
697	805
1669	1138
1186	1401
2325	2213
2165	2356
309	799
2503	2185
2436	2428
2410	2434
692	991
2158	2222
1339	1229
1543	1126
2426	2091
886	461
679	343
35	34
64	65
1052	1694
1734	1737
299	620
435	431
1189	319
931	600
28	826
1637	1378
461	703
232	230
1138	876
1282	1498
1970	1971
2266	2036
1718	357
513	407
2171	2382
1769	164
1348	981
2361	2075
41	44
2381	2526
466	467
519	580
187	924
1909	1616
2413	2366
2147	2148
1468	231
1496	1027
239	163
1890	2035
1326	299
82	107
1060	1062
83	85
748	368
2267	2036
1941	538
2143	2013
2011	1038
624	241
99	100
2128	2095
1986	1987
608	255
2142	2140
207	201
1599	1449
1120	1119
1692	869
1634	717
131	129
583	1252
805	1271
1908	1222
2395	2198
967	971
1047	714
734	224
541	576
704	1138
1725	493
1311	1929
984	783
1613	860
2204	2390
1058	13
1902	1369
973	288
1027	1454
1511	476
1575	1574
82	624
1598	1304
403	405
1262	1263
2134	2263
2066	2473
1213	799
439	442
71	70
2398	1944
583	576
358	184
2042	2037
1713	1821
403	256
443	577
2099	1322
1184	1737
257	216
334	416
238	163
259	254
1221	442
227	809
1938	2120
1826	309
18	20
1341	178
1374	1375
1158	1159
144	1610
1594	1487
2107	2371
561	316
1974	413
6	8
90	421
979	1612
2178	1911
678	66
264	265
1197	271
1382	147
1537	1272
174	1138
2093	2095
153	673
428	1522
617	101
1238	1236
2162	2241
1800	1801
2312	2191
2293	2300
2304	1957
257	1630
1957	2391
1981	638
1160	304
1958	2094
155	1084
203	357
2089	2084
2155	2157
1712	389
354	349
1493	289
814	849
898	897
786	1581
956	879
325	323
2107	2219
1154	1136
178	516
2378	2210
1198	577
1429	1313
1176	584
1210	1622
1689	1100
2267	1163
2512	2513
2310	1691
2150	2151
2372	2039
1472	464
357	1729
299	216
2321	2176
2255	2015
654	284
1907	2407
1406	267
117	897
2127	2093
1108	1169
1690	384
1569	78
1348	493
1563	2233
1483	1984
267	1827
232	235
938	940
2314	2014
1989	1255
2306	1656
2105	2055
136	923
1695	1319
778	440
992	792
1704	93
136	1034
2039	2037
381	377
1479	1609
1451	654
2013	1903
1422	113
2354	2198
1032	872
2013	2039
2328	2167
1462	1463
1814	1813
1117	299
1031	1038
2113	2215
124	396
2382	1886
765	922
639	640
2221	1936
2150	2038
714	1786
907	824
2507	2222
1172	173
445	985
1064	251
2429	2149
168	734
1200	1935
2100	1371
72	600
582	584
950	981
905	1914
1016	1846
317	546
264	483
52	215
1239	1018
1977	913
805	804
2247	1992
194	52
71	63
1258	763
1327	753
1580	573
581	576
2309	2127
1778	780
2118	2022
584	576
506	1885
281	951
1644	621
267	269
2177	2390
1959	1459
1055	909
1612	714
507	508
478	128
1371	2057
125	1284
2293	2258
1955	1038
446	448
1761	362
1407	1496
2104	1955
175	177
2134	2055
2150	2055
1436	1379
629	628
2044	2043
1334	1890
1100	1256
2296	794
650	658
1296	1297
1447	818
1199	592
98	105
0	1
1284	520
2390	2523
743	585
508	219
1455	1889
666	664
237	1144
1907	2093
652	83
98	99
367	369
1053	930
411	1443
1891	383
19	195
2301	1091
0	2
1217	1218
1459	1458
1460	782
448	1392
2126	2249
307	309
636	118
1366	774
2068	2525
2440	2083
877	247
1531	1958
802	694
2202	1092
1120	1478
414	1823
838	791
1083	732
686	132
1490	1489
769	1303
929	932
1967	1336
1217	1220
2043	2044
2444	2075
2417	2282
922	765
1067	1070
2128	2202
1917	1320
2107	2221
1901	1710
2041	2037
2083	2001
325	324
1256	1221
337	727
978	1609
1485	836
1294	339
1097	1094
2065	2078
803	802
1405	296
377	381
165	1256
1695	1320
247	316
291	205
2412	2300
703	174
738	644
1650	1739
1516	1167
1733	1049
1377	1477
1056	1057
80	87
847	643
1923	1843
1658	1266
419	420
415	1971
1497	1498
754	258
1375	1523
1826	1827
216	217
1310	111
2219	2012
1042	900
851	766
216	1117
483	261
1291	123
850	852
661	224
1269	479
1564	180
1064	1502
592	590
1713	457
1876	740
8	1410
1430	1505
10	13
2231	268
53	1804
1044	877
284	282
448	1333
2181	2184
1100	1609
255	601
537	21
363	1802
215	1021
2447	1734
1344	1067
2303	2265
1537	1168
1033	399
356	1212
1161	867
1176	1253
627	629
785	787
151	1430
1337	1088
701	700
1481	689
339	257
1196	68
2211	2233
1616	869
85	1475
121	124
2250	2132
948	17
758	1678
654	651
1427	1428
511	388
1055	737
972	938
2165	2254
2294	2295
853	143
1683	1090
1410	1411
2118	2120
169	474
645	1740
1101	279
1433	539
1806	1847
2190	2189
255	1096
1580	194
371	295
2062	1337
2006	1532
537	534
1449	1199
140	1571
131	936
977	691
2435	2271
1186	482
705	706
510	424
1605	1884
2282	2148
1370	1579
1683	903
1457	986
291	207
1283	1284
2456	2390
2375	2391
2097	2167
61	1665
2532	2180
1796	2142
1414	1526
2281	2077
981	1028
2144	2319
379	72
829	59
2231	2169
1001	1698
986	1115
2506	2280
217	1630
43	282
1361	441
614	1655
2230	1795
1245	1246
1633	1614
1087	1090
2038	2040
2066	2065
1107	1349
1053	1287
5	580
137	140
2017	556
603	70
1059	843
2445	2265
2524	2479
1716	1591
1257	568
229	702
1714	1012
1004	242
790	72
1230	927
62	1134
1897	983
1175	87
370	371
2011	1934
999	386
526	1627
1739	1016
1484	124
411	716
2008	2012
1032	1036
2265	2337
1436	1438
566	105
320	770
1517	1317
2381	2465
1075	1230
2127	2128
1823	1825
158	161
1445	1349
1535	1104
612	1660
1522	551
217	257
664	619
2365	2498
1662	852
1775	2326
12	1250
448	373
139	387
2208	2315
2446	2178
1898	2329
837	504
1820	1685
1525	658
2169	2376
28	828
1742	444
2118	1929
2118	2123
669	568
555	1345
2324	2371
263	483
977	1243
1525	1524
2303	2336
1508	1188
1911	2459
1865	462
229	55
726	1000
1119	1121
2136	2138
954	1352
340	1554
201	205
1670	1671
2244	2001
187	922
2411	2210
2297	1063
774	1802
2085	2106
2511	1939
223	59
1028	1439
1101	707
2384	2037
2415	2305
32	25
761	319
725	1334
2185	1163
809	709
611	1332
2313	2046
1190	1192
354	935
216	1118
483	482
98	100
1230	1499
2062	1856
1248	1117
1639	936
2012	2222
374	448
300	535
39	1618
2243	1754
1452	522
2111	2146
901	1902
1347	1744
2399	2304
1742	287
1705	256
782	879
1697	1282
1851	1852
77	1057
1195	1278
2219	2091
2090	2256
1973	123
789	678
803	1381
654	1194
795	2038
575	680
1491	68
143	144
147	835
1268	1267
461	462
1565	1407
172	955
2523	2357
812	129
2029	2033
1741	805
157	165
1647	1218
1954	2055
1025	758
369	371
449	542
238	239
1197	390
117	33
1651	1896
1338	665
164	592
857	1456
1455	575
146	69
1252	840
2	328
431	438
204	202
52	217
1632	1633
1447	1102
1635	945
1317	1313
2269	2105
1711	1025
2441	2134
1257	2
1823	1690
2109	2361
2454	2248
1326	620
1012	1015
261	482
2521	1744
1651	824
798	654
97	946
707	1101
2282	2079
1467	1354
238	241
1564	1258
171	462
1585	1480
1365	269
1048	1181
2414	2249
924	72
1073	604
2289	2197
2373	2315
1368	599
1221	1850
661	489
1975	1860
2320	2159
1293	1916
2056	2448
1630	663
1343	1342
876	1041
601	602
1588	1589
480	265
1565	1566
1522	1616
749	1195
258	542
1162	867
2211	2421
1998	2002
2038	2151
841	264
799	1217
1024	1440
935	833
2337	2444
2093	2012
2193	2127
125	121
1002	1004
1953	287
1697	1498
1637	936
940	1373
98	104
1364	123
1523	618
2054	1982
2518	1546
1130	1822
1633	782
118	1638
601	371
2125	2061
1193	171
1253	1176
1448	438
185	174
1919	700
1488	1931
155	742
320	321
738	1123
689	353
392	359
2030	2356
584	854
1651	786
2373	2357
1220	1218
1055	740
2179	2036
2501	1317
256	349
1049	1881
56	663
1459	927
518	521
1241	1244
2374	2055
776	1020
1109	894
1546	8
1517	1715
1245	1085
1774	1265
973	1659
926	102
717	1634
311	979
1917	707
206	205
115	262
2367	2215
2487	2427
1071	779
1137	125
2399	2027
2348	2106
349	354
1339	492
980	685
1420	1279
2377	2052
1137	1409
1538	1403
1915	862
686	1592
2109	1942
705	105
1481	1477
1347	115
1305	1747
1066	1648
213	209
2284	2264
1879	242
2061	1936
413	1287
85	1782
1809	37
2351	2110
2227	2246
382	1446
1130	1568
2289	2403
207	289
55	626
937	1944
2411	2264
1082	328
1883	1747
1632	188
925	189
2114	2348
2292	2077
2178	2315
718	720
2209	2309
1795	2230
1656	2260
1591	1257
68	596
519	575
2005	1810
1502	1064
1762	1763
1179	285
458	177
2326	2087
894	804
817	16
1372	965
1942	1856
1816	1491
2415	2320
1812	670
1916	22
1327	1742
1694	1304
1706	1205
2096	2097
357	289
2439	2421
520	972
1809	1345
765	70
1468	713
1357	778
2064	2036
1153	487
1992	2065
1854	792
21	18
2420	2120
704	170
965	514
233	108
1777	1197
2227	2245
1208	1209
1769	1646
602	1589
29	25
2446	2204
374	372
1941	1341
1099	1254
788	1264
1618	38
540	151
1933	509
643	847
356	913
646	69
2225	2076
2077	2081
1406	596
1649	1651
1839	468
1613	597
135	1776
1900	1424
799	515
99	742
1892	1084
282	285
371	368
2361	2014
978	1706
102	98
1298	23
969	1454
1660	612
2447	1329
1982	2386
2422	2256
451	214
1148	895
600	678
2300	2013
65	66
901	1167
565	545
754	1333
264	263
2244	2087
2088	2105
2376	2129
2531	2039
1535	1109
1666	1255
153	1757
2440	2286
2210	2380
1353	991
31	1558
1187	548
569	1135
65	679
1363	1410
1517	1097
1873	468
780	100
955	1243
331	20
647	345
909	217
1477	1481
1046	1951
461	237
1644	1507
1105	1641
391	1992
2500	356
1488	998
642	645
1583	1584
1347	742
1179	1178
814	1519
2110	2111
580	577
56	506
664	1182
719	1202
2045	1958
503	662
2516	2046
1028	1725
471	531
580	493
959	266
1303	1251
1858	1206
1368	1123
2352	2292
1705	949
190	197
2487	2162
791	1441
1982	2058
177	179
1450	285
960	598
1644	987
1368	598
1899	2286
9	2074
2125	2193
832	604
197	190
2304	2317
811	593
1114	868
242	1573
809	432
925	836
1804	82
274	417
876	704
2028	1829
1051	644
1171	202
2110	2113
925	679
1896	1446
1636	1638
1674	1650
1505	1430
1417	718
1390	446
716	1872
1950	1856
54	59
1243	977
936	305
347	345
2160	2053
1810	2076
1656	2194
2461	258
2263	1898
2190	2032
952	700
477	1024
228	226
2478	2030
163	240
256	344
2261	2260
1879	1496
2141	2470
878	1461
348	346
163	1452
1055	1011
1574	1044
1999	2358
341	1507
1725	1041
2289	2286
407	915
1929	1999
1587	1711
489	486
755	752
588	1084
1163	2001
1741	1941
1028	477
71	790
63	68
1945	937
1618	1268
373	375
1642	1843
2101	2103
1744	1092
806	1231
639	1312
1561	1563
2033	2353
58	1577
994	543
1453	1099
1985	2055
2489	1744
254	259
25	29
1271	1231
2316	2206
1396	395
1321	214
1457	1117
134	985
835	1644
41	42
2292	2282
1262	1888
1369	1732
550	1116
1321	1830
259	1899
662	618
2234	2235
927	1112
1559	1158
86	55
2168	166
186	770
558	258
1326	617
1481	1673
2082	2421
1069	572
1512	1567
970	891
1039	279
2199	2188
1362	694
479	771
828	780
910	679
1440	1439
1040	899
1171	1211
304	1098
877	730
1041	876
697	804
1881	143
839	1262
201	199
794	1419
2045	1563
748	750
1677	1354
289	564
407	513
2533	2166
1630	644
701	1410
86	1475
1814	178
1251	172
224	80
1369	868
2371	2375
1772	1053
2177	2523
2208	1903
1008	1307
2209	1903
25	27
1959	64
1141	1142
1937	900
267	268
2286	1603
553	817
192	906
1889	1514
404	979
634	1393
1096	621
706	707
2521	2399
2182	2201
1761	1464
1271	1410
486	490
1749	1820
1303	1266
2260	2263
1096	607
2410	2326
1907	2192
1225	1224
131	710
1541	352
883	885
2521	2027
1473	1517
1669	410
34	40
2229	2078
1093	2373
886	1266
2409	1938
655	884
390	1147
1107	660
1607	1799
1302	524
2276	2275
2143	314
2060	714
1238	276
1178	288
1656	194
1968	681
913	1977
1425	1423
508	507
628	627
1493	1494
2263	2260
929	682
1137	1313
357	951
299	1294
336	613
2441	2440
77	607
2181	2028
600	65
231	167
84	80
1827	1826
1204	1449
130	303
256	1207
2089	2001
1093	2282
2090	2102
2093	2094
688	693
727	1322
2300	429
2120	1982
551	1135
196	195
2326	2001
9	1939
349	16
2298	2183
883	886
197	331
1197	351
836	925
2173	2175
1330	2136
1394	1393
680	686
1746	1305
787	151
2422	1958
55	625
560	327
171	166
1452	1454
1346	1014
1239	1210
2179	2178
1344	1343
235	232
764	768
1039	581
1193	1065
1061	740
1652	802
1502	1646
1708	253
710	714
1492	259
638	639
1039	159
1939	9
1162	834
1580	1588
522	417
1019	42
13	1274
1065	1193
357	981
209	210
747	92
1902	1336
841	844
587	516
987	619
480	485
21	537
2288	2076
1359	1381
1046	1042
1415	884
208	938
531	529
1759	1760
52	218
1078	296
992	989
828	714
295	1488
1787	329
62	55
663	667
1600	1601
948	951
1290	1418
1867	791
83	223
1014	1745
1152	628
1418	1567
2315	795
2207	2206
439	440
682	575
2236	1533
820	707
2147	2249
127	788
2171	2303
1943	2086
2507	2167
2535	1992
630	736
820	553
2215	1939
2452	2449
1922	1399
2104	2088
544	1660
1936	2471
730	1202
2114	2110
1633	208
1633	880
955	23
1659	1229
329	1787
2059	2060
2443	1886
628	677
634	636
2078	2001
908	1613
913	453
129	300
2212	2213
688	692
1207	80
2288	2361
561	1391
1288	1290
18	22
1	107
552	549
1545	1544
950	575
1322	2371
1561	1173
1757	1571
1936	925
2284	2287
414	409
2259	2435
652	225
2098	2081
775	1039
821	553
216	52
1399	1922
2075	2264
1229	1145
1197	1020
2360	1603
101	793
739	858
921	264
1957	2036
2376	2011
1072	443
576	493
940	938
2264	2261
2226	2229
1848	1849
424	1398
439	443
1090	40
91	566
2420	1938
281	280
2144	1950
1470	2174
862	1158
2149	2038
2202	1091
1525	496
1211	779
2509	2154
2005	2434
2387	2280
1975	76
1169	979
2219	2220
161	158
336	1213
382	1611
51	1476
1832	977
1114	1116
73	75
1626	1458
302	692
2210	2229
175	182
208	941
92	698
2023	2025
2425	2423
986	597
555	37
1982	2224
222	80
1588	135
2125	2086
142	1488
1955	2089
1270	499
247	727
129	168
1563	1903
998	992
1705	951
1197	474
810	789
1649	1650
978	1205
829	830
1570	259
900	904
794	2334
2263	2367
2361	2314
910	192
1530	1214
850	213
968	1504
2384	2434
254	255
2162	2161
1596	1140
156	158
1517	444
50	207
1429	148
248	376
841	181
2283	2371
280	973
574	520
1608	1568
1172	1564
1998	2068
2263	2075
707	410
561	1676
1192	5
642	647
1931	749
2254	2176
884	158
84	223
1239	1240
2171	2114
8	1233
323	326
584	493
465	601
1681	99
400	399
924	765
490	489
2146	2147
504	1183
2509	2379
1849	1848
2275	933
837	840
2371	2082
1020	776
1308	433
2300	1163
139	386
2217	2216
830	1449
2022	1652
1324	1325
2032	2173
1357	1449
1264	900
1033	566
1152	699
307	306
431	433
1892	214
2268	2391
964	99
644	1053
1143	1141
1832	822
2181	2182
593	173
1711	1877
1045	1046
938	941
871	1560
1611	830
1763	627
934	783
1868	1428
6	9
192	101
2088	2039
2089	2271
2216	2217
96	97
392	50
412	1190
1320	214
304	131
906	1337
1974	281
2144	2367
1222	40
1224	1300
2536	2029
2143	2470
2000	2372
2344	2467
709	727
1479	703
2364	2363
285	1023
1564	1172
816	1782
2448	1728
2018	1985
1932	1674
1334	725
1919	124
1714	1074
1672	1412
722	726
2056	2052
243	1452
1229	1102
1035	1033
604	606
1561	521
2406	2339
594	592
1446	609
1898	2115
295	788
1083	161
2079	2201
634	1885
1648	1764
989	832
1839	1528
308	1880
2407	1091
1129	1065
2302	2505
1060	992
1492	1899
1081	1213
2429	2039
492	57
872	869
1274	1456
805	802
1793	105
131	302
2507	2468
71	596
294	76
332	333
1332	1326
138	250
2339	2406
274	843
597	877
2379	2210
1675	791
29	31
685	383
1324	1329
1538	131
2157	2416
1109	46
2362	2268
782	882
231	55
1245	1105
724	722
244	208
96	84
316	1117
2519	1437
2507	2110
2304	2378
1136	1138
941	208
313	111
1629	714
1142	1528
380	1328
1304	615
2506	2023
424	221
67	68
2473	2177
1321	1673
257	413
2111	2110
2090	2101
1453	778
1013	1012
2203	2176
2271	2201
1581	707
1524	1110
1476	1481
775	240
802	804
1303	769
748	294
680	684
4	235
548	549
1755	904
1846	1845
821	303
674	675
2266	2320
2021	194
541	1772
1146	656
292	294
322	1449
1375	1374
1053	1698
433	1471
125	127
485	483
2253	2252
2179	2323
1576	1622
2124	2093
1832	1108
2297	2137
1468	417
1701	1702
575	432
588	1185
1389	848
1466	2283
363	434
1069	1067
1388	1389
97	1148
379	600
2162	2160
429	15
1362	889
1312	639
1867	1755
1277	818
443	1355
1641	1122
1542	1630
1266	170
2518	1443
76	1057
1263	1832
1228	1772
2298	2457
1017	1016
830	1229
218	80
819	1297
1850	453
2007	2160
649	632
1282	118
694	698
2175	2203
2328	2329
278	275
774	1685
2081	1597
986	1457
673	936
61	54
88	95
309	832
702	461
552	1455
1329	2335
1644	1118
1487	1594
389	386
936	711
1514	57
1275	1769
2344	2466
1699	1022
387	389
262	261
761	762
129	304
1315	98
1460	625
204	201
1940	109
1337	999
1103	1105
2044	2130
819	347
341	621
1009	1007
262	826
2404	2031
1640	1818
1460	878
937	1013
1619	1359
1215	469
785	688
2229	2256
1164	206
659	1275
84	87
349	1520
453	703
316	77
423	1287
619	617
1746	1798
1156	359
2313	2370
160	158
2485	2415
2414	2040
1777	1154
219	82
1192	1187
2410	2418
1699	1175
1171	1175
2025	2197
929	930
660	829
2109	2319
1769	835
603	417
302	673
460	174
1133	1722
1241	1135
388	386
716	903
852	189
371	788
538	540
1991	1328
1746	1800
1898	2288
1660	834
751	1784
452	457
613	616
1455	1345
938	208
887	888
725	1238
1240	705
1423	645
1146	775
2254	2201
2217	2064
1131	2180
1264	826
252	927
128	133
1188	840
52	216
2033	1092
2371	1837
1094	1096
2313	2205
548	832
297	299
72	924
1501	1500
331	879
570	265
249	1579
1069	1040
8	1560
502	504
995	543
2109	1796
2099	1371
2412	2282
5	0
1183	713
1954	2368
1991	1534
911	913
2097	2225
1354	535
1020	1456
919	856
2188	2354
2328	2211
1649	1619
312	1658
1129	1693
1278	1173
2265	723
350	345
128	131
2319	1939
1672	1410
840	583
2081	2096
1514	1752
1662	1661
305	131
2154	2379
2264	2439
1357	1067
329	115
271	476
688	302
123	1369
144	1665
2202	2371
1607	1120
2164	1958
126	297
1732	769
1279	94
2281	2078
1616	1522
299	1457
2052	795
752	755
621	617
272	417
655	651
1381	1183
1198	776
2058	2376
2290	2206
633	1791
2140	1999
1067	577
1911	2091
2389	2266
1392	1051
795	2115
75	609
568	453
1898	2113
1618	1089
520	940
1799	1568
2220	2222
2282	1955
2452	2453
196	932
2266	2268
2182	2200
193	1350
195	19
604	339
2010	1492
636	631
997	851
401	399
2367	2119
1798	1891
419	523
1679	1681
337	395
602	1368
2054	1943
2121	2091
1879	255
1130	148
1185	1186
2469	2168
2488	2514
2469	795
1890	2242
1293	368
799	1647
1526	1414
420	355
132	318
2009	2008
2173	2178
939	410
2138	2364
1278	1282
2276	2127
1044	123
416	418
1249	1981
1376	609
529	160
1095	134
1314	261
1770	383
295	371
1850	1821
1407	1566
2046	2197
326	1887
2354	2190
738	739
130	131
66	495
1087	1088
1920	1600
711	302
24	1576
1330	2319
539	1431
718	719
570	139
2501	2364
2003	1053
1876	1183
1491	189
772	741
267	687
795	2055
1310	196
1366	739
1858	1674
1360	1358
753	754
1095	1459
1332	1333
2141	2142
2299	2309
612	834
2297	1943
2197	2228
207	205
1132	219
2201	2321
2120	2403
887	729
1005	255
180	170
2064	2257
558	901
1486	956
1497	1499
204	103
473	474
1452	1453
1991	77
2352	1744
660	659
786	1583
1698	1055
347	346
560	1378
66	147
2056	2055
320	174
2122	2409
383	35
664	494
1145	239
2120	1938
1136	1140
1810	2072
2193	2233
1723	1606
2107	1998
132	137
1748	833
1078	960
1585	671
2068	2471
956	385
2320	2295
1687	1688
1238	1235
590	165
1865	1081
2504	1938
1453	564
2534	2266
1859	1255
2072	638
1142	1875
1099	1101
1388	143
789	495
1081	1218
676	1309
1820	1015
232	657
652	59
146	600
1903	2205
715	716
1442	1474
2144	2117
1117	985
146	147
514	882
386	388
2451	2335
1303	766
2234	2151
2383	2206
229	733
34	37
1043	1370
758	1043
1112	895
774	1273
539	541
1326	987
924	189
2200	2380
996	110
991	492
706	940
66	646
488	1218
352	572
1678	1516
1017	1018
1578	1536
1083	1144
121	7
849	186
2258	2032
795	2088
1705	181
353	714
1985	2018
149	355
1779	1780
2148	1034
1904	483
2016	2020
1537	166
700	397
2204	2301
1665	1663
1260	1461
2087	2327
401	403
417	166
1448	1447
660	661
1200	1022
779	417
967	968
2113	2288
1272	224
247	340
597	1069
1831	956
703	237
1161	1162
2525	2068
1175	1176
395	141
656	234
2239	794
1985	2087
2425	2320
2112	2347
109	110
1477	1475
2011	1955
1484	700
2358	1983
2199	2322
566	1035
1591	717
1696	1440
2098	1830
2029	2034
2011	2371
2301	1092
400	61
769	868
2124	2128
1070	1099
1521	1405
2446	867
1473	1472
2335	1329
1956	826
39	38
327	673
756	715
1176	474
932	972
2211	2174
1651	707
865	1176
448	665
1806	1924
2215	2289
835	790
1387	745
2187	2197
736	735
1112	927
195	190
2292	2415
606	147
763	424
834	612
749	546
1690	1203
770	186
1880	258
1717	1634
1383	268
825	1296
2198	2354
611	210
1726	1727
197	193
144	1666
1504	1059
88	92
1020	271
2010	2215
574	243
2397	1886
88	89
2327	2259
2355	2358
481	260
1130	113
1240	1495
1709	1014
1911	1936
82	81
49	51
1957	2275
1204	1203
2204	2178
1851	72
33	117
1099	1458
2080	2173
555	1279
565	1015
77	318
1684	611
1810	2073
1318	37
1016	916
173	417
1726	1502
2355	2356
1647	1731
1287	123
1372	1135
1387	108
2099	2095
2086	2115
832	833
242	809
1156	432
1626	201
800	427
1885	1251
1202	609
1536	1510
1904	427
224	180
851	999
1282	572
470	94
1333	258
1490	1488
1107	56
2425	2424
958	961
2458	2086
311	140
222	59
1320	709
751	1376
2063	2064
1138	1669
2386	1588
980	343
1109	1104
815	1700
2161	2160
2427	2039
998	1490
655	1009
831	833
230	237
786	1582
1392	1676
1204	162
871	874
1144	237
1327	1886
2127	2129
127	122
1732	766
2371	2125
1517	408
670	1812
935	934
142	1130
1519	1520
1047	1049
1444	2205
868	769
2027	2399
2293	2117
1991	303
680	681
2017	2016
2269	2151
1837	741
64	145
232	776
1711	1587
1119	1122
960	1309
625	55
1652	361
1009	968
132	787
1773	589
2306	2164
323	131
1023	703
340	247
1475	85
2284	2185
1453	1073
2089	2147
1980	2164
1580	417
377	78
1672	1972
1528	1412
1682	1683
582	854
2400	402
501	982
807	242
2150	1061
652	659
1197	1200
2064	2217
8	893
175	179
2337	2375
392	395
1802	432
1324	1328
676	1310
677	140
1397	67
1646	1279
2188	2465
2096	2081
1332	411
136	228
1287	384
2091	931
713	729
2406	2208
665	448
1639	1340
1880	836
1961	1014
657	656
10	17
1827	266
23	1440
841	843
2199	2197
154	49
644	1055
1111	989
2204	2117
831	337
933	2275
1720	1721
1426	1099
1737	1184
418	334
1393	1047
644	1054
1303	1122
2095	2012
210	213
501	482
1057	1784
1418	1290
730	729
851	998
327	131
185	189
476	492
1287	413
49	50
2060	2022
415	1709
1135	1241
45	157
1026	584
728	418
294	730
556	1617
1839	1411
141	1670
2501	2140
1669	174
1565	268
2204	2205
1197	1198
2297	1837
736	877
2418	2428
1536	1321
1840	1490
1498	526
157	390
2276	1957
15	1052
1042	1045
724	194
563	513
1562	1072
2368	2088
489	487
2205	2129
1098	681
760	50
351	592
1672	1246
525	922
622	1019
567	265
2069	2071
733	108
2270	2040
2012	2002
594	864
578	581
428	1561
196	376
2000	2129
663	1630
708	206
2400	2343
56	233
235	237
2480	2145
2447	2121
1275	1200
2238	2502
1118	1644
464	308
912	1696
424	968
259	2010
676	560
1641	957
322	580
981	948
808	990
2427	2286
273	347
1226	799
563	915
2203	2206
417	843
334	418
1432	1806
774	1930
1492	2010
978	1214
2078	1954
1088	1435
2162	2137
1531	1661
1297	1432
2	233
1043	1361
2229	2173
44	881
1044	1111
557	558
1078	1264
692	690
1644	835
1391	109
1375	1604
1390	1090
1026	202
540	628
979	404
1361	442
138	249
2103	2102
1298	771
354	346
2195	2321
164	1022
2205	2127
2368	2195
699	77
811	43
1844	1846
2478	2197
239	279
2078	2151
150	357
2432	2433
569	457
1377	349
388	1594
1433	1432
2444	2121
1233	115
2510	2517
596	67
360	365
779	173
1486	568
1103	46
749	678
636	302
487	491
1868	1206
2151	2088
1617	1137
1433	392
2165	2301
2514	2282
1910	1181
1476	1672
1688	166
536	77
476	584
712	1525
1836	266
1293	337
1911	1063
28	825
240	163
319	46
356	113
1478	432
1223	1225
1850	442
2202	2125
588	1372
1547	1247
264	260
1850	1255
1177	1686
1363	1254
236	108
1808	821
2486	2053
1768	513
124	654
1157	767
1084	155
1022	1147
1856	1950
250	14
1165	1988
2297	2169
1630	1542
1491	882
1035	1031
2085	2055
50	1032
117	898
1026	981
1516	1527
730	1838
1029	1030
585	928
1477	693
2040	2105
1101	1099
1187	462
1560	342
2307	2309
275	180
232	237
992	739
1462	1466
836	1967
1807	790
1152	1154
858	1731
559	1339
1205	46
1250	1201
225	218
1538	936
1989	1990
159	162
2535	2205
2180	2407
65	678
229	5
1750	68
2271	2221
1482	1707
52	219
2326	2151
1630	257
1969	1495
709	1611
2366	1886
1372	907
1562	1697
1060	739
2459	2135
923	790
953	702
1903	2210
1801	1800
1122	1484
1094	255
1494	1799
2123	1286
2400	387
2479	2267
707	940
1770	690
911	453
1168	827
2292	2499
366	360
1199	1147
2130	2131
1196	607
1347	1743
1348	1020
1451	569
962	352
54	58
518	519
1457	987
2134	2248
631	636
780	99
1042	751
300	534
370	382
1812	453
2232	2064
111	314
2032	2264
625	624
2377	2126
967	395
751	1057
766	769
2290	2292
2311	2159
1737	1735
690	936
444	445
816	1928
609	1446
583	840
258	725
895	911
1381	1441
1372	1052
102	927
424	762
599	835
2115	2087
484	1168
2067	2091
739	991
765	646
665	1731
2068	2067
608	559
1147	1199
2437	2433
53	1764
2159	1507
623	240
2237	2041
659	1307
231	215
465	1399
374	375
1674	1227
885	1421
57	271
1973	1221
2148	1037
810	1397
483	480
2139	2141
2491	2196
594	164
244	1230
1604	1936
1211	202
2296	2297
2176	2174
284	530
1765	886
94	470
2195	2201
2245	2252
1349	1232
150	253
631	633
1689	954
921	856
1458	1627
141	1122
2126	2061
454	515
599	1368
1430	714
2183	2181
193	196
1012	1018
1509	1551
1354	824
2468	2055
461	830
208	1204
514	1081
792	1061
2107	2435
1547	1510
710	673
959	905
1930	774
1338	559
2270	795
1713	1502
403	402
1285	67
1774	360
2058	2057
1319	1318
75	79
1854	1061
2516	2313
1494	1746
2396	2477
1462	1464
807	574
733	1449
80	86
384	100
681	383
726	382
1650	365
2142	2238
901	126
673	690
189	836
2195	2322
1996	309
694	697
2321	2195
2524	2517
324	1131
33	149
460	702
1069	780
1710	1151
828	1048
63	71
2534	2287
1351	411
1174	2064
803	1380
789	792
919	920
1589	602
70	790
351	321
796	685
1704	442
1097	255
708	1071
382	727
948	950
2156	2164
1975	1302
181	1665
2373	2000
1314	1265
2071	2522
537	300
1568	1607
573	1373
381	1206
1134	969
170	180
1370	386
560	1114
562	563
1903	2201
332	334
881	885
1408	205
1263	1260
501	1185
448	196
425	1837
2076	2301
2331	2408
1578	1577
1824	1708
2165	1728
1796	1830
1042	644
1354	1548
363	437
1331	2415
259	2134
351	173
828	1098
788	370
491	1685
770	857
909	644
1106	1103
2477	2396
541	277
761	424
1996	265
1007	655
367	370
315	313
1420	1421
1959	1838
2378	2275
2040	2104
430	567
689	1483
2030	2415
2343	2013
1021	1179
2197	2177
1978	812
1349	434
472	470
1771	1407
372	376
1324	132
2117	1898
1396	1393
24	18
911	732
1139	684
2051	2486
2166	1091
1231	1033
1804	86
1615	453
226	228
2259	2201
1831	188
177	1341
2358	1999
752	754
165	1449
622	55
772	771
1274	843
2426	2283
430	1522
273	1009
1777	1257
2134	2440
964	136
845	841
929	196
2225	2113
1506	1012
872	873
303	302
792	596
2390	933
1103	1106
1067	244
743	102
999	1337
945	968
1987	2339
1255	442
1162	1076
1782	734
1723	1133
1808	16
1934	124
1744	1325
1967	836
2399	2320
403	935
835	97
1407	1602
2490	2485
2415	2222
2208	2173
792	1060
1725	1028
422	425
2522	2453
1327	1899
577	938
994	1027
1792	483
2332	1163
1242	746
837	825
2428	2418
700	1341
444	450
236	1718
1814	1341
954	798
51	49
1288	1125
2491	2388
1304	1305
212	339
1640	1321
1327	1324
1091	2095
685	953
731	646
1565	258
408	412
1283	67
279	585
1338	494
269	128
1480	671
1677	559
1257	1258
1169	1246
588	1186
1215	1012
1331	2266
858	170
1728	2092
13	346
447	1745
579	592
1985	2038
1629	642
1962	308
1082	265
667	929
2039	2327
1719	836
553	691
497	500
1076	1078
1243	1461
1077	439
1220	741
72	1507
1691	1460
1202	719
2352	1400
1849	2438
1229	1230
1282	1459
1547	318
1535	42
13	14
490	487
2073	2309
2129	2127
335	340
1491	187
878	1460
1744	2320
1061	1095
2271	2259
1943	741
1542	217
438	431
1283	1285
518	520
142	688
957	1135
2181	2080
2151	2055
429	1815
1136	315
2257	2399
687	997
11	14
665	192
1887	1671
1992	2060
1608	1567
940	574
2189	2187
1283	790
1257	5
2488	2080
1364	805
1254	196
1514	686
749	877
574	972
1502	139
1459	972
1642	1856
1859	233
1017	255
588	907
1593	373
491	489
2137	2240
1277	926
2157	2339
43	1256
360	363
984	1528
2534	2080
2129	2125
1806	1039
241	857
1623	1327
698	95
721	2465
767	1319
968	1295
2403	2460
2402	2426
2250	2044
776	232
1324	1326
1179	1071
1187	1191
418	321
782	62
633	1797
130	314
2507	2087
648	811
482	261
1953	1684
1083	1150
2453	2034
2024	2171
835	69
2087	2274
1750	1489
848	1135
170	168
1211	1628
2168	2143
1017	1094
1411	1527
1523	996
2464	2465
383	1266
1005	778
2042	2151
2264	2262
2287	2075
796	797
344	256
1241	1242
270	272
2209	2254
1921	1133
1616	205
1551	894
2479	2208
2106	2150
940	520
410	1138
1598	836
68	67
2338	2036
2149	2259
346	1520
1461	456
2259	2055
1189	1187
234	230
263	982
1145	95
1203	460
907	1303
310	311
127	1264
2173	2177
341	931
2439	1950
1799	458
377	77
2324	2089
1472	287
1048	205
2172	2024
812	305
1662	997
690	302
1252	1251
1886	1355
1259	879
1210	1160
218	225
2491	2179
2323	2321
743	1454
368	788
852	1095
2131	2231
1958	1942
0	3
830	1275
2383	1950
2434	2089
220	1041
402	249
850	385
401	344
2449	2450
2412	2078
2400	389
2106	2038
848	891
112	113
2053	2160
1094	1017
788	369
1442	211
1233	818
2353	2082
1577	876
1273	484
737	741
22	908
1243	1372
848	846
1288	382
736	627
55	62
1479	237
154	1143
1682	1684
710	305
194	197
2347	2112
1331	2473
2201	2079
280	563
1093	1943
779	1071
861	1158
1042	1046
269	268
1985	2085
2429	1563
914	596
459	462
274	1725
2454	2053
14	15
80	81
1077	1255
70	1507
2012	2128
1387	397
2286	2287
2231	2391
1312	446
1718	780
2172	2183
2185	2262
1467	535
436	527
2161	2010
389	1224
480	261
786	719
455	452
2152	2046
1851	379
566	569
572	1174
1888	253
1456	843
540	353
984	757
591	1022
2433	2437
1103	1104
92	804
552	1230
1323	143
1330	2137
617	618
2210	2509
2123	840
369	367
516	587
2010	2083
985	621
1929	2459
649	652
1967	907
1191	1302
810	299
1865	459
1388	1183
531	895
813	815
1567	1570
1589	135
2027	2450
1340	326
13	10
2214	1954
2360	2028
116	119
315	1056
1202	77
246	735
2101	2009
509	508
1568	439
1488	76
680	685
854	581
1943	2012
173	161
1252	747
1449	942
1051	1095
2013	2000
2499	2292
2363	2240
1477	1672
507	509
1067	410
1549	1127
1885	124
1897	817
854	397
520	707
619	621
612	210
486	488
1378	609
1107	1482
2140	1934
2289	2083
2000	2249
1404	122
1824	1833
590	864
1253	584
312	1786
1388	141
465	1472
505	155
1365	1367
183	184
1321	968
1793	1066
1052	857
1032	432
522	43
1708	325
2451	2293
2381	2378
2201	2282
1044	1669
691	651
2244	2115
915	916
550	547
1604	2169
554	1208
958	959
1807	606
977	1673
1249	1979
1677	999
1334	268
103	102
1670	979
2147	1038
2226	2227
2007	2102
1057	1328
1634	1632
394	1591
1277	1281
393	870
1495	249
2284	2088
1444	2435
1044	1586
1563	1756
557	560
220	59
972	974
198	379
2311	2127
519	579
2091	2093
211	1474
1605	459
2097	1371
659	218
1022	390
65	68
1384	1385
2114	2347
1975	1008
604	147
313	311
2083	2011
2346	1790
1074	778
931	835
2362	2082
73	74
786	1584
1	108
996	930
132	1106
869	871
473	477
1296	787
1767	1440
505	734
2080	2079
2016	2017
548	580
2018	2345
1579	251
2025	2023
1478	1508
644	1052
2038	2235
2449	2451
216	604
476	1020
440	442
1550	1639
1525	1197
202	1171
334	843
1014	415
2379	2380
188	1831
711	710
785	788
241	624
2029	2030
446	381
1648	632
1296	672
0	4
2132	2130
1263	1259
1676	1117
1532	2318
100	99
442	854
214	451
1476	1477
1646	1657
132	572
793	2128
2071	2506
1362	1147
726	370
128	136
2500	913
1423	1425
499	1265
48	95
2142	2472
1077	442
866	769
706	938
338	335
2197	2381
214	1321
65	63
304	1272
559	492
649	653
1342	586
2209	2489
1695	1621
1313	1316
1316	900
1716	1717
165	321
1391	1724
1576	24
1410	804
1943	2372
192	574
2116	2325
1609	1100
401	349
1954	2040
664	667
1807	1382
1543	1545
271	493
1300	529
987	1326
2106	2040
483	260
1536	1537
1938	1950
2165	2082
2287	2286
749	65
1241	52
1514	548
2164	2165
1475	1476
2295	2412
650	659
1203	1177
350	352
939	941
935	347
328	329
1270	1834
574	966
1330	2142
2119	1936
2434	2095
266	267
1650	1227
398	1609
321	322
2095	2220
1178	1180
934	935
1198	1144
1663	1268
165	242
606	596
2064	2259
1501	1230
1349	56
9	2144
2294	1062
806	533
1553	1556
771	772
2323	2302
772	687
2459	2107
1498	279
790	679
791	1006
1887	493
880	1065
2497	2344
765	767
1513	529
1189	124
2035	2036
63	69
289	205
736	1748
2493	2497
692	305
714	712
1939	1847
1829	1118
326	323
362	1711
447	415
608	257
25	32
2425	1092
2344	2102
2345	2090
1800	694
1958	2156
2308	2310
874	1685
2299	1093
1242	823
2268	2373
1231	1229
2125	2202
1942	2332
1675	1341
208	940
208	1215
962	646
438	1397
1523	257
31	33
2504	2139
404	1658
667	1614
2354	2171
1186	588
19	836
192	665
324	131
1551	48
1686	1244
1637	673
1945	2437
171	1193
42	857
210	209
1171	1048
1588	372
1277	1279
549	547
2362	1567
1297	1909
1116	550
1663	1664
134	792
1608	1449
2021	190
61	462
655	1059
184	1541
549	1128
2120	2418
492	63
1655	278
1968	411
1380	151
1088	946
1375	1266
1810	2075
1585	206
2339	2360
1965	2164
1952	2059
523	145
392	178
390	139
1588	1270
275	279
393	392
33	1254
1005	756
506	1620
1057	751
1276	1100
691	819
1354	534
499	1266
272	351
1626	1453
1078	1284
2022	1735
1166	1315
762	507
1795	1050
2287	1899
1396	977
1982	2291
2298	2009
2466	2344
2012	2094
324	1129
156	159
1759	707
560	1310
1324	1330
2197	2046
283	285
688	689
1240	778
795	2040
2269	2104
137	142
692	673
1796	2145
285	519
2359	2246
1743	120
2401	2386
2300	2077
437	279
2465	2336
615	1304
1340	1341
1413	1305
2169	2127
2502	177
1698	1053
2375	2067
128	129
1136	26
1876	1004
1689	429
1737	1734
404	980
1115	1104
818	1234
303	691
2132	2043
1064	139
1442	125
2145	2484
2260	2010
745	1387
2395	2309
522	1497
2188	2208
1481	1019
2054	2052
335	338
2372	2249
2179	2355
2366	2131
1399	465
178	1341
255	1097
1957	2268
2135	2049
1639	1510
2435	2128
15	14
77	991
1364	824
2082	2292
2365	2284
2012	2093
1254	1253
809	227
1529	228
244	1071
2462	1943
347	344
1604	2167
1663	1610
950	501
2067	2095
1114	560
1607	1258
1588	1366
1098	250
422	424
2155	1691
262	614
1768	256
519	577
989	990
706	208
2372	2013
379	904
1771	454
2036	2268
549	548
384	835
2069	2070
2361	2010
2495	308
34	36
2306	2275
1196	67
300	532
2506	2142
2495	488
1418	1289
22	18
1468	645
1247	1030
646	678
2148	2084
1024	1345
1571	1372
850	187
2014	2167
36	807
1651	947
1070	169
108	1138
1006	1720
1142	1141
651	655
929	605
431	434
266	268
1652	696
2271	2435
623	55
268	294
2338	2390
1550	1244
2097	2246
782	427
1507	618
831	314
923	66
2207	2407
1327	1898
175	178
1639	1640
239	580
604	257
1750	67
720	718
1215	1016
719	77
2410	2244
2286	1899
581	584
766	1112
1333	1334
2489	2409
2451	2133
2372	2373
1817	1178
1183	1361
238	244
1968	1181
1479	1100
889	457
1231	806
2123	2459
632	631
926	899
104	267
1561	428
1014	447
828	395
1997	1998
1637	305
811	1497
2105	2089
2283	1063
1553	321
104	450
1726	1282
2483	2212
1021	354
2150	2088
1478	700
447	454
620	617
2207	2208
348	859
1279	882
1181	565
804	802
1769	1693
597	607
1270	1835
1458	1101
968	66
1043	1371
1065	549
66	792
2080	2201
792	1124
436	1095
533	806
814	880
1653	979
1287	387
2037	2013
2396	2397
798	954
1169	1168
797	383
1138	704
195	196
237	66
580	410
521	243
2438	2065
2096	1795
941	939
2435	2094
661	660
1042	1044
103	843
1855	1679
1832	1275
1669	777
1822	1130
906	1028
665	22
714	690
409	525
1451	700
1105	822
1986	308
1565	366
536	300
311	310
2360	2304
472	94
2008	2015
213	852
2	1257
1755	1867
308	1953
2420	2402
567	568
2499	2079
707	972
1353	216
676	628
973	806
1857	1361
788	672
854	1295
227	928
2344	1936
1955	2084
1957	2117
1899	2010
982	501
2167	2115
413	415
411	409
1647	1081
271	57
290	730
2417	2320
1071	1320
81	876
2287	2367
2032	2078
2400	390
2523	2390
294	368
1458	1459
14	10
1714	418
1943	2373
2451	2175
1271	456
2482	2372
1944	901
142	154
443	519
2513	2218
579	594
2064	2258
209	211
2188	2190
499	497
2149	2426
1778	1069
180	1864
1355	2093
585	279
1048	786
157	1199
1004	575
1148	1151
507	510
1221	93
1734	1735
1954	2259
52	220
2415	1331
486	491
56	81
1635	568
1645	1449
1322	2126
141	1673
1163	2300
2099	682
1666	1577
749	1196
1838	730
1507	1034
1365	331
342	335
1658	312
1852	1879
2141	2472
1532	2109
2208	2178
317	877
1389	1423
945	451
1831	1493
1577	1059
327	1296
1285	1294
181	1692
744	745
306	308
1449	1147
2136	2060
2429	2419
630	735
639	70
582	576
483	501
1434	1882
2416	2157
2380	2210
828	963
147	620
2185	2176
2047	2049
53	649
1937	1939
2320	1744
1227	1830
1891	980
1457	1644
1274	173
387	388
1033	1785
1187	1135
1558	969
24	21
1451	438
572	206
2304	2381
939	208
1509	1508
561	340
2086	2326
679	931
564	289
1296	446
1830	1796
1046	750
1870	1871
2261	2315
196	379
1305	1306
279	706
147	606
48	1551
433	431
337	196
2315	2407
337	335
2303	2335
1188	1508
452	455
798	955
2368	2040
2249	2000
2066	2306
200	207
2014	2039
441	1361
1732	1369
2293	2174
1260	1691
1841	1317
2023	2024
1135	1187
2038	2085
2198	2187
1869	662
1155	554
1104	1357
1667	402
1024	37
1916	258
205	275
1228	435
67	790
13	1276
959	269
2129	2091
2317	2185
1553	1554
920	1638
271	1020
1827	72
1169	1170
2039	2374
495	790
1101	966
529	531
1525	1356
2459	2403
599	832
2377	2221
189	1112
130	339
2186	2189
795	2085
2054	2057
706	577
539	1364
2002	1998
369	866
1740	572
740	1397
719	896
2517	2177
634	1737
1653	1039
2375	2372
2098	2096
2149	2058
468	469
1751	550
1035	136
1181	1184
1705	178
517	1793
1795	1796
1763	2213
232	775
1138	4
2319	2121
1707	1064
459	461
682	681
1874	984
191	194
866	788
2381	1903
2145	1796
2374	2040
1594	386
974	1146
2350	2015
1058	59
1429	1558
584	582
652	224
1964	1965
97	96
910	1936
651	16
1690	386
461	459
533	277
233	167
255	104
1100	319
2310	2308
847	645
76	996
146	606
609	382
1360	870
2160	2161
1428	1427
243	159
1172	170
1497	811
361	1403
637	640
619	1182
778	243
437	1752
306	309
1500	1401
220	214
1048	714
2260	2032
1826	1828
948	949
1722	882
477	474
958	212
1492	2398
1137	196
2273	2274
2513	2339
1131	2275
2296	1999
2105	1955
469	1873
2265	2267
350	353
2306	2456
697	698
161	548
2172	2131
323	325
503	302
1312	109
418	158
2150	2085
1285	646
1672	1477
413	844
2458	2057
1915	861
1581	806
764	765
917	375
1116	450
2054	2058
1051	606
1802	1803
227	208
744	747
996	644
8	696
441	1077
242	165
1395	1632
689	858
1916	1366
1896	377
2158	2094
119	116
772	495
749	1157
338	1442
1538	1539
1147	1022
1536	1055
638	637
1382	621
134	992
1130	184
94	1279
626	623
1268	1183
2330	1691
2160	2116
2481	736
1384	1274
1213	1218
1598	1442
767	1750
166	172
1954	2293
2373	2065
1262	1259
2287	2368
374	993
1039	244
596	1397
917	918
63	70
790	66
534	535
83	87
510	432
2352	2353
1087	940
2055	2038
494	931
1812	1370
665	1341
1127	1549
1404	1405
475	865
2295	2294
2339	2490
1037	2148
880	1066
592	399
1954	2201
1468	1469
797	514
476	271
1659	1752
1429	46
690	140
1028	907
2013	2160
1359	713
994	1113
593	161
1579	1370
2258	2173
2023	2026
2183	2305
1569	1481
1325	1743
2106	2110
1484	1642
2088	2151
635	1321
28	25
2409	1936
326	178
144	1577
1313	1314
856	260
111	1829
1007	1010
1173	428
2527	592
2131	2045
807	808
2010	259
1448	680
462	459
1312	1114
1639	1538
733	2
291	564
1384	347
1268	38
1110	1138
443	899
289	33
650	651
1505	632
2038	1936
1901	1570
1997	1999
2240	2137
1927	1641
1161	1163
260	264
967	430
939	942
1271	1363
1278	144
125	40
662	494
499	826
2167	2014
2006	2457
981	686
1154	788
309	21
2189	2479
481	485
898	675
1424	550
779	1357
1957	2390
1992	2068
716	844
1189	1192
2253	2245
225	659
563	1459
29	1578
1021	1241
2247	2473
2012	1063
1439	1028
1166	689
355	419
1358	867
1309	960
495	63
936	302
1434	345
658	82
1084	588
130	300
640	1578
1761	142
997	134
1484	1738
1874	759
165	322
2419	2049
534	533
2154	2210
2297	2010
2537	2520
762	509
2168	9
1448	686
1593	372
975	253
2343	1903
1455	1342
1336	1112
2297	2467
2314	2244
921	500
789	67
1598	1872
597	1344
976	164
1781	354
1757	1758
517	1707
878	879
321	165
419	355
645	891
154	142
1263	1261
249	404
2046	2313
2313	2210
1946	1185
667	663
2124	2126
2137	2162
1503	308
712	714
2438	2304
2523	2369
1721	426
925	1034
391	1991
680	683
230	231
815	813
921	261
967	651
1045	901
2304	1744
899	926
295	368
29	1678
2037	2039
240	1204
1910	555
1331	1744
811	848
935	345
1114	1117
1871	1754
736	824
915	20
1459	1499
2237	2038
2220	2128
181	949
1698	1000
1767	1333
1425	636
1075	493
1096	298
1036	807
384	1295
679	930
2224	2460
452	456
932	929
1070	606
365	1018
275	276
1607	1568
1129	451
675	897
390	1022
309	1964
24	254
344	349
2366	1958
2307	2308
