167	104
186	821
43	829
1167	848
145	81
20	5
6	135
335	336
136	665
48	6
56	394
65	81
119	120
689	729
305	1142
688	946
112	71
570	106
286	287
52	786
317	202
258	742
635	650
145	561
46	124
603	604
469	82
175	527
646	647
321	322
156	164
423	65
360	331
5	30
535	536
400	970
48	272
13	47
46	82
658	882
67	108
1050	69
296	562
95	150
310	688
641	642
19	121
67	107
434	534
42	1089
962	1225
133	45
711	712
48	433
82	670
667	787
754	755
603	645
449	243
400	1079
392	393
423	71
120	558
851	948
616	185
620	383
115	116
996	353
298	23
112	194
145	421
67	66
51	124
720	936
43	785
805	409
71	72
870	901
207	190
894	459
288	26
273	274
459	909
123	434
207	460
152	37
1090	578
892	357
473	205
131	109
134	735
260	229
603	635
466	480
387	388
290	520
782	709
93	95
349	353
46	81
963	638
318	319
5	36
88	657
43	288
99	124
964	1066
719	720
315	316
396	1082
112	541
275	276
118	473
744	222
257	448
854	1178
88	654
172	812
237	212
1013	1014
62	134
138	143
7	6
164	93
844	734
67	710
257	1036
314	315
851	916
522	1164
970	971
110	66
62	51
1071	480
785	1117
88	536
337	338
1170	1171
551	66
220	952
101	199
217	249
120	121
7	571
153	154
9	143
148	68
485	486
737	738
148	147
684	1044
124	91
186	844
385	892
186	172
605	946
175	799
271	543
78	104
345	346
115	136
600	634
107	840
43	806
691	1005
145	146
135	503
400	307
543	298
894	1127
172	85
223	213
45	126
90	100
470	364
3	12
178	323
217	440
51	294
154	497
320	321
1005	220
265	136
262	733
851	720
138	160
585	586
867	1002
796	785
603	614
319	85
305	1138
288	7
131	132
864	314
90	91
407	1019
603	650
311	342
42	271
528	24
145	422
51	295
1148	67
123	190
144	147
78	71
109	829
95	53
785	152
72	94
803	804
173	411
43	808
311	319
342	402
678	679
51	275
257	1033
133	706
665	61
26	910
72	508
240	451
50	113
364	334
659	455
870	871
405	386
61	62
80	277
208	894
710	729
422	63
646	974
665	161
695	696
65	113
849	860
82	63
691	1004
212	774
173	1124
603	613
115	33
160	424
97	46
186	801
186	576
115	76
161	266
156	165
476	477
328	342
50	434
1070	523
212	711
279	607
186	209
89	431
990	1004
115	53
109	1116
223	1055
186	1114
453	454
449	747
43	207
67	813
564	565
46	33
194	265
1005	1012
659	660
112	429
659	281
136	115
51	262
45	50
190	189
967	147
53	149
898	953
101	52
624	357
90	145
1	13
9	420
466	468
3	4
291	678
103	104
53	92
164	29
42	9
72	525
893	1066
23	157
207	178
941	186
258	754
990	946
700	96
48	435
737	954
313	385
852	55
123	9
510	511
852	869
1008	1173
718	605
70	69
62	119
657	488
357	626
123	124
0	45
339	1016
455	760
490	50
1095	190
603	649
571	543
320	1101
67	172
108	66
64	574
805	804
459	460
101	162
217	251
739	468
61	113
14	25
472	126
5	50
62	125
67	253
237	257
213	223
294	813
318	622
620	837
72	86
15	0
321	599
240	256
88	81
88	120
81	300
1140	1146
562	484
5	1
40	325
51	75
271	51
342	360
821	147
9	5
545	546
640	867
878	873
15	785
135	134
112	569
390	391
211	210
385	1107
124	105
720	961
524	72
1015	1017
600	602
894	688
194	136
400	1072
93	827
339	980
74	93
617	618
67	189
112	101
895	896
134	597
313	605
916	628
115	148
55	56
88	656
51	119
156	819
229	749
311	384
530	532
894	20
1070	533
76	115
212	211
124	46
90	99
61	65
851	898
143	133
314	313
0	1
109	170
33	188
305	1144
342	373
641	147
147	299
13	298
893	634
124	99
92	93
404	1080
313	332
957	958
100	430
33	113
92	67
844	147
857	937
49	565
119	82
783	784
33	160
290	42
157	15
136	124
43	576
663	683
307	688
64	140
616	603
150	35
147	109
307	966
76	19
67	92
397	708
194	570
187	164
305	392
513	514
577	265
133	89
1050	70
101	153
713	714
970	357
345	470
171	377
134	121
133	265
105	81
160	89
963	307
135	465
600	627
125	528
208	361
361	658
81	33
434	90
365	366
332	366
404	989
364	470
5	0
824	826
51	736
288	559
614	849
1019	1020
547	6
434	469
631	933
733	388
186	829
3	2
42	43
936	605
200	496
121	134
107	108
691	995
134	267
113	301
285	729
314	402
23	156
847	311
147	1121
265	280
126	681
434	21
78	151
291	509
469	118
112	553
217	254
164	26
311	406
125	126
93	74
624	641
1054	217
605	606
115	427
22	894
435	43
434	49
465	519
257	449
867	1001
905	906
258	737
53	170
286	100
1017	1022
229	260
81	65
543	544
1098	1084
112	193
36	118
693	603
87	88
884	885
200	94
67	1195
872	873
777	778
592	593
475	392
33	191
810	506
135	453
628	942
140	112
596	597
797	798
249	220
225	247
88	665
613	475
921	922
70	109
583	584
600	787
879	880
128	104
591	592
1003	370
156	23
604	360
962	998
851	857
194	46
686	715
474	475
177	178
0	5
2	44
262	465
718	719
108	111
107	67
257	1031
1	0
1109	311
1158	1159
808	156
933	870
100	731
178	174
1164	1165
219	451
1084	1099
561	204
803	810
632	633
51	123
906	907
164	27
1017	320
176	177
1144	1145
43	821
478	199
410	980
1064	1065
374	618
1214	1215
665	136
1126	1127
1169	1170
26	288
286	732
1224	936
942	520
142	428
112	112
359	60
490	797
396	318
322	178
1207	1208
74	52
182	183
157	527
112	3
81	82
984	967
767	768
623	624
1010	967
745	746
1080	1081
537	108
321	340
332	368
1218	1219
52	68
802	803
986	533
265	537
870	887
426	88
783	121
144	145
1073	1074
607	503
985	982
967	957
960	186
721	722
775	753
387	1106
672	127
23	24
185	340
495	200
893	600
117	65
353	370
829	1052
258	740
666	665
1016	85
735	690
99	265
812	199
213	243
728	104
451	452
146	68
873	874
1193	368
1161	1162
360	403
1059	593
945	382
190	34
895	205
339	408
84	4
920	921
951	220
1180	1181
432	426
71	110
237	243
415	416
377	104
320	15
546	547
9	2
1197	1198
804	815
855	134
839	88
573	42
45	90
26	684
949	521
434	50
1127	898
204	376
603	616
576	789
990	121
145	551
1027	396
603	360
157	158
50	562
336	345
581	51
536	424
1213	171
860	861
1198	370
396	401
253	251
863	864
1185	1186
1046	1047
394	632
905	1140
99	133
524	153
1069	1070
902	903
133	9
630	631
551	78
616	78
582	458
923	924
880	875
190	429
519	388
487	488
305	455
166	42
184	122
959	960
260	234
453	51
791	1126
1086	1087
351	329
217	220
1154	1155
404	405
49	272
733	533
955	956
1071	533
186	842
34	35
445	444
171	67
740	222
739	480
897	18
712	25
656	101
147	144
1194	1148
151	118
339	847
470	471
49	23
7	288
802	1125
422	266
1110	311
710	172
914	915
734	45
160	133
749	451
603	639
3	46
983	985
675	108
941	174
61	69
909	26
76	67
46	126
828	511
1015	339
510	129
178	186
558	547
134	423
599	174
483	484
1146	1147
134	967
867	868
43	147
934	58
963	386
604	614
356	357
522	1175
929	248
179	511
342	371
959	964
283	122
135	596
197	198
987	988
1001	60
615	18
206	207
1191	1192
602	178
1149	867
1148	616
307	963
597	184
1004	117
292	178
598	311
910	25
302	61
710	711
5	6
773	211
1000	867
344	345
966	691
677	626
1066	173
970	1007
13	50
1029	1035
1053	1054
392	390
663	70
548	465
600	601
950	951
250	251
462	463
785	207
1137	975
350	351
724	725
361	362
143	419
395	186
402	347
336	337
334	380
33	428
133	91
134	856
865	866
1210	390
943	1008
820	167
496	976
678	685
67	131
55	905
119	51
793	794
1054	1060
88	99
737	950
1157	1158
821	72
67	219
484	485
1026	1027
668	390
162	98
851	879
427	98
709	19
1108	1110
131	67
78	537
1104	353
657	125
49	730
48	32
329	330
167	1118
680	382
851	875
1123	831
287	7
308	309
554	286
1151	1152
734	156
883	22
399	385
572	573
651	652
386	963
859	635
847	1207
1129	1130
94	53
638	400
1192	1193
33	425
1223	1224
156	383
1092	156
1033	1034
1142	865
124	89
200	71
342	343
411	175
389	390
1111	311
66	67
782	1132
366	367
661	662
703	660
799	800
400	360
385	893
278	279
925	310
532	311
1162	1163
557	543
952	305
779	849
216	254
723	286
211	752
961	962
20	34
202	203
72	65
217	248
17	187
517	518
73	74
298	571
156	790
550	560
935	251
520	521
1128	172
189	88
747	234
376	171
804	200
22	21
108	115
882	883
34	20
135	397
50	271
991	8
103	423
756	57
406	407
864	863
365	380
956	305
978	494
211	751
696	311
701	702
521	522
497	498
366	418
1040	1041
1108	1111
526	400
809	18
1138	392
234	446
1145	1140
659	878
857	890
1114	1115
135	686
694	695
449	1040
88	707
1090	1091
357	962
147	207
695	698
135	262
52	828
109	71
43	527
260	217
805	495
240	246
892	893
1044	615
314	326
5	20
569	104
360	928
1075	1076
852	904
313	314
584	585
1089	159
804	805
670	167
1004	990
402	1083
62	63
621	396
1187	1188
1182	1183
787	67
297	88
1093	796
410	496
964	1048
946	485
1045	564
1113	464
969	51
355	60
319	320
895	992
627	174
653	60
144	201
43	45
211	773
434	123
699	700
69	70
364	1221
645	404
1122	157
796	1093
23	80
982	983
276	98
640	641
1195	310
408	1102
430	88
898	720
974	975
42	711
260	261
1222	867
971	972
679	680
498	499
354	355
1120	459
635	619
267	268
1039	251
784	22
641	893
113	65
585	591
937	938
796	27
441	440
829	1123
46	119
973	725
650	311
288	43
888	755
274	139
542	543
217	218
953	954
619	310
998	999
453	361
339	321
260	436
153	72
682	294
403	615
742	743
522	1182
216	252
740	769
1095	1100
1147	522
88	266
894	986
80	686
211	765
674	66
305	898
380	381
635	646
1209	400
373	378
235	236
97	501
1206	847
1175	1176
759	659
1160	1161
349	788
620	377
64	65
574	575
1051	92
118	9
219	220
962	387
311	328
436	439
132	67
894	208
283	23
953	1212
654	429
1077	1078
880	737
101	33
869	870
119	62
167	168
371	349
617	347
476	493
42	45
3	39
1091	167
138	90
1143	946
823	35
217	255
240	245
144	53
1216	1217
421	81
1093	186
101	155
782	833
624	625
184	14
46	671
1119	789
997	998
861	862
447	260
478	506
135	659
566	282
1050	81
239	240
95	93
1019	385
191	192
918	919
1180	1196
103	81
414	415
116	117
371	372
916	920
190	1096
106	699
158	159
42	291
220	211
390	614
506	507
124	45
1171	1172
170	53
563	564
940	627
240	241
332	380
81	97
392	310
611	612
70	674
277	504
54	55
1139	1140
141	142
713	734
130	510
58	59
894	987
1173	1167
127	104
785	156
261	260
986	467
87	139
660	673
776	211
543	23
249	240
71	66
282	60
981	85
741	234
136	701
806	93
684	1088
1105	134
1184	59
617	375
53	144
17	32
140	71
303	304
917	918
932	902
148	95
213	258
1006	134
33	112
706	426
962	1149
20	895
323	285
625	626
736	88
841	577
50	272
459	894
225	244
985	959
160	137
603	619
473	357
539	540
208	941
358	359
690	691
1178	1179
461	758
692	693
984	964
9	133
528	118
792	325
676	386
118	37
642	643
1170	1191
1205	1206
1074	360
403	404
842	74
7	8
175	43
448	449
898	899
465	733
963	1105
450	230
337	847
472	83
924	925
429	117
449	450
108	839
422	293
726	727
1062	254
46	97
843	131
333	379
1200	944
312	313
101	1018
853	854
1097	1098
741	747
616	620
386	400
1118	156
1047	205
1005	307
968	43
212	228
509	178
285	286
81	62
859	779
993	318
217	745
410	108
443	444
51	133
390	1211
444	213
212	741
26	27
109	94
831	832
1116	827
1208	305
829	573
173	174
887	888
603	318
328	329
1192	1201
865	564
989	344
313	311
552	364
212	213
175	186
514	515
65	580
144	1133
180	181
590	237
284	8
1032	214
422	61
310	392
755	889
225	227
117	735
349	350
53	115
181	65
1012	307
200	825
188	189
45	49
136	51
545	547
447	448
485	947
384	313
209	1128
136	265
3	554
1179	1180
658	659
536	134
335	197
1011	388
77	19
957	967
280	281
1201	334
577	581
493	200
212	222
449	257
1159	331
729	49
50	51
440	441
844	74
94	1051
1076	1077
416	417
629	630
894	1011
89	90
847	85
157	190
183	37
1107	407
538	539
237	1028
143	9
702	703
317	318
440	217
210	211
360	970
927	928
720	721
688	689
291	838
135	517
781	164
1057	1059
717	718
708	709
565	595
193	194
1023	318
121	466
439	212
315	332
964	397
691	895
256	240
715	60
272	0
269	270
595	325
1078	55
368	369
455	454
3	38
643	644
109	73
498	506
460	809
631	357
295	296
88	63
175	176
454	455
755	756
1167	1168
571	284
778	464
576	43
789	156
208	209
456	457
262	264
52	74
531	311
614	391
113	492
901	303
279	280
186	175
954	955
67	140
45	420
290	692
547	548
360	342
81	100
307	313
442	438
161	293
671	672
258	237
217	439
1225	134
23	48
277	278
1034	213
30	31
155	101
893	627
352	353
405	1013
842	734
65	64
187	42
51	285
488	295
1049	691
6	5
1096	1097
9	28
741	775
790	190
709	486
838	837
13	14
1031	1032
520	1007
306	307
711	775
536	194
1056	1057
251	1040
401	400
171	814
1172	327
727	104
109	843
423	72
56	57
779	926
74	844
240	249
714	26
817	818
44	45
1007	970
760	914
65	567
762	763
1082	336
112	535
159	11
413	414
170	101
240	234
1190	1185
211	753
458	305
49	48
939	626
986	468
352	623
867	966
488	489
1124	667
970	688
110	107
1202	1203
212	239
1140	1141
42	166
501	189
819	820
270	25
107	35
890	357
492	71
372	370
1002	1003
0	13
260	447
185	186
186	791
1106	1222
871	935
1221	332
513	516
1212	737
916	474
1085	1086
807	81
118	151
559	8
341	342
397	398
200	144
211	748
1125	478
102	33
743	744
259	260
610	611
488	74
1189	1190
213	238
940	941
938	624
199	200
529	667
850	311
24	29
719	962
825	142
249	225
198	339
992	459
1176	1177
1008	1169
486	18
466	523
307	386
958	959
66	111
345	378
499	505
518	465
725	726
636	637
1141	333
665	666
834	835
522	1189
655	75
813	710
665	133
62	97
732	37
327	1083
666	63
1136	1137
426	96
482	89
93	25
1083	348
211	766
402	344
405	404
309	310
48	45
731	295
683	109
393	56
522	1202
71	807
48	23
212	237
578	108
604	307
112	102
716	717
216	217
801	710
26	711
420	83
786	68
81	63
67	76
24	529
795	796
32	48
1036	1037
505	816
222	223
522	1199
102	163
698	311
845	846
2	289
1174	314
263	8
332	333
256	1053
1029	1043
605	936
105	123
1088	11
364	365
597	687
169	108
508	66
798	4
907	908
57	58
311	317
167	128
976	979
878	884
603	621
43	26
144	549
337	320
543	75
404	993
21	18
657	120
301	302
744	217
172	985
15	16
1094	318
867	1150
329	352
469	429
871	929
207	780
211	750
314	391
560	478
970	403
205	208
271	50
689	120
645	646
881	658
827	52
912	913
207	291
986	523
586	587
144	72
994	374
126	12
775	776
1079	404
1070	467
1008	1009
833	834
345	994
424	33
228	229
71	200
265	133
78	572
965	404
1183	1184
344	311
746	747
47	48
149	101
794	795
40	118
943	944
296	37
639	640
333	334
145	824
67	115
407	1015
112	118
5	45
720	865
1055	769
59	60
775	771
609	610
154	977
622	198
594	75
1135	1136
1103	407
45	171
300	301
1127	894
412	413
20	21
930	931
463	464
205	1010
503	277
72	77
112	107
378	1083
875	876
353	354
217	744
357	385
423	1131
123	115
660	669
840	46
995	867
26	164
398	399
525	186
1199	1200
303	902
357	371
123	273
207	782
192	139
899	900
400	1073
198	199
78	182
391	368
1020	1021
1100	320
597	134
647	311
229	230
455	456
479	339
405	993
437	438
815	499
75	262
391	310
438	214
426	705
433	122
147	823
478	524
851	658
982	984
196	197
975	311
761	251
1121	115
471	316
5	9
452	232
338	339
767	770
1102	1103
269	271
234	235
457	458
947	37
1168	903
891	357
373	374
48	13
90	434
866	867
1165	1166
321	324
854	855
988	404
14	15
871	592
763	764
691	307
836	620
1204	1205
1037	213
830	831
419	9
637	638
215	254
1018	199
51	290
201	108
291	667
298	120
400	385
62	81
43	791
494	25
1203	520
688	970
896	897
858	859
294	118
86	67
697	695
134	626
589	590
385	386
730	108
1101	408
977	978
311	389
823	108
19	17
446	225
33	115
152	151
1061	1062
1134	1135
318	345
120	122
374	375
544	545
846	464
434	99
1024	847
332	617
826	511
1029	1038
747	451
758	759
805	506
101	115
481	9
223	445
796	573
1058	67
562	566
211	215
272	1
51	469
219	259
263	723
230	231
1042	223
318	1026
707	61
50	490
424	46
396	1084
444	258
534	3
45	28
434	482
1177	854
409	410
1117	460
299	112
555	556
55	903
123	105
1156	905
466	467
203	204
283	284
986	480
21	288
922	923
541	542
1065	615
220	250
550	145
40	41
225	232
346	347
824	825
1115	85
275	46
330	331
382	319
223	442
378	347
489	490
1053	741
36	37
342	361
691	990
304	305
82	46
500	811
774	775
43	842
791	323
234	240
286	80
1186	1187
507	817
849	850
311	341
49	792
108	840
31	32
322	85
530	531
889	232
700	139
516	381
90	143
813	805
324	325
628	1075
829	796
410	502
735	564
681	682
648	603
164	782
125	469
147	822
738	658
469	434
186	796
972	603
1048	1049
33	101
78	552
160	143
1099	369
894	206
109	1129
88	161
1013	1048
160	91
225	226
704	174
150	108
10	11
587	588
1153	1154
908	903
876	877
103	117
877	659
926	927
23	491
606	279
634	186
1067	1068
512	513
1028	1029
885	886
1087	311
156	157
281	282
113	50
109	43
685	407
6	7
364	620
535	577
1219	1220
63	64
23	155
400	386
151	152
667	291
396	313
224	225
822	377
1112	1113
1041	1042
635	649
326	327
273	297
1057	763
93	616
101	108
407	1023
151	34
168	104
902	303
1220	962
1148	1210
32	17
1081	782
780	781
362	363
477	478
1021	360
185	195
664	63
644	405
67	19
1217	310
520	943
553	3
65	72
83	84
108	578
92	568
119	286
1029	1030
1014	135
646	311
347	348
656	46
649	311
257	237
51	126
435	298
900	870
578	579
757	461
286	483
108	112
1152	1153
1071	468
527	157
601	173
996	997
1116	616
1072	396
1025	522
100	33
78	79
217	221
608	609
552	290
128	511
1068	867
104	841
556	557
157	16
1063	1064
916	475
564	931
53	95
936	689
652	453
754	757
71	114
911	912
166	1092
948	669
233	234
904	55
588	589
1155	1156
383	37
85	411
931	104
478	154
769	254
340	25
274	96
343	344
115	95
522	1024
800	155
1060	220
66	114
848	1174
108	33
431	432
262	123
225	242
669	772
171	294
1040	449
1166	1167
1022	204
662	70
211	593
268	269
570	124
165	166
75	80
103	112
9	179
772	388
150	19
980	981
719	1104
496	200
979	321
252	220
999	60
