35	593813
39890	1154233
3222	1131137
91581	31863
33231	445938
561610	561595
594047	1129629
15987	1127530
90470	106590
887	265203
424	1135125
4329	1110768
853118	1140289
6910	1154103
64271	73327
14429	73119
307015	1131198
35	1117476
18811	20920
68115	47684
610529	1153946
6215	1120170
29492	1112426
197452	1135894
40131	118079
152227	987197
3828	1152896
696343	1133428
18832	1122425
147870	1109185
289781	801170
662250	1132073
3229	96335
145176	40124
3231	1102761
182093	197054
1717	1116336
19621	948147
101143	101145
45189	192850
35	1129018
10796	1135358
756061	1136110
15429	1153160
85352	1153280
89547	237376
74975	1128407
2665	1132968
133563	133566
3231	328370
8875	1152676
4329	28254
12197	111866
15892	1118388
642641	645084
400356	1120777
12182	65650
4330	1132461
35	1137466
74698	134307
179180	1110563
154982	1133028
175291	52784
5348	1114192
6910	1132083
424	47684
6786	714975
10183	10186
267824	1153195
66563	1123530
85352	1114331
1997	1109542
1365	1106287
65653	1112319
1035	1034
227286	1115790
906	1140040
49482	7297
6814	1117348
4804	1108175
1365	1120211
40	1109017
2653	1116268
36145	1104055
10798	434
59798	30895
194609	563613
14062	1152358
24966	145134
70444	1107215
33231	1105531
646809	1131374
28287	56709
28542	124064
6213	1106547
39210	66986
67246	31769
1365	1154169
2665	631052
28350	95579
6125	28641
10531	194617
56119	1104999
50381	62274
573964	513189
205196	950986
2440	1061127
54132	59715
4329	105899
39127	592830
6151	6213
34257	1114398
127940	243274
12169	989397
14549	592830
39126	1107067
35	1136814
107177	1119751
1956	1153150
4649	1105887
5064	272345
35	259702
263482	1114512
56709	1128959
105856	193931
1955	1110390
35	1112911
28385	1106112
3231	636098
102879	9513
131042	40125
6898	1123188
35	1131752
135130	1105221
35	573978
285687	285675
28487	95586
13212	170338
25805	1110028
16819	644334
8699	104840
90655	1122642
3236	1125467
35	579008
111866	249858
27627	116021
519318	1125906
238099	1127851
643221	16819
33818	1120138
3229	16461
2665	1132486
33231	1132887
6910	1152150
189571	1154232
561593	1131223
129045	1121313
7419	1105764
233106	12275
8594	1132809
24043	1111265
114	1106112
3191	423463
82664	3097
12347	72101
154982	1121867
3112	470511
284414	1115456
13972	1126050
25794	582343
27243	1104851
5348	139547
141342	78511
1365	1108050
69198	411005
36620	189620
83847	1106287
646334	646357
12576	1107674
644441	644334
77758	25772
9716	6539
593022	1128946
2696	2698
6238	1130356
633081	31489
240321	1132434
8703	59244
751408	1135899
42221	42209
35	1154459
645046	646334
20601	20602
1481	1120563
54131	593859
52784	1104851
144701	1112911
61069	975567
16471	273949
853155	853118
1717	1135108
118559	1108209
62607	294145
19621	1114442
6213	628668
144212	1131549
12165	1107567
28632	32260
40605	40583
35	1956
162080	1109830
521252	1125992
189620	1129994
739280	746058
1246	1104007
87417	1128453
103529	1107171
593155	593240
249421	1127812
325314	1122704
35	594543
27623	686030
73712	1112194
174425	174418
633585	884094
2665	578309
763009	1136446
12576	416455
6771	65653
35	1129573
4274	1105428
31055	1106630
91038	52515
578898	578646
20193	1119180
1481	1117184
75983	1106568
6213	6214
631015	631052
644361	645016
6782	1123068
141342	575292
39127	46476
5462	227286
2695	1120197
910	1114118
575795	1128975
36131	1152633
2440	6917
178718	1110546
22386	38845
513189	576691
8619	175291
154023	154047
6214	628500
6385	1103162
1272	444240
389715	107251
202639	643597
910	31043
102061	509315
337766	110162
255233	33303
27531	1106370
6923	187354
34263	90655
853114	19621
4330	168410
19231	12960
10796	46536
641956	1131149
16843	1152991
119712	1114118
255628	1140543
141342	40
54129	578649
307656	270085
189620	1133417
91853	1110579
649739	1131464
235678	235670
1272	636098
48781	1120643
1365	949511
16819	1131274
42848	1104379
159084	1152711
35	1152508
6346	1112075
7419	1117760
45533	1104495
358884	358894
1272	520471
25772	1126503
33907	1103960
29492	1122574
58552	1113828
35	1130847
230884	1131607
630890	1130678
78557	1120138
12182	1153183
152731	1109392
35	1152421
423816	1134865
647447	577331
15987	3192
2696	1108050
3217	86840
578309	578347
563613	1129572
65653	1105450
23116	1111978
66809	82090
10169	552469
50354	123556
399339	1120731
4330	1132459
576362	1129629
643221	1131334
41714	197054
3233	272720
578646	1128291
58758	1128208
135798	1108656
35	1131116
4804	102884
95597	95579
61069	28456
3084	33303
6784	1116629
49720	49753
645016	1154071
40151	1104261
531348	531351
561568	153063
5064	1120563
1953	1153166
8224	1128531
5064	5069
4335	1136310
18781	18785
210871	595157
46079	1152569
97377	211432
56708	28287
2665	1122704
289780	1128453
593091	593248
51180	1107319
683355	683404
2696	256106
66782	1105505
123825	447250
1959	101143
3191	137873
263498	1152761
6741	1130637
486840	1128975
82920	1153943
117	28387
35	1131557
35343	1118332
57922	1118658
1365	1129443
58758	1128204
66594	8821
1272	1128256
683294	682508
17821	245955
1365	1128839
47839	1124837
187260	1110950
202639	242637
1237	102938
73162	653441
7272	1136446
302545	1152858
6209	95579
119686	198443
10435	41417
1365	1105062
155736	155738
35490	95188
3095	110162
59626	6125
6214	399339
3828	310530
779960	1137140
12337	16451
397488	1120643
210871	1128151
649731	123825
1955	110163
1717	1115291
3191	1131267
49844	1127851
245288	1122460
101143	596075
10435	1103394
2658	1132948
288107	1123215
25702	1118848
12638	6898
936	207395
153063	1131223
738941	1135455
134307	134316
755082	1136393
45533	1115456
5600	1022969
47570	385067
7272	763181
54131	593942
251756	1102550
6151	1107355
3229	83826
423816	48781
6786	1106789
521183	1125992
6334	1152975
184918	171225
162075	737204
126927	646286
86258	1106418
154982	129897
13654	987188
18781	86840
123825	1131634
85324	299197
12576	1071981
35	593260
14529	1114864
8865	8875
10183	1114336
2440	63931
289945	48550
579008	594387
19045	593210
67245	31769
132806	45599
3220	1130634
126927	126920
15429	57948
70520	27631
35	1113831
6213	13960
3218	66782
4878	1102567
3229	31769
38845	1110579
575077	593544
24966	1154042
601462	1129369
6311	235776
27249	368431
13269	17476
189572	1134348
128383	1108329
35	576795
578337	696345
16008	3191
126868	1108258
3112	110164
4804	976284
84021	18582
6213	6215
35	1153577
32260	62274
645897	126927
66990	1117501
503877	1154076
693143	695284
39890	1123689
3222	1114222
387795	128540
6216	1113739
6220	134128
35	1127430
17208	95435
561595	561581
28640	1059953
35	66563
1026	1102550
656048	1131828
35852	1035
4584	1128839
16819	1131236
42207	219239
395540	1130676
2654	1106630
4584	1130567
753047	753265
193352	193354
126920	103543
887	1111304
144701	1136342
753264	767763
853115	853114
190698	198443
82920	307015
13024	899119
95198	1110579
1272	30901
227178	1114502
55403	1128531
206524	48075
27623	686015
824245	1139009
739707	950305
28350	1129243
641976	672070
2440	1110426
18781	1108175
592826	1128935
360028	1118823
4584	6214
133553	1120049
95719	32698
45533	34266
141342	70970
6767	1106103
12210	1112574
531351	531348
66751	693143
31353	286562
1481	1108267
38846	1128407
22566	10435
144701	1128975
101263	1139928
217984	1112369
1026	1129798
85299	575292
248395	1113828
77829	470511
56115	62718
30895	1152277
3233	1125467
672064	6130
124734	1108167
22229	1103383
100961	60169
66751	1135750
27606	124734
6213	128
126926	126909
130	13960
6639	591017
1365	1114605
78552	33818
134199	164885
31489	1130780
173863	116790
280876	1115291
49660	3237
562940	1127619
6196	28387
107251	107252
177998	1110515
128203	128202
35	1128985
8591	167205
66596	362926
853115	853116
762980	1136446
20602	12199
54129	578780
35	46431
2696	1123239
58268	137956
8687	38000
503883	646913
35	82098
626574	1154012
117	149669
293974	1125469
4637	164
46491	389715
2654	463825
35	593105
5348	1108050
14429	1103031
574009	594900
427606	1050679
3233	1114222
6343	1125992
1999	1131471
714208	189774
23507	23502
9716	28674
24966	145176
50336	13269
421481	375825
10169	1107067
56115	135130
99023	578306
199571	46431
430329	127940
10169	39131
22835	1110563
75969	1128935
83746	294239
73119	14429
9586	1120138
346292	1152958
1365	1114388
154023	1112106
80491	80515
60159	399370
117	28471
152483	583318
752684	1135955
4330	1103676
521207	521269
45605	1131639
2440	1117786
634902	634975
2658	696346
15670	12558
27199	148399
8619	36145
506	1102364
1365	1119140
219976	1116410
61312	1105231
35	1128204
118260	230300
24043	928873
262121	1114442
59798	27174
278394	627024
54132	1128985
10981	1102873
14083	1103016
219446	1112426
3218	1106492
1272	1120962
5959	545647
1997	7032
671293	1132443
35	561238
205196	628766
815096	205196
16819	126793
20601	1121537
114308	63835
11093	39199
72908	93923
642894	643239
13212	1105148
128540	387795
38722	81350
1959	1152896
22883	22876
127033	1108267
202639	1123087
35797	100961
10531	686532
39199	39210
642894	1131301
35797	1050679
1365	1110998
166989	1110028
194609	126128
7047	14549
8581	1120059
3229	1105718
27627	105899
154047	1112106
8703	51866
400455	368657
46491	51834
35	1033
27606	111866
77438	158172
5966	1107861
39403	130
6910	263553
4330	1109439
1365	1131748
205196	1130568
35	593091
6169	170338
58540	181782
82920	1129367
23507	649731
195792	19045
35	640617
41417	1113551
562123	560936
34266	34263
1481	1111614
114	1118332
27510	1110998
71904	95718
232860	1113084
714289	714208
521269	1125993
44455	227178
227178	593240
4804	12182
35	41714
210871	1117476
6238	84459
12182	1106418
35	801170
28202	1114629
12158	12199
141160	917493
16471	1104787
2665	1113035
653628	1133930
8872	1125092
154982	1130934
77829	3112
5454	1130680
33301	1022969
82090	82087
35	1127913
648121	1131420
35797	1116629
8872	229635
103482	27514
73162	1134320
117	28278
75695	911198
746058	367312
35	1109199
164885	447224
35	178727
1365	949318
62676	312409
3243	1110947
3236	3233
108962	159897
35490	1116410
1365	648232
910	340075
119686	987188
8874	1153816
5064	1121176
52847	1131471
2440	1119295
19621	649739
28412	6217
108963	108962
318187	1116922
13717	38000
22886	1120444
633585	40605
64271	1152244
1365	950052
167670	1123068
906	1136397
6910	169279
40605	884094
45603	1104647
39890	242663
4804	1153262
936	129558
55770	1114777
1365	184918
127033	416455
287787	634975
110162	110163
4330	1110438
187354	1117786
160732	1128853
36131	17208
12350	12195
226698	1122304
644363	645016
22563	3220
561613	561568
210872	35
192850	272720
672070	1132443
117	33013
2653	1116842
11339	211432
38722	65650
644448	1131314
28487	1153056
33895	1103960
733167	1154276
3220	40922
375605	1119505
241821	1152711
523394	714975
124296	51834
216878	1117618
1272	93923
12439	105057
1365	853150
96851	594387
8594	8591
434	267003
114	6196
62347	62333
14062	1154459
259701	1114331
8079	105057
1365	436796
3101	110162
158812	1127812
195361	1111304
135464	1133004
3231	20850
8872	1152761
16008	1105531
16485	1109891
14428	1103969
43639	469504
193347	612306
103531	1107171
18770	531351
646286	6913
2654	1107861
430574	1105622
682508	1132857
27174	25184
18536	1106854
6213	193742
133550	1109891
82920	35
643735	643734
593201	594649
6767	69397
8224	1153866
114966	1125258
286513	177993
28359	35863
578646	1128319
523010	1140543
3220	1132706
40124	1104258
219218	1112417
15429	35854
96847	594025
163235	1109873
198866	73327
32260	94713
449841	1123093
642593	1131163
84021	1106298
14807	1111240
23070	74698
2653	102406
155738	155736
103531	656048
2696	469504
6741	1153160
75694	214472
16008	523394
4330	1136393
633030	633031
3229	82098
14549	1103038
137868	1110000
643221	1131257
45189	192734
8865	785678
141160	1131345
147870	1132434
645571	645897
8865	1129570
33904	1110546
13213	1152143
73146	1108389
5062	1120563
142268	134316
128	1114125
134320	23069
177993	1110515
1365	1132968
116528	1110438
51180	50381
9716	1153262
608326	1129683
1272	1102625
358866	358894
6935	1115670
35061	240791
137359	1118286
13652	13654
83847	1130678
20193	1153879
20193	1108597
593060	1128977
40135	13686
6378	1129208
628667	628668
94229	1111733
261040	1117184
35	69284
6775	1111240
33818	78549
94416	1106764
50980	73972
644448	1131258
31927	1129572
39127	116087
77758	1131745
62676	14083
2696	99025
117316	117315
12182	28640
235678	689439
10186	86840
79809	79817
10798	18619
18832	81350
6213	1129096
15889	1110024
40125	1104258
34257	1111186
26850	1114605
646913	1131359
23546	27230
28290	308529
7032	1109439
273949	1114992
75318	1121569
910	755217
646289	6913
22241	1103383
503883	646809
54129	578646
131117	152219
34257	1106771
123825	1154276
87363	593328
42156	1118120
73162	714879
3229	396412
5348	911198
35	198443
463	58454
13658	1115959
193352	1129835
6378	1122425
134219	1112075
240321	675649
82920	1127913
340299	74427
573553	1138970
239800	95718
120817	1109873
20193	566653
205192	578337
910	48550
14531	592830
714289	1154230
45533	1116974
12197	68495
341188	1117942
2440	49843
3192	310742
35	132806
15429	175576
35	1153943
70442	1107215
144679	1114239
10798	10183
10430	3095
14545	1103038
93923	6941
8865	103515
153063	561610
12337	1129683
108963	1095507
1481	1114864
41216	1104300
78994	662279
12195	1131611
23738	1153064
6334	1107067
38205	1153942
4584	28278
910	1122460
1997	1109439
8865	647408
714256	714260
179180	139865
6925	372862
575292	1131734
733534	948147
648112	1131420
3229	1152673
23070	87915
36140	112378
51879	22883
41714	1033
6311	1114864
709113	1134031
648369	1131414
3229	1112767
79809	1121659
153598	1113459
575077	594649
12576	56709
194609	1129572
594511	1153899
15076	25702
561364	642827
1365	1110494
49811	3233
14531	1152308
2354	1113852
57119	592986
143801	284025
49482	631052
3220	1131728
75693	214472
13205	1105148
246618	1113742
6910	662416
3235	1114222
171954	820662
289885	1115701
31353	1124844
675756	1132505
57119	606647
37888	1108389
6238	10793
12347	16451
1481	1153891
15889	1118388
46887	1111788
1952	1107215
399370	60159
1213	1154525
19231	1107572
20584	1106849
7532	1121603
77826	3112
2658	1135899
34257	1116974
522338	1132864
6213	1113459
114	976334
262108	1114442
28267	1152896
521183	521251
15889	175909
6130	1154123
12576	574710
51866	27535
579008	1128978
231198	1153195
6213	399339
887	595056
35	1050679
3191	105865
35	575331
85452	1120169
261040	110164
4330	1112929
3218	277263
6214	95589
3112	103529
31353	1107567
642894	1131335
613409	1129907
20193	1138091
3229	1128868
601462	1129367
12195	1107319
8875	18582
3243	368431
80491	314459
688849	1133010
3231	1128536
289780	801170
7537	314459
503883	577331
136767	348437
40	116552
13195	1120731
35490	64271
7297	7276
3218	35070
108047	578898
134315	23069
36167	20528
22229	595193
592975	592986
137380	1108728
8224	11342
941	20180
230879	1132948
12198	12199
649731	1131464
31083	1123068
42848	1116835
69198	231198
73327	1105810
6213	6224
135464	1135589
640617	259702
20180	91853
3217	1000012
8703	502574
142268	1110209
593104	1129015
509379	1125393
44514	210871
34263	1122642
6169	1130567
39890	523394
114	124064
81350	892139
19621	6184
170798	656231
145176	1112723
46470	1105450
89547	28471
8865	608292
259772	1114336
853114	853116
19621	1128846
8224	601567
131317	411005
38771	1104191
215912	31932
3191	1106789
20193	1130657
17476	1103162
117	341188
38205	108047
10174	10186
12169	1119471
39130	346243
108974	66794
5055	1104851
459213	1123530
4329	510718
2354	1107140
101811	101662
6935	1000012
166420	1119751
237489	2665
288	1118092
578669	1128943
28964	1125944
159897	310653
3191	642827
82666	101143
7047	1135082
400473	131117
270600	1114838
13658	198443
643734	643777
114	191404
12182	155736
25805	1108167
575077	608190
134128	1113182
17208	1152633
67292	1105530
70281	1105672
1481	1119295
35852	41732
8224	1111788
11339	45061
174418	307336
6925	1114526
6125	1107572
6213	1385
65074	714748
23116	1105433
693143	573535
753265	753047
714260	559804
202639	144408
3231	68463
643069	1131192
133553	105856
8874	395075
3220	69397
33325	1110256
75674	1109957
157401	1118017
17476	1122425
56112	1104999
459216	1123530
626530	626574
7867	1138027
662416	1123188
35	1103985
35	229635
28957	28964
17488	1103162
459214	1123530
523574	1154229
171954	1110256
105865	193932
3229	35922
16008	3192
645046	1131301
307336	285675
853115	853155
503877	1131374
3085	83449
2354	10186
31353	10531
193354	1129835
10169	49660
3243	1113739
82920	81714
579008	1128943
31083	48066
12195	1132285
591016	1128856
12350	101811
4584	1120020
131318	411005
115188	1107728
20592	20593
114	1114125
334153	1117618
28278	1107312
13656	1120431
65650	1105450
102884	9513
8703	353541
6910	431206
114	28227
54844	1104946
6214	38480
4330	69418
230884	1132486
592993	593105
6923	93923
645088	645084
3229	1130915
6639	568045
6767	1120444
28287	387795
408885	1154173
887	299197
6814	315266
63915	145215
82920	259702
35	210871
42221	989397
240791	1113438
179702	1152859
18834	1152944
3229	948299
3191	308920
28290	1104999
6152	299195
8687	1102751
10981	23507
10435	22566
74920	1105877
54129	594543
189655	559804
684972	395547
106590	1129994
136665	23258
11335	11325
10531	1130634
2440	49847
284023	1152959
28350	1109957
28504	1139928
213279	197783
40886	1121459
25805	1121063
643199	1131198
5348	342802
642894	1131180
286513	1131557
38205	61069
582343	1128437
39890	51045
504	1102364
56167	1117184
27895	105057
2658	1130676
14430	1119216
23507	1109392
22875	1110947
8874	8875
35	1128227
35	646809
137790	128203
105865	193931
27246	1110390
35061	503871
145315	649944
910	67292
5600	1117833
5959	1102625
35	1129778
235679	235670
75969	1128856
6210	1120731
260979	1114388
10169	20850
27631	20528
89416	1106546
1694	39474
10531	1129442
643221	1131236
16843	1152259
35	35061
74921	1105877
17201	1118245
54131	1128982
6196	1120731
126912	103543
6130	1132461
35	44368
642621	1131258
4584	1031453
13195	1107312
79817	1131466
137849	1115291
3192	5086
55968	892139
941	28265
3236	601561
348305	193352
6923	1155073
60170	399370
1997	1108551
6213	1129243
92065	1106671
74937	1105877
576973	1128208
2665	1130808
93555	284025
27530	27531
6334	200480
202639	1117348
85688	97892
2654	27250
6155	1126029
35	81722
593240	1136791
2698	1114192
97645	33907
31353	31927
753047	1136631
87915	23070
14430	1103969
31489	40583
644577	1131305
193347	193354
123556	141160
608191	70970
116790	345340
910	242637
34961	22883
118424	118436
616336	689439
10796	93320
513189	787016
117	39403
28387	1107312
73323	1105810
43165	1131195
101261	101263
12576	1129573
368605	1153003
35	594900
853115	19621
18777	73146
671052	1132406
578646	1153900
644093	1131236
15429	10169
77758	613409
87915	1153786
22564	22566
578337	1132486
202520	1115701
735303	735311
10796	1110947
445938	315266
83461	954315
35	1123756
20602	1108167
144408	3229
123825	1131464
2696	1113035
78511	575402
642930	1131184
35061	144701
593329	87363
5348	2695
35	1153280
644577	1131301
593544	1128982
198653	1130539
10177	12198
34263	87482
13654	1115959
6318	1121057
662572	431206
2658	1131607
119761	143801
739816	1140548
6213	1113182
467383	1128977
118559	1121739
46491	1118823
58268	13024
77826	470511
95718	32698
6213	28202
5348	1118083
633081	40605
83826	1106287
4584	28287
112787	1120444
42156	1152179
3085	30973
582139	1130680
756061	1136447
28851	54131
354004	1118546
887	64519
633031	633030
578306	578347
3229	447250
20193	1116839
103543	126912
20193	1130653
253762	23116
100701	1107041
647315	1154076
35	415693
54132	594387
238401	1125386
628500	1130600
54129	117316
27203	1106418
114	28387
910	1126044
641976	1131150
189721	1129518
6378	28473
346243	521251
446610	300071
267824	69198
33823	1119004
466170	66794
24966	1104449
6214	124064
817774	820661
910	1152194
22431	49847
210872	210871
1365	950305
3232	20850
1956	1111899
93318	1126050
118259	118260
3231	104840
15892	1116146
19231	1153736
2354	1130539
108983	108962
27543	1135125
1365	83826
133615	1128531
10531	31336
20601	12158
521855	519353
137790	2354
6169	1114629
389715	107252
27510	1128990
642847	642681
22386	1107010
77438	1153262
171954	1135750
83449	218682
41714	190706
577331	1128227
384428	1120019
562067	1127566
65212	23116
205192	1132968
648112	1131421
120084	1140543
14531	1105932
15984	158098
545647	582511
654339	1131741
177998	583318
39127	1128927
175548	753070
103482	1114388
4330	118436
573535	693143
117	38480
198443	190697
74975	1107041
35	1114331
4804	1112574
593560	593559
3191	310742
684531	684372
4335	1121254
141342	1119708
8224	133615
6334	3231
12576	28290
2663	1119671
300806	1133010
13966	13960
3229	7022
739816	1135894
12576	63832
574264	576795
6346	1106103
35	97645
35	1153853
166825	1118388
578337	99023
27623	1104182
628888	628764
632874	40583
46547	1786
24966	1131267
1272	552469
20193	1153877
18812	510715
18777	1112686
1272	1108167
32083	1113995
139738	1108834
8703	173884
262178	1114442
19621	649730
9708	181782
24966	1106370
16437	152219
56119	1105221
23507	217852
197054	1125092
18832	18833
37541	1119140
375825	1119623
74749	10186
129042	1121313
593209	593210
117328	1115166
3220	429805
126926	103543
116081	116087
20193	1152244
689152	289085
416867	1121537
151430	1115670
6184	1120731
103528	103529
16451	118436
628458	628459
20178	38829
102938	143676
48781	1134865
18811	1106401
13686	1272
145215	141868
35	1128945
3229	1108209
69392	1132461
17798	1119987
5086	1105698
2658	1130808
35863	134060
239810	359067
16461	1105603
130	345340
19621	330148
180301	1110628
203646	1116569
4330	119956
134314	134316
2665	99023
1365	1136422
87915	1110209
368657	400455
5086	3187
8865	395075
31353	1123576
45605	975567
561581	646440
117	206259
77108	77112
272720	192850
2440	1120650
3231	1153169
561581	561582
38845	1107010
368431	30901
191222	191216
264556	335042
32083	1153933
1688	647413
202522	446271
28202	325497
9708	1153003
263279	1114502
85352	577086
278403	627024
910	1135137
57932	6925
18773	167656
31353	1063773
85449	1120169
709518	1134056
6913	431206
4584	6196
45189	1132385
30895	144679
35	647408
576725	576795
35	1128959
114	193742
3222	1103737
6939	1116922
887	35490
178209	1000012
645084	1131277
22229	243483
4660	18615
14430	1103031
87482	34266
85452	1152290
315789	1138027
5869	1110520
1688	1134022
107569	1107385
1481	1113934
458439	1123493
7041	1120880
124064	6220
95188	1110579
910	1116569
35	1133196
37483	1130539
85688	6539
3229	1126037
28287	128540
14529	239829
35	190697
62718	127033
578365	578306
910	1105530
13652	83746
1272	1129208
81714	81722
7296	763181
52515	300806
141171	1121569
20193	1153889
10796	30895
54131	59715
28487	206259
232605	25413
58758	1688
78555	78557
2658	696345
46887	1153106
2440	1000012
3191	561364
157805	6539
8821	1102761
19621	1106287
28964	1125402
28287	308529
19621	240791
260121	1114352
73972	50980
887	10796
264347	1153183
237521	2665
129287	907845
118435	118436
13208	1105148
7272	7297
321004	1117049
175909	112787
82920	1119708
36802	1108389
84021	1133047
219239	12247
8961	1133390
235683	235670
573964	787016
910	636511
4330	1104449
3231	1113926
39165	1131137
592996	1128978
634904	634975
3220	120039
192870	1111186
644843	1131274
814836	1138619
112378	1121459
13658	294239
1026	1105231
12638	119761
282700	1115375
35	1129027
15076	708945
1953	1153724
46452	1153091
397590	1120650
10435	208345
7297	763181
39131	1106330
39127	1105932
1688	1103985
45052	1131266
19621	1126044
46501	1153275
52003	1104809
36140	350373
15429	1107572
575077	117316
54132	593921
70970	593068
38205	1128997
3231	8821
212097	1112071
20857	1127863
65212	1154042
22874	22876
10177	15429
578845	578645
205196	628764
27895	1122580
683294	1132857
263486	1114512
24974	1112723
763010	1136446
28227	20526
193932	1111240
155158	397590
675649	1132505
3231	3237
62329	251756
52007	1104809
16819	646195
4329	395547
23258	168410
24974	1104258
108962	108963
34257	1122642
3229	1108834
711994	1134197
255628	1135589
1246	6125
566664	3085
6741	348437
22563	1103394
35	1130856
100197	193931
1688	44368
6213	299195
252715	601561
8961	1103610
74975	38845
58436	1114239
84020	1106298
340078	928873
43698	1129442
16471	1126044
182094	197054
643239	1131312
12199	1119471
57773	1154524
284025	119761
416964	127940
4649	1127851
589923	590022
145315	294126
158172	445938
136768	136766
118873	1109566
1481	200480
148170	1109199
6213	6210
20584	20593
2653	350362
97377	3240
230879	696345
72908	1127863
35061	210871
35797	60170
191222	708945
39890	714975
133615	1153866
35	578780
31353	1129608
5966	1106388
50337	396412
29738	155277
64519	154134
7419	1107312
431206	662572
37884	300071
645452	645016
561674	1127541
27543	27531
3101	110164
39890	3191
81350	1106172
626530	1130454
3085	15889
654326	1131741
54129	1136791
943	1152896
25772	1122580
1272	1123867
22229	1107418
576691	1128198
642798	644470
561789	1127551
17476	170338
321861	1117089
46500	57764
6311	1115677
13885	1104379
592973	592975
35	1129683
28350	341188
289088	689152
19621	631052
124952	1119742
230879	1133428
153063	561593
51866	1119078
50336	390894
27627	28254
23258	1106052
66990	1152490
626531	1130454
41714	190697
12330	1152490
6216	976334
3231	200480
8696	1102751
385572	1120084
28350	13193
9581	1130780
315789	1139195
1246	1102400
94639	141324
35490	1104031
24974	34315
365294	7430
14529	1103038
4804	68505
12576	575795
114	1117942
243483	459214
1365	1031453
175548	105856
35	45599
653441	1134346
39127	116081
35	1128453
12330	213279
3218	1119987
20924	1108267
62329	650834
190706	144212
1365	1113995
137868	1131300
35922	390894
139865	1108841
94641	594387
16471	1114992
4330	1152917
64319	111866
22431	1110426
25772	1104769
1365	1114153
1688	1133338
28026	5064
51934	14545
84021	509233
95594	1153287
144701	1128997
35	141342
6209	181782
520471	1125953
3231	63477
3229	1132418
1035	1110515
6163	1106966
31353	1152162
40151	1132418
62417	1107558
137359	1108728
20923	1116530
218682	22874
28336	108047
9559	1102794
8872	1153860
1365	1120866
633721	1130915
11339	11326
56167	1119178
38480	1104182
83725	12576
114	7432
293271	293285
235683	1154524
28290	56709
11335	1153264
576795	1128201
2665	1105574
11326	11339
152227	1139928
254923	108047
75318	103430
92589	173884
6334	20850
59798	1152277
18777	103537
194609	1128868
34979	1104007
16474	16471
217115	1112319
5194	1152714
28265	1152436
645870	1131301
75972	1105932
2654	1121867
627024	911198
158614	10169
519353	1125909
643221	1131305
3233	976284
127940	1114364
733534	1135122
200630	643734
654519	1131754
2654	1123926
51909	1105428
2653	1104055
31336	1129442
4584	1102550
887	299195
89335	59244
45189	1105450
12330	107569
91852	20178
24966	239800
35797	60169
10430	1120713
17477	1103162
80515	1121603
189623	683355
3229	1109392
16476	1123087
3232	20942
189574	1123689
2440	212777
10169	711598
5055	1119751
177115	5069
561582	561581
35	128540
114	1103315
1365	1116347
77515	9513
117	6170
6224	6163
259702	1114331
1365	948846
6334	1116268
8703	308232
114	1111052
89547	1132385
134316	1117920
3229	62347
6214	93320
242637	1113541
135765	6917
156794	1109581
6910	1117219
4804	989397
65074	23070
8617	1116268
591017	1128856
20179	20178
230879	1130808
36140	105057
1365	560936
2696	1114192
12238	101263
1949	129042
578650	1128291
23502	184918
31483	118682
6213	124064
178727	1110546
335733	643199
444191	1154068
116021	12960
135766	135765
579108	1128314
2653	1118764
17363	444191
169280	1132083
22386	1128407
1365	1136442
314459	1121603
35	646837
32276	84695
64319	249858
14090	1103016
27530	1106630
126927	103543
29723	131315
6213	1122425
7537	1153097
241133	1113459
45188	976284
6214	6215
27199	248119
230300	118260
4649	411092
18815	1104449
189708	149669
910	1129111
621555	1130243
22563	12439
31489	632935
89547	1152379
628751	950986
35	197054
644494	1131314
887	161221
169279	1132083
648106	1131421
2653	28641
612306	1131719
578669	1128978
643221	126927
114	434
887	114308
6214	13960
654339	654326
75121	1105887
20526	1118092
6213	1117760
18777	345340
3095	83449
35905	1152272
6913	1105011
310653	159897
22229	1128369
4335	116790
73146	18774
59626	102406
108983	159897
34355	1103979
14429	34082
6639	116084
38722	1106172
2440	6923
1365	340075
503893	1153577
409255	1153097
63931	1117786
44017	1106492
424540	48555
12247	1119471
28227	6169
134199	1114331
94639	62634
14428	14431
63931	13717
28489	13193
35	27510
3231	1107067
205192	99030
91975	1113459
643485	643221
98698	84021
6784	35797
66564	141324
110163	110162
34266	1122642
117315	28336
6213	1105764
35335	168958
134314	1116044
2658	282700
3222	964248
5086	109323
189856	1129518
228990	228992
69284	206371
27612	1118209
5194	133550
3229	641976
144701	595063
9515	102879
14062	646836
248823	682666
3243	307336
1365	69392
190698	1114502
103537	126912
31353	686559
2654	211906
22563	107252
180187	1131719
54129	578645
65074	74698
1956	101143
131315	411005
43186	1135894
189774	1134346
6767	235776
12182	94713
367312	1119211
126867	1108258
42156	1116594
380341	60560
34082	1103969
33904	1103960
28249	1116347
8703	434
85352	152483
954315	1155073
6935	238099
7537	1113534
18536	424540
671269	1154124
17242	280876
35061	682815
385067	272345
8766	409725
594483	1129040
582349	1128437
35	608326
6151	1385
114	1107455
47682	47683
3229	1125082
137790	10186
226698	1112767
39127	1128881
12210	4804
3218	1120169
141342	608191
124952	1126011
15429	41666
2653	197783
189655	714260
683404	683355
4335	1104300
646900	1131359
1959	1153728
14428	1103031
70970	1129683
35	694759
145384	1153287
74700	134307
190706	182094
135130	416455
1817	1114502
10169	3231
75695	1113035
161221	1153922
66556	1129778
575077	94641
206371	69296
566653	3085
248425	1121398
27514	1152143
12576	1104999
1999	1123068
35	634902
5062	5064
36802	590022
52835	1115471
646900	646913
62329	1131565
66805	82090
43186	152731
13658	987188
264556	120084
60169	399370
134060	481073
5348	256106
6334	444240
32276	15076
1953	1153728
575402	1129778
576257	1153943
35	1154176
646412	1131330
22229	1112911
28957	103537
910	1108834
74821	1120252
57119	1129570
577227	1131752
13686	1107355
35	1119708
35778	108962
159085	1152711
35	231249
12182	309476
8224	49843
6213	1109957
3218	1153264
27895	1103676
59045	1121867
910	12946
503877	1153577
5064	1129106
35	116552
6923	308003
144408	219446
110041	1152358
101263	28456
114	1106172
24966	641976
262178	1138968
8224	22563
4335	1140547
103430	1154074
642681	1131167
114	1106406
22563	1121459
617378	1130069
13717	37998
50838	1126503
75318	141171
5966	1102625
683360	683404
2696	1133004
17798	1152308
50807	1104749
11337	1128256
6814	300071
57119	1132731
103515	1113742
6741	49895
22886	1107367
390693	1131639
46468	27249
16008	189572
2440	151430
6184	27631
31483	1131137
594011	593942
2695	1108169
38537	1131277
1365	628500
1237	1102400
149669	589923
642798	1131172
1365	1135368
35	1113438
1365	948299
29708	131315
108047	1153899
11339	30901
108047	1107418
561613	153063
188471	628500
4330	949217
63835	1110531
6214	1115886
2440	136766
35	1125386
35	66556
54129	1128291
3187	1110000
377303	1129572
121792	1152394
643695	643597
264556	289085
910	1110520
18615	1000012
593328	87363
36140	63915
35	503883
7047	54844
31349	686532
49847	49844
6814	293974
906	1103979
58453	87417
72056	1135122
171954	1138755
136766	348437
265203	86359
66751	695284
179706	141171
12631	1152150
54129	1128319
84021	263279
16471	16474
70444	70441
3229	1130927
194223	1126044
56115	1107674
141324	1113438
105899	1111304
136767	136766
763010	1136449
3220	1115677
626530	1154012
1365	1152821
35	575077
733576	1135082
503883	1131374
6184	10981
14429	1119216
3112	1152564
10169	211875
2653	1152075
12576	1105221
22564	10435
99030	578337
3243	854434
10531	1107567
35	576725
162664	510718
35	573964
2658	1115375
45188	1130929
28287	1106547
116084	116087
1956	1153101
1365	1152143
22386	38839
77758	1129907
66751	1138043
3229	390922
18774	73146
506	1106546
358887	358894
734406	1135115
68224	1105574
1997	129897
34257	1115456
37879	1105116
179702	1121569
12211	12165
108974	1133417
767763	1136631
49811	463825
141868	429805
6343	359067
114	755217
8832	1102761
10177	12210
630817	1130676
4330	428610
33895	1153577
66805	509315
193742	1111230
54129	108047
231249	1125492
18532	86923
109323	137849
628815	1130567
162664	118682
6539	1102646
4274	1114664
1997	3233
654177	1131728
12182	1117249
13982	34979
237489	1120059
54131	66563
114	6170
671269	1132418
593104	593942
39199	66982
6213	434
39130	39131
145384	7430
8224	49847
12359	16451
4584	782486
910	436796
4584	132806
7047	212930
6213	1111230
31105	175291
6917	1153811
75983	1115790
35797	1110998
90655	34263
6151	1130567
6214	1126029
72101	1118347
284023	346292
787016	573978
3097	1106236
3229	82087
19621	1131464
606479	1129610
25702	910
753264	753047
35	18582
12330	395553
560936	562123
310530	38839
13212	214472
815073	205196
3229	48550
13136	1118083
12165	1112099
27530	1128542
35	1119505
1034	1153945
144330	63486
24966	1131149
137130	23070
13212	131318
93555	1152958
27632	28254
31489	632796
59715	96845
46452	582343
49753	49720
12350	12198
6151	1106547
72805	899085
395725	1135115
157761	219239
95642	1107367
24966	1106671
42221	248119
941	129558
48555	133563
24476	1153024
370366	1140040
3233	1103737
4584	168410
20534	1103315
35	574462
2698	99025
3223	1153101
13885	13917
156977	395547
28471	91975
31769	67245
189571	189572
6775	350319
9515	4804
631015	396412
52000	1104809
12359	1131634
628751	628764
27174	180373
4330	12946
71736	1152259
36620	1128430
14807	264347
294030	20924
82098	82087
27241	1106492
27543	1106630
162075	1109830
30895	1154251
35	190706
107569	1120777
17242	1115291
1033	1107062
53942	1117184
72406	1105764
193931	1111240
63812	1105360
133567	1152714
2654	1104851
4584	628815
28412	1128430
16485	105856
3097	1949
89547	1112319
3240	1110531
34708	211432
4660	5038
35	1103960
32688	1717
49843	1106388
1481	1102567
62634	243483
263069	1131116
44368	1128227
189774	714879
58758	576973
644441	1131258
6130	1154124
523574	653441
594119	1129021
195792	377303
2440	72908
38205	606647
289781	1128453
129042	1108363
25702	1153897
40	1114442
16485	1120049
11148	1131719
35	1128314
14531	1103038
38537	1131270
117328	91852
3191	1127530
16008	1131165
7419	341188
63486	509379
25181	1152277
633081	1130780
2658	1140230
6125	27612
141160	1109891
3192	561364
188318	1110998
7032	323128
39890	1154229
4553	1102548
50354	289088
95642	990075
27623	105899
523010	1126044
30817	1120211
250566	1113926
887	1113614
12155	1126350
32276	636500
35778	1108389
20528	1103315
3223	1132157
13917	1120020
753070	753047
7276	763181
16437	51831
643695	1154068
592830	1128935
646357	646334
25181	27174
124064	6163
79809	1131466
3220	1128430
3229	92065
4983	7867
1272	1135358
28389	353541
54132	578780
645088	1131277
8703	101145
133628	1108570
561674	561581
46491	37541
513189	1125597
18313	249421
36140	27249
20584	1118823
6741	411092
73162	1134348
4330	390889
73712	52003
20193	1116397
12631	1123188
294126	649944
447224	164885
83449	22874
205196	1112929
175909	221302
124734	25805
6224	28387
1365	23448
12194	27199
114	1105394
3231	1106330
28385	118558
210871	38205
1365	1116594
521251	1125992
189566	1153014
6318	1108656
195792	1128974
20526	1103315
672071	1132443
89547	1116328
12198	95225
4584	1116347
8591	709113
18773	88356
218410	1152663
3229	1130931
56709	416455
44455	387795
6385	892139
15429	1114526
31479	1115701
50336	683355
8224	97377
529165	1126315
35061	1113438
318071	1153014
593942	1153896
116552	246618
646809	1154076
754594	1136040
35797	1128974
753047	1136634
82920	1125492
141596	40125
13193	17208
763009	1136449
98693	1152358
111770	1119623
198866	1153728
48555	48550
7537	1131348
8696	104840
350319	193932
3231	1115471
166825	1110024
634938	1130847
12350	67415
575795	595063
687401	273949
133563	105856
62329	593155
910	1105344
3229	35863
51879	1114664
57948	1114526
504	1112650
3218	1152290
6213	218410
6125	385251
153063	645084
28851	595157
217139	154134
11148	25413
93755	175576
3222	1132157
8874	646809
3237	964248
51052	242663
3232	1106330
10531	1102850
35	289780
77438	106590
210872	1129610
643221	643239
6913	1131230
6344	1112665
753047	753070
12182	219239
17201	95435
335042	1117653
14431	1103031
38829	1107010
114	1120170
82920	273152
71904	239800
4649	449841
8594	709113
82920	573978
4660	582343
6214	1105764
1956	1118302
3229	1140289
180399	1120084
54131	459214
8703	1105428
116545	1128291
94639	593859
19231	686061
5194	140569
152226	1102400
65074	1110209
20193	566488
65212	1105433
124828	1108169
31353	1152904
1365	1102407
35	1133338
3084	1107171
77108	1138043
210871	1129629
232606	1132809
4274	1119078
221302	1153891
6209	1108329
95225	42207
51049	1154232
15987	523394
6385	17476
198653	1113551
114	1118245
4584	293285
123825	23448
210309	1111978
273152	210871
17201	1107140
284023	1152958
1033	1034
267003	75121
86923	1114184
4330	299197
114189	88356
34708	102406
114	1126029
33412	124296
263482	263486
370366	928873
887	1105033
143476	1112686
71336	1105718
1246	42207
151708	1120786
12198	1126350
12638	1123188
52515	446271
608190	608191
194609	1154520
63486	83461
6814	390896
124952	1126012
35	1120431
131122	212930
14430	34082
48764	1104647
32698	95719
1956	1817
148341	1109208
41714	594047
17811	1107136
8617	36145
2653	175291
17201	1126012
28649	12182
66986	39210
1481	4878
1365	1117653
604073	1129494
3223	167670
6784	100961
143323	1130539
561611	561595
149139	1123215
289780	1153784
645046	646357
39127	1128935
32083	688361
12182	28641
688824	1133008
3229	189577
32872	1118245
97390	100935
851968	1140231
24476	1106546
124952	189721
1213	409725
27535	1112026
85352	593091
626999	139547
650807	1131549
1026	1034
74821	1131150
20584	20592
253971	1129621
936	1107010
696345	2658
12631	662416
714256	1154233
1272	192734
5062	28026
23070	1116044
10796	6217
35905	1152162
114	8213
650814	1131550
6213	1107355
95586	95589
41666	943087
35852	1113438
10177	12197
57773	235670
714256	1154232
31105	1105672
41417	1108329
330148	184918
1365	782486
1481	399173
24530	1109581
573553	1129608
459206	1123530
10183	1120713
116552	116553
3220	39124
256106	1114192
93273	248119
2440	1153254
6318	20833
31863	358894
28026	5069
79809	1153275
3229	1106568
63549	1105344
90888	1113934
162664	39165
49482	1112369
62389	1107325
2702	1120777
7532	1153097
2658	696342
2696	1118083
59772	35335
108974	108962
1365	1135137
8224	1108728
62274	32260
193742	6152
28447	1107367
19621	1135082
156977	1152490
30895	30901
3231	1106370
193918	1111240
48550	133563
39165	39126
5069	1120563
20923	1115701
5454	1128425
12330	1153861
3218	6941
910	1120858
22875	22876
137956	13024
7419	1113182
182094	1131550
696345	236759
6814	1125469
8224	65653
61417	1106764
117	1109581
10798	1154500
25702	1108834
220420	1128227
2440	1107095
2440	1106388
853116	19621
568857	1129629
45212	1105764
1953	1949
650807	1131565
67584	1127566
440815	645571
1688	84021
6334	1153703
208345	1114777
5194	133563
6213	1128267
910	1140040
11148	1129835
15431	35854
6385	682666
10177	68495
132806	48766
38537	137868
642621	1131164
6214	1106172
180373	180399
910	160705
36162	1132815
23738	189574
28485	168410
1365	1131745
593942	1129015
3220	167670
108974	1125469
1365	1130600
48766	1104647
648232	567005
1026	1153945
379288	67633
101660	1107095
16470	1129621
18777	94713
5055	1121867
51045	242663
16819	643069
129045	1108363
567018	1127812
642894	643485
2654	1110438
23070	134316
35	286500
18770	28964
593240	593210
77438	1129994
63931	136766
92589	1131137
36802	589923
642920	1131184
137868	1154068
3187	129896
14062	1119708
74427	1106771
270456	203646
8872	1104647
3097	3101
8591	1154525
249858	111866
5075	1120563
6334	68463
56115	1104999
51049	51045
424	218666
594011	1153896
145134	129287
19697	239800
77438	589923
5462	1129111
143676	102938
3229	1154251
154023	1133846
73323	28447
27530	592826
51049	1134320
887	87363
22869	22876
58454	144679
20601	1118209
910	1118848
23069	23070
10796	1153148
1272	97892
16819	644093
2354	154134
65074	1117920
6238	1123991
141347	1119708
248425	1113831
78508	1120138
592993	1128943
1997	1102442
19621	950052
28385	1125895
7537	141171
906	1105344
5086	423463
1481	1106052
2440	1127619
50337	13269
3229	1125895
133566	1152714
12238	1107567
8079	1121867
189856	1129994
46491	107251
578337	696346
212107	1112071
1272	20593
593559	593560
940	20180
13717	1110531
100935	1120643
24476	1103499
9708	1130539
213246	1122642
35922	1105116
240321	428610
644427	1131257
307656	1131360
559804	653441
67415	1110256
30817	631052
578347	578309
35	1131360
54550	5600
887	38205
38839	310530
118873	987188
6925	57922
910	1104379
56115	127033
59798	96335
11148	193354
44455	1128985
3229	919885
102939	102938
5454	1105574
78511	735303
27230	23545
582139	1128425
39474	1694
6334	46431
12158	148399
39890	149669
82920	1128198
108962	1095507
14430	14429
19697	131318
430711	1132416
8224	6311
66794	1102646
22431	49843
78555	1120138
60159	60169
906	1114352
16819	1131167
235679	1154524
656231	103531
227178	1128946
6169	1106406
1365	171225
684986	395553
1365	1132922
10796	417017
9513	102879
3231	259126
42847	1104379
30817	75691
3220	1125992
2653	167656
64484	1105394
175256	1120643
25791	28202
184157	95435
40886	112378
126868	126867
144701	22229
6941	372862
6196	1153056
8875	1129570
6213	353541
11342	463825
15429	210309
671269	1132443
617575	1130080
2653	1119751
20821	1127851
739280	367312
233106	630890
132821	695284
66564	593859
504	506
8581	75691
85299	23258
8224	1132815
38205	1129610
20193	1114777
31353	1152272
35	634975
67584	1127558
95588	95579
1919	1108389
137380	85449
3101	70441
106590	1095507
3218	417017
649730	1131464
887	334153
28489	6210
7430	1153287
24966	1105433
675847	1132505
6209	212930
140005	86840
20601	1108167
567005	1127810
24966	19697
65057	1125909
10177	10169
194645	248823
644427	644577
216877	1117618
263553	1117219
168332	86359
39890	1154232
73162	189774
19621	42847
67633	1114777
42209	27199
248431	1113831
44017	48075
231249	1127913
6334	1152448
44121	1104435
53942	56167
592996	1128943
91853	1116397
601462	1129368
28491	1152910
52003	1112194
941	940
57764	711527
86359	1133469
342802	2695
20193	112813
205196	1130586
258259	168958
1999	1102442
6214	1152740
39127	277263
126793	1131270
643003	1131189
887	28456
187354	372862
6343	141868
684986	684972
592986	592975
289779	289780
103515	1127913
28412	6220
287787	1123756
31932	194617
18619	1153091
6214	6224
592993	1128978
111676	89308
3229	100197
3229	1152277
632796	884094
3932	5075
20972	1116181
6213	1123553
28230	1108267
46547	107251
28254	105899
162080	1135345
376704	1119654
45605	1033
101662	1107095
1365	39904
22563	10435
18251	1106052
1272	284414
395553	395547
69296	206371
561809	1127558
10183	1108267
27535	173884
126920	126927
116553	246618
39210	66982
25184	285675
40135	118079
292277	578845
576362	286500
28487	128
10796	31097
31927	1124844
24966	1123576
195150	568045
594039	1129015
35	1688
194617	1124844
139865	1110563
8594	1154525
3243	1103610
47682	1125393
1951	3095
2440	1114512
75969	1105932
6639	178209
4804	164
642894	1131312
8224	1153148
101263	1112099
94641	1102550
6818	1105531
8874	1120643
112099	1114777
55801	208345
66794	1153031
193347	1129835
910	94953
61069	1107062
1786	35797
14062	97390
3192	105865
78552	78557
35	594649
28491	341188
194617	1129572
9559	252725
82664	1106236
11335	1127657
126909	103543
33301	33303
13212	411005
56115	1129573
12210	57948
116512	1107808
57119	595056
18834	1152740
20193	5062
114	6155
66556	593859
34315	1103979
1999	39126
23738	101662
6925	1118658
24966	124828
6343	521252
80656	13652
18812	20920
12182	1059953
99023	578309
124224	169279
582511	545647
910	684372
16819	1131312
54132	1117476
35	1153065
6913	703953
575077	579008
18777	445938
330208	469504
30934	12960
4660	429781
23774	1106406
66982	39210
12330	400356
22431	6639
61073	975567
75121	1106388
415693	254923
60682	63477
35	594047
6213	10796
3112	1949
31353	1135746
103482	1119140
936	1111899
1365	1131647
2658	236759
48768	1104647
89308	101145
289085	689152
6334	1152307
6213	628815
4330	120013
108983	683404
10796	8699
20193	30973
50336	50337
4584	1113739
25772	1997
36140	46500
287787	1130856
14062	141347
4330	46468
12350	12158
114	38480
190698	190697
1952	1111899
35	78511
124952	1123756
6913	4330
83725	56112
289781	289780
51866	22883
648121	648106
6214	6196
56115	56119
19621	684372
1246	57764
5055	129897
4330	32688
4330	328370
642681	644093
6214	97892
8224	22431
23738	22563
39130	36620
28230	1123756
31863	91581
63931	136768
137790	1113852
56112	63832
4330	1136397
642681	644334
7430	95586
910	675649
15429	1104007
46079	69284
17208	1153262
6215	6224
63915	38000
4584	6184
42156	340299
6213	1113614
235678	235679
25805	385251
74937	74920
15429	77515
240791	650834
6214	149669
82666	1106236
116545	578649
12350	6539
19621	763009
3243	31932
231198	1153922
78557	33818
4584	976334
12350	152227
6151	6155
35778	1125469
38537	646195
3231	1131471
28350	6220
8699	1102751
35	8865
2696	1120858
73162	714748
6910	1123188
2665	2658
97390	98693
40886	654177
3218	6639
103515	459214
10435	112378
10169	39126
35922	66982
39890	714289
37888	293974
85352	561238
12182	321861
31483	39165
3187	5086
6163	130
6209	168410
62274	94713
3229	1154169
28491	153598
5348	1120197
4330	4329
14428	34082
6213	672064
18770	531348
4649	434
20534	23774
189566	189856
52847	1153811
6935	18615
34979	13982
906	910
83725	56119
59626	249858
37483	2440
232606	232605
29492	400473
5086	354004
8617	175291
12576	127033
194609	31927
20178	91853
1365	7276
3223	1153150
35	289781
14430	73119
16008	189571
114	58540
35	249421
108974	108963
300806	396412
20528	1107067
14531	60682
82920	84021
35778	1919
19697	40124
8224	1110426
28287	1385
72908	6923
24974	40125
9581	633585
1688	39474
1365	157401
20193	395725
3220	346243
578845	593240
57119	647408
643221	642894
54131	141324
35	46079
5062	5069
2665	237489
22241	595193
10798	252715
3231	263279
35	103515
20924	1113934
74937	74921
51909	502574
49843	49844
38205	592975
35	103482
3229	25181
5064	28026
15429	89547
180399	385572
5086	79809
6213	58540
46491	1105672
644448	644494
210871	81714
4804	25805
559804	714289
8703	1102751
36140	12439
562940	61417
35	273152
7532	7537
143323	154134
38829	1152244
116081	277263
1688	1694
22229	593105
65057	74698
504	89416
6898	6910
75121	417017
672071	672070
43639	99025
6213	7419
2665	1131607
35	787016
45212	120013
28350	28227
4804	157761
12638	4330
39890	521855
9586	33818
5086	440815
4330	37884
29723	35905
17476	1105033
56709	28287
4330	1717
24974	131042
39890	559804
14062	33907
284023	119761
10796	180373
12337	395725
6213	28227
137868	91581
70281	1106630
1365	1114352
35	141347
240321	675847
35905	29723
8224	49844
19621	66990
16437	16470
910	28278
13652	13656
12631	6898
94639	593105
159084	159085
3229	118559
94641	62634
6184	1105718
85352	574462
6214	28278
56708	56709
94639	593813
578337	236759
24966	65212
116545	578645
89547	976284
74821	1131149
67245	67246
32083	31769
14062	1153280
202520	446271
68224	582139
341188	682666
108962	310653
2696	160705
35	248425
28290	63832
10531	31349
8224	6639
10183	259772
6213	6163
3229	654326
12337	57764
20924	294030
12638	263553
15889	15892
31353	1129442
35061	48766
8224	30895
77438	1152633
59798	25181
675756	675649
28447	1120444
6213	28350
6196	976334
753070	753264
31489	1152150
10798	97892
70520	36167
39890	653441
20601	42207
17811	63486
36162	1152307
8591	137956
12195	1107567
5069	5064
28504	95589
64271	38829
7532	314459
80515	314459
24966	131318
33823	78552
116084	75972
16008	642827
2658	99023
4649	135766
263498	1153860
4584	36167
1952	1949
6814	158172
240321	1136397
156977	390889
22431	49844
153063	561595
27243	59045
25181	1152673
20602	12155
10796	601567
159085	241821
82920	98698
17201	17208
22386	207395
8581	1132968
205196	628751
51180	12350
35863	20972
594047	650834
16437	430329
175909	1153891
101811	1153064
159084	241821
1272	560936
25772	641956
6898	124224
35	735303
35922	390922
67415	1135746
166989	1121063
210871	575077
114	28350
89547	91975
430711	671052
33907	593091
28504	131315
3112	77829
89547	6771
31479	289885
36145	52784
46547	389715
1272	18615
33907	1136814
65650	309476
1365	188318
642920	642930
116545	246618
87417	289780
32276	636511
8594	180187
6213	1111304
644577	643485
77758	910
12337	16470
6818	390896
59798	1152673
56119	127033
3085	395725
307336	708945
86359	18834
58758	69284
65074	134307
129042	129045
8872	395075
23738	101811
56112	127033
2658	395540
4335	239800
10169	158614
4584	1130600
593104	593921
73162	519353
8079	1103737
4649	6917
108047	1153853
62329	195792
41417	128383
230879	1132486
574264	815096
10169	1123867
116528	25772
641976	672071
25702	147870
395725	1153933
22563	94229
110162	110164
117	6214
1272	591016
1952	3101
5600	77826
6925	57948
1688	69284
85352	66556
13195	755217
16485	1123087
10798	601561
6214	23258
12576	56112
6213	195361
578365	578309
20601	25805
12197	1119471
576362	568857
74698	23070
642894	642798
70970	593329
22386	310530
36145	272720
643221	645897
110163	110164
5194	133566
24974	6771
17201	184157
35	513189
910	12439
24966	95719
330148	23502
4584	6151
8079	39124
16819	643003
77758	294030
3240	36620
59798	180373
2654	197783
887	170798
126912	66990
189571	714748
37888	1125469
20179	95188
24966	1152194
14090	643069
27623	1126029
6898	78994
3229	1128839
18619	18615
66563	96845
153063	561581
16476	12359
289781	1153784
2440	582343
75969	591017
35	84021
162080	739707
73146	116790
135464	8581
12195	1112099
3243	30895
33907	1134022
22229	190697
12359	242637
6209	8213
20601	12247
5348	99025
3236	167670
57119	592975
6767	6334
235679	57773
34257	34263
79809	358866
10796	20942
6741	417017
41714	144212
227178	96847
141160	133553
672070	6130
41714	61069
1272	254923
3229	23502
219446	1127812
4335	755082
3232	66594
31489	40605
74749	2354
12576	135130
35061	1152761
28542	206259
644577	1131334
27174	35343
643221	646286
210872	606479
6213	1111052
14531	56167
29723	6818
89416	1153024
20602	1121537
90888	13885
8224	62389
27627	686015
41714	568857
39131	1131728
12350	1131611
194617	31932
2354	74749
27535	13686
141342	35061
1365	139865
1272	1135125
12182	157761
506	89416
20193	91853
19697	95718
33895	33904
137790	74749
3218	1110426
31479	14549
110041	287787
198653	1152896
6214	6184
23502	23507
887	20972
24966	27627
12350	6125
37888	1152633
15429	9513
25702	675649
6196	81350
579008	248425
287787	415693
2665	1132948
230884	1135899
6741	9708
33895	593813
2665	696346
65074	134316
3231	49660
6213	153598
29492	144408
20602	12158
4330	35797
19045	593328
66556	54131
189566	36802
193931	193932
12350	4804
5966	86840
48766	595056
6923	20857
887	6213
8617	52784
45605	190706
50354	14807
12350	68495
117	189708
12195	12165
240321	1154124
18777	33013
35	175291
79809	91581
8224	23738
35863	28359
18777	79817
6913	1152917
14428	73119
16485	1105603
52003	52000
3229	35343
33895	82087
42221	57948
3231	6334
48781	397488
135766	6917
40886	141868
107251	389715
34257	87482
19621	853116
20923	20924
12210	77515
8224	55403
35	66805
235679	689439
35	575292
28350	6210
70444	70442
3231	25184
1272	52835
22563	13686
12210	12182
33412	34708
56167	359067
123825	42847
103430	75318
3233	192850
169280	1154103
6741	51909
1717	50381
135766	449841
3101	110163
3243	1104055
13212	13208
116084	568045
132806	593260
427606	1131634
145134	641976
612306	193347
12576	229635
67415	38722
22563	1123926
3240	3233
83449	22869
23116	576257
54129	17477
17476	892139
103515	1129778
56112	83725
887	12576
887	1112911
573553	1135750
2696	5348
10798	8703
46491	137380
18777	510718
4584	128
101811	6935
1365	49482
1035	1107062
16437	395725
178209	116084
27531	763009
2698	2695
4804	77515
35	69296
4330	11093
503893	33904
648106	648112
86923	18532
178718	69296
28649	155736
7532	80515
35	592973
6213	6220
35	263498
65074	65057
642894	646334
5959	582511
28350	628668
95594	95589
219239	157761
19697	32698
3218	187354
714256	189572
37483	5959
10796	1113934
20601	124734
73162	559804
22875	1113934
89547	66805
50337	390894
887	17476
48764	1125092
68224	1130680
33823	33818
28485	23258
6334	1153169
46887	235776
3187	280876
103515	575402
853114	853155
6213	1130567
4330	1108834
575292	1138968
89547	45189
887	134128
3085	5062
15429	12197
114	55968
642894	646357
175548	1120049
36145	1105672
219446	249421
126927	645897
2665	1130676
8703	1119078
82920	608326
38205	593060
202639	1154123
20534	1111052
27510	1152143
3217	238099
25181	1154251
307015	39474
210872	593260
4330	151708
27627	18619
288	36167
66564	66563
5462	119956
210871	59715
85324	628751
20924	1115701
12576	56119
100197	447250
35	28290
6818	37884
137868	1131277
3229	444191
263069	148341
11335	582511
65074	87915
672070	1154124
79809	31863
153063	561613
3240	39130
4584	6155
1365	340299
134219	447224
523574	714289
15429	12350
59626	217115
18615	582343
578650	578649
41714	182094
13205	13208
162075	162080
2665	751408
55770	208345
653441	189774
1688	1153065
4330	137873
230879	696343
40124	1112723
2440	591017
2653	107177
23070	134307
35335	59772
43186	16461
7032	1110438
12350	157805
22229	22241
12439	323128
644843	645016
13885	42847
1365	22835
28640	28641
578845	593559
39127	592826
18777	18774
27530	66594
35	335733
216878	711527
117	17476
33818	1123087
213246	34263
22229	459216
10169	17798
35	98698
34708	120039
714289	1154232
25181	25184
29492	29708
738941	162080
35061	22229
6213	23774
17476	682666
37483	217852
3218	6767
22564	1103394
20821	372862
20924	289885
141324	503877
3231	66594
2440	1108551
35061	45605
642681	1131236
34961	31043
643239	1131334
270600	1153003
340078	949217
19621	83826
56115	69284
6213	628667
644577	645897
31479	114189
13136	160705
38205	595056
143323	84021
6213	55968
2653	321861
3233	509379
1213	8766
216877	334153
10169	63477
6814	37884
7532	141171
23738	27250
82920	1152358
23738	1118764
28249	1129096
28290	1107674
40151	671293
145215	429805
20601	95225
3192	423463
22563	36140
10169	85452
20179	91852
6216	96847
39890	294030
73162	521855
642621	16819
753047	753264
230879	99030
25772	1105932
178209	195150
27627	23116
35	259701
12350	1107319
27510	188318
561789	562067
6214	345340
18619	4660
230879	578309
566653	566664
134199	447224
231198	144408
10169	114189
35	647447
27249	8079
31769	67246
36162	1152975
5966	8699
44514	253971
40886	145215
19621	49482
100935	1134865
89416	65074
78557	78549
19621	7297
36162	1152448
10177	67415
672071	6130
628500	188471
20528	1103676
35	289779
219446	567018
1999	6771
51909	173884
35335	35343
12199	12247
35	265203
1949	3101
27895	1786
175256	1133196
2440	49811
6209	118259
3231	180399
22431	144330
9515	9513
7272	7276
123556	14807
18615	4660
134128	1113614
12350	20602
17208	32872
134219	81714
10183	6378
3229	27174
35922	1152904
30895	1152673
89308	103528
3097	129045
8872	8875
174425	636511
20180	943
82920	1152421
24966	202639
2695	2698
522338	683360
4584	6213
8594	58268
643239	643221
31336	686532
5348	2696
48781	423816
5600	33303
31489	632874
16485	12347
51049	242663
5348	1123239
251756	195792
56709	308529
910	340078
80656	13654
56112	56115
10183	47570
91853	20178
3235	65653
696345	696346
40151	1152975
35	48766
20179	91853
112378	654177
578845	593560
1481	521269
133615	55403
59626	124734
5462	910
358866	79809
626999	911198
54131	1153897
5075	5069
16485	1104787
4584	124064
74427	34266
31927	31932
3191	129897
67415	12195
87417	289779
59798	1154251
42221	27199
38722	1135746
4335	95718
5966	68463
36145	1116268
3191	3192
10177	164
35852	486840
40605	633721
31479	39165
12198	27612
3231	46431
6214	6155
12238	12165
27895	23738
45605	1035
232606	25413
643239	644093
11335	545647
5055	1107861
307015	335733
503883	1153577
10169	63486
22563	6767
27631	55968
576973	58758
4335	46468
137868	642827
23507	13717
648112	648121
15429	217115
6385	55968
54131	243483
12182	5038
330208	99025
90470	1129994
8875	608292
78552	9586
3220	654177
28447	194645
33231	158172
1272	85452
77758	289885
3229	52515
513189	573964
15889	1153891
10169	6334
3229	1050679
3229	27631
44514	606479
28957	66794
14062	1152421
17208	184157
38205	117316
2665	630817
20534	1107455
20534	70442
8079	192850
6935	1106388
20584	235776
73162	714260
108983	310653
54129	28336
2698	256106
910	131042
77758	424
82920	513189
28504	7430
24043	15076
31353	31349
39131	3231
3229	49482
4804	12210
114	28287
3223	167656
95642	28447
35	486840
103515	246618
51866	34961
99023	578347
85352	640617
45189	976284
28254	686061
182094	650814
36802	189856
910	58552
31353	194617
3191	162664
6216	1116347
20534	1106966
15984	714975
4584	6210
3112	110163
58758	33895
28504	365294
6209	8875
4330	1103737
6784	60170
8703	27535
33231	293974
35922	1152162
202639	672064
6767	6925
608190	70970
39199	66990
128	39403
28254	686015
45188	350362
55770	521207
30817	3229
1365	161221
61069	1153816
14529	1119987
6935	308003
63915	6935
18777	173863
503883	647413
41714	44455
40151	1152448
25184	385572
12195	38722
178209	568045
35	148170
137130	65074
13686	1120431
54132	579008
633081	632796
94229	1123087
91581	358894
4335	1717
45605	144212
4584	188471
1272	27230
2702	72056
3191	129896
714260	714879
117	75674
1365	237521
28851	578669
97390	1152358
22563	22566
85449	1152290
198653	3084
152227	152226
10531	43698
54129	117315
643221	644448
11335	217139
34257	90655
45605	503871
32083	35061
23116	41666
6213	293271
114	23258
6213	161221
3192	129896
27895	1132706
578646	578645
346292	284023
6125	12211
241821	159085
179702	141171
6318	1119295
1365	93555
284025	949217
35922	50336
33231	1121254
5086	129896
23774	7432
78994	662572
35797	188318
44455	568857
910	34355
753047	767763
270456	63549
162664	531348
6213	1103315
114	28485
22566	1103394
95188	1116410
193352	1131719
91853	1116410
1272	6917
6213	1116347
29492	152219
230879	578337
70444	128383
27623	28254
35	577227
195792	593210
7032	52847
240791	503871
4584	13885
9708	136766
8224	263279
19621	1114153