1378	673
811	252
2493	2497
1131	2357
2447	2335
261	1501
377	380
1799	1568
326	1340
1800	1393
2198	2323
678	66
135	128
346	348
977	547
1093	2292
1535	1261
1220	741
2238	1810
2154	2381
401	1194
2397	2443
2474	1945
1936	925
153	1821
323	324
1453	585
179	1340
1247	1721
1660	544
574	520
2062	1952
667	197
88	90
334	418
2383	2206
841	181
1669	770
1006	100
1079	615
2434	2041
987	1644
1533	1288
350	352
319	322
2127	2202
1977	957
323	263
471	530
746	531
1084	588
298	1051
981	1675
1596	211
2367	2263
386	1287
1917	1320
431	438
2109	2294
327	1637
1782	219
2408	2191
1107	1482
1509	1190
2166	1092
494	70
1270	1834
1693	1768
2340	2341
178	1706
269	959
396	397
1541	304
526	575
1172	593
341	925
173	593
1019	42
2060	1999
2048	2328
745	744
806	533
2274	1038
408	412
2176	2282
123	479
1838	1959
1430	1887
256	344
1490	1489
2088	2085
2128	2012
1793	1791
2466	2344
2115	2116
659	224
1642	1727
1136	26
2039	2055
379	600
1855	1642
1482	689
687	931
560	1378
2009	2159
317	739
1306	467
1159	1404
2055	2106
906	910
1676	1118
15	347
2367	2287
2361	2083
2066	1764
2136	2069
2499	2292
352	271
161	1454
939	208
828	251
1936	2126
305	302
778	1459
1103	46
2308	2313
742	1015
680	575
1562	1697
2190	2188
2348	2112
2259	2040
1495	249
979	1169
628	629
730	719
33	357
645	1423
978	1706
555	34
2294	2295
1393	151
2284	1163
1443	1546
563	436
2069	2070
643	847
452	457
1967	1491
2062	2059
2371	2147
168	734
1163	2293
1977	911
1399	464
2393	2035
1090	827
1891	700
1737	1184
1404	1269
1106	1510
1205	894
271	579
2120	2049
1084	155
1376	1378
629	627
424	1032
578	440
486	491
324	325
714	1911
1347	1743
650	218
2489	2032
153	1757
2511	2098
1508	1646
809	1040
549	548
647	891
990	771
842	1515
892	804
1315	1770
445	217
982	1210
558	788
2134	2263
141	1670
985	835
556	1291
1955	2147
321	165
1854	607
2260	2065
763	50
1612	714
2058	2147
985	604
743	899
349	354
2357	1131
654	651
2198	2189
1896	1378
129	304
258	726
785	788
2361	2286
1060	134
1366	824
1982	2120
2082	2277
521	1074
2362	2082
165	1256
1043	758
1653	1039
776	174
2152	2153
175	182
1823	621
1009	427
796	458
1880	639
661	659
193	379
1038	2435
566	105
2462	2062
995	1317
2083	2001
1911	2089
709	727
919	838
1136	315
440	442
2241	2010
1890	2488
1810	1811
23	1319
1145	591
1491	187
2306	1992
1467	1354
613	615
1397	596
534	1354
1197	1200
2330	2193
1808	1266
598	1298
811	1497
127	788
2195	2178
1523	213
1004	584
1699	815
1160	819
1512	357
1305	823
1389	288
371	369
565	527
1282	147
2403	2260
1226	1227
941	208
859	1052
592	103
1737	957
884	952
162	580
738	739
556	1599
487	842
1420	1279
708	1071
2077	2082
2121	1734
566	1401
2099	1371
442	441
1782	1611
1176	1254
503	755
1940	109
2011	2371
1079	712
2142	2528
1368	466
1077	439
1617	1137
2226	2228
257	1053
851	996
404	1639
772	495
2145	2484
324	323
1157	767
664	662
1633	880
1424	1900
743	585
66	67
216	1000
2151	2234
1065	814
818	1233
2186	2187
851	766
526	1498
1343	1055
1929	2122
2183	1744
72	924
2270	2091
1819	33
672	671
930	1055
1771	454
1522	430
1542	257
851	68
441	43
2459	2123
1362	1147
866	788
1865	1081
2169	2127
1937	1938
1198	577
1578	1536
2192	1907
247	138
1259	1262
274	1725
540	151
756	759
323	178
1627	1211
356	1212
816	144
130	129
1057	792
45	41
1023	580
523	524
2289	2288
2145	2045
710	712
1349	81
718	497
2374	1955
799	1217
1084	1798
901	1902
400	43
1897	552
1945	2437
108	1387
337	1293
2521	2163
2121	2091
591	1145
1852	253
768	544
679	931
2416	2415
2426	2091
1015	1016
1322	2169
283	108
719	961
321	1022
2376	2125
219	1398
1665	1610
1391	111
1104	83
537	374
411	414
2327	2234
868	769
1653	1181
1641	1122
481	260
714	353
86	55
585	743
1746	879
2297	2507
1130	148
642	646
69	1736
548	580
1887	493
1059	843
422	425
2238	2142
190	192
2500	913
1932	1318
2150	2038
719	896
585	928
1903	2210
1475	1349
2517	2177
1187	548
1996	265
866	371
436	1095
2247	1992
646	642
2488	2254
1095	607
961	1202
1518	348
1528	1412
1033	399
257	606
2374	2055
1854	789
2147	2077
2052	2094
1909	575
2089	2148
82	107
38	1183
181	1692
981	948
1911	2178
2275	2277
625	622
1669	174
2000	2249
2322	2188
2284	2088
1446	1322
1005	778
1004	682
1451	1229
2194	2221
1481	1673
899	102
1341	1719
383	1266
278	275
1596	753
1220	479
927	1073
238	240
793	2126
2429	2440
132	1106
1155	1249
1122	1564
464	307
1258	1257
139	389
2344	2259
174	237
1641	1927
2025	2197
2087	2274
2151	2256
1176	865
1091	2086
1018	1015
969	1816
2293	2258
380	1011
2305	2165
2116	2102
2028	2357
1982	2386
2123	2459
2422	2299
1006	124
1131	2517
1360	867
927	252
1992	1656
2372	2038
2258	2521
279	1752
581	854
214	84
2106	2038
73	77
960	536
2396	2251
1594	388
43	1256
1931	877
1939	1938
1199	1022
501	982
1964	1827
477	492
529	531
251	405
166	174
590	164
658	1020
1486	187
2470	2143
487	491
292	77
1012	716
815	215
312	404
1957	2258
2062	999
88	93
2265	2267
417	173
1117	607
953	328
2061	2091
959	266
2014	2246
2354	2171
1392	1310
2113	1898
2282	2148
2310	2153
305	711
1368	599
1128	1445
1644	621
1613	1614
102	926
1111	766
751	294
163	1452
1190	746
1651	707
2387	2142
302	1637
418	158
2448	1728
2280	2279
1268	1664
1245	1082
2344	2018
595	600
935	348
304	264
1659	1102
1211	1627
2519	1857
1431	1432
1839	395
114	1478
2264	2082
1756	2163
859	42
10	17
414	408
2365	2015
481	570
796	797
416	417
999	997
549	1065
619	621
257	339
1920	808
1923	1731
2028	2032
945	968
854	777
1565	268
990	836
303	651
994	995
1406	603
1792	386
77	607
590	864
201	1019
2017	2026
775	940
2299	2295
447	413
924	189
686	743
2208	2189
608	663
786	779
264	261
51	1079
2176	2079
1106	632
2286	2288
1300	1299
1115	621
520	518
2107	2192
50	1356
1814	1621
148	152
2322	2199
283	282
187	924
2100	807
556	187
924	790
1187	1188
1494	1493
2510	2031
607	575
700	694
1187	1135
526	1073
2344	2379
2538	2180
87	84
2086	2001
2274	2038
446	381
1092	2095
1645	686
431	281
324	131
2368	2040
886	883
655	651
1622	21
2067	2095
444	446
869	873
660	659
138	247
710	131
2366	1886
213	187
45	970
1028	1440
1094	1097
661	489
8	342
1377	1862
2534	2287
798	954
1796	2144
2408	1910
326	1106
329	1043
2438	953
2089	240
424	762
1515	842
1663	1664
700	217
1484	1738
1728	2091
2088	2151
1752	806
2337	2343
649	53
1581	1658
2175	2411
532	300
1607	1568
309	488
2367	2119
2270	1038
1080	51
511	515
793	2125
1676	1643
1182	931
1888	734
764	768
206	275
431	435
329	115
788	1154
207	431
1104	1205
1228	1226
155	734
2038	2085
1365	331
142	184
443	440
978	1021
1086	1592
80	84
1109	1104
1095	134
2160	2116
660	829
227	1073
1126	1043
2293	2117
123	1369
148	151
377	78
1451	180
1199	321
57	1510
142	1130
170	168
1415	158
1824	420
931	574
1732	1369
2068	2525
1812	152
1498	1282
1767	298
2377	2221
2057	795
513	707
1609	97
220	85
492	477
1712	139
1991	1580
2519	1642
812	673
145	1323
2150	2085
1217	1220
1296	446
1472	287
933	2201
172	166
444	268
1845	1582
360	361
300	535
495	1034
335	339
2077	2079
194	8
1067	580
400	895
2235	2038
1448	438
1240	780
2491	2196
1633	1241
741	607
209	211
257	663
2047	2050
1708	253
1930	1755
1216	469
2054	2058
2386	2364
1900	2278
748	368
291	200
137	138
2038	2234
2173	2080
2037	2042
1730	288
297	101
76	1057
1636	1637
2078	2077
2079	2080
271	57
1259	879
1991	1534
1488	123
2534	1965
81	82
1481	221
1386	161
2373	2065
1287	1053
967	970
2275	2032
2313	2205
835	931
797	393
282	285
2236	2231
1923	1850
666	619
726	560
291	564
11	7
2307	2312
1613	908
1673	141
188	1108
1451	806
568	946
298	1496
832	836
289	33
2281	2285
267	687
1985	2087
2441	2134
1452	1454
1804	219
235	233
131	305
2235	2106
1114	1115
1346	1347
2225	2263
200	99
1014	1709
1098	681
1426	1101
2202	2222
2225	2076
1711	1918
2214	2000
285	390
2325	2403
749	65
1651	1896
411	415
986	1467
1550	349
2159	1507
779	1452
2093	2094
418	321
2434	2089
2264	2287
344	347
1326	987
2264	2075
2040	2235
488	464
2210	2379
211	718
1355	2128
743	1497
289	207
2196	2354
151	148
1871	196
876	1214
1982	2058
262	826
1537	829
520	972
969	229
1271	1410
1129	305
697	805
1304	1305
1130	949
511	287
203	1389
2468	2110
1588	372
2161	2160
852	1095
276	278
350	344
111	109
67	790
1384	1052
1052	859
1944	937
56	233
341	1613
217	596
2032	2258
614	1234
2297	1837
737	738
2181	2030
1536	1055
623	622
957	1135
108	1138
1380	803
72	1034
204	1171
2038	2151
1899	1492
1832	1108
263	484
2332	1934
1689	1815
205	291
789	687
1482	1707
552	779
1325	1743
662	494
237	1144
1258	1032
1840	1490
2268	1957
1067	1071
738	1698
555	37
1025	31
2282	1955
2134	2328
752	754
218	168
609	382
1550	1538
1501	261
1154	788
550	212
1283	1162
1449	1645
247	337
502	503
514	1859
1450	1305
2093	1837
2535	2479
1017	255
1069	1040
1221	1255
1393	1396
1376	727
483	485
2220	2067
2479	2267
1536	1510
2414	2249
1750	1397
599	931
50	107
370	369
537	21
694	124
743	98
2039	2327
1117	991
1751	1114
225	173
1005	1845
976	1203
866	766
108	233
1032	50
5	422
1588	135
1153	750
1819	1640
1837	741
1215	1016
2396	2477
1264	499
2403	2328
998	1125
131	710
1382	621
1048	786
2198	2354
1808	817
228	229
1837	930
659	829
1571	148
1639	1025
150	1422
258	543
1053	1698
1876	740
1324	1331
288	207
1442	211
1459	436
2058	2231
2231	2086
1360	1915
973	291
55	622
805	1364
2395	2196
2148	2324
216	597
897	898
687	792
630	735
927	1101
848	53
1613	604
2341	2342
1202	792
2275	933
956	187
1533	2144
737	678
31	1558
2140	2095
232	235
685	200
225	55
1753	1754
177	176
133	691
1282	1697
1658	886
2066	2078
413	415
1494	694
1770	146
607	1061
1006	1715
1355	440
717	1257
1067	1070
932	196
133	26
1759	707
571	271
2248	2057
160	156
2448	2126
2313	2256
726	63
1466	2286
147	931
1770	1315
741	1943
1730	1729
597	1069
1170	16
1207	223
1919	124
2303	1331
1378	1896
316	1117
2470	2168
193	802
2428	2436
268	294
1290	1533
2086	1092
1923	90
1406	1137
267	596
1039	574
673	710
1293	571
850	852
697	804
407	915
749	368
979	1788
436	280
995	994
799	1226
162	410
1677	559
2235	2151
2084	2324
609	727
791	1337
2507	2123
2039	2088
1138	876
719	77
1376	382
1477	1445
710	713
1162	1297
1964	1125
1501	513
2438	278
572	403
115	262
2488	2184
804	1410
1104	46
1256	43
317	687
2520	620
351	321
1726	1282
2197	2226
392	166
1016	916
2380	2379
1761	1085
2103	2101
712	1430
522	239
1140	2298
1684	1915
704	876
924	72
1583	415
2296	794
2451	1174
2373	2000
1824	1831
2395	2208
435	732
2199	2173
682	575
1165	1576
2439	2411
1183	1227
2374	2085
2491	2388
1364	824
580	493
799	954
2409	1938
2023	2026
830	1611
1936	910
1513	1321
915	597
2479	2189
2235	2105
1396	432
2188	2208
259	2134
1208	1245
1314	260
2188	2189
2531	2072
2459	2022
2410	1938
447	844
659	652
131	302
680	200
703	1144
1478	432
2504	2409
1775	1774
2258	2229
2086	2326
1183	1268
128	135
636	118
83	85
1040	239
1354	1676
2517	1131
2290	2206
1932	1438
597	607
948	38
2287	2075
2097	1371
804	7
2023	1174
1725	703
1153	1284
585	580
227	208
2395	2357
1114	628
431	437
2347	2114
566	1033
665	192
1604	2168
255	1094
985	1095
734	1385
146	66
63	67
241	624
1095	436
1711	1877
701	700
1211	1626
352	274
2112	2347
1547	300
2427	1900
463	464
262	261
2264	2439
146	69
1639	1550
793	1936
1130	1822
1932	1674
1812	453
1703	1636
2244	2087
1184	1500
239	577
22	23
274	1971
1168	1170
1022	321
1052	1194
884	432
2195	2173
2144	2332
2303	2335
43	282
2069	2055
2149	2259
1269	1270
1871	559
2036	2204
1855	1679
2145	1796
541	277
1455	1280
15	348
1196	790
2149	1954
2188	2354
611	1531
2054	795
303	1579
1358	1360
724	194
2503	2300
552	547
760	763
2507	2110
874	1412
1326	217
620	666
2426	2459
2449	2035
1168	827
2426	68
244	243
146	147
1195	1425
2485	2035
476	584
1635	568
539	1431
1108	131
1092	2353
1616	814
1945	1944
805	802
714	711
2338	2036
15	346
172	955
895	453
907	769
936	304
2160	2053
1114	1118
609	1377
2156	1958
1987	1400
1357	239
87	223
1433	539
917	810
316	727
127	1270
2154	2380
2285	2275
2204	2301
2454	2054
309	486
597	740
1103	1108
2407	1092
1237	1235
740	217
1372	588
1495	1579
1211	204
2343	1037
1788	1477
669	668
2459	2147
148	132
2204	2117
164	157
1958	2156
646	771
162	227
2489	1744
1271	1362
138	252
619	1109
2429	1563
306	307
127	1161
1923	88
196	929
703	237
1693	1278
1016	1017
2518	408
223	84
1717	1591
2167	2087
703	843
1651	609
327	936
711	131
220	214
1854	1095
951	1179
1084	907
1161	867
246	856
606	644
39	1268
1944	2398
2095	1053
42	858
2112	2110
729	1012
1709	1014
223	85
2323	2275
408	411
505	734
2000	2001
1168	1169
1633	782
426	427
1659	1752
848	952
199	204
1732	766
1009	1007
2311	2203
2125	2086
1390	1090
1060	1063
779	593
2193	2149
2304	2317
930	1053
579	243
1871	637
2181	2183
2189	2186
620	619
2209	2256
2297	2169
32	1656
1686	1177
915	917
1497	1459
1404	738
1839	468
125	1668
1365	269
1826	1827
428	1561
1138	704
211	1442
800	796
1879	254
590	165
831	833
2324	1837
1058	224
1075	927
1463	1749
80	82
2454	2050
1537	1536
2055	2040
313	314
1865	94
1759	482
29	31
2354	2190
401	344
833	1748
1273	1272
827	28
1741	1787
2215	2289
1991	128
2104	1955
1212	1244
1981	1980
2373	2301
336	733
220	1041
2470	2141
1967	687
2024	2170
495	678
1883	421
2106	2151
2321	2201
1189	746
1802	17
1082	1084
1552	1812
1187	746
1721	635
216	217
1370	1579
1110	1524
2125	2169
0	4
2320	2295
1467	535
597	1344
2109	2361
512	575
2319	1939
706	208
781	100
924	765
957	548
1327	1324
331	20
391	1580
65	67
2135	2459
1537	166
357	420
1381	1441
244	1204
199	207
930	605
1684	1043
1637	1378
977	1673
802	806
2235	2040
2099	1899
1283	127
1705	949
2	3
230	234
1193	1194
2208	2207
1856	993
2172	2027
1478	124
487	489
1033	1031
2207	2422
2057	2052
541	539
824	971
1230	252
54	55
1885	95
1418	1290
2386	2092
1332	1335
1297	691
395	1579
302	304
303	329
1581	205
790	495
469	1873
762	1398
935	14
371	368
2377	2244
915	407
481	480
483	1186
256	220
2386	2401
655	1009
2100	2099
821	303
2229	2032
1818	1640
664	663
180	1451
1188	583
690	366
41	46
1204	1115
2154	2210
774	1685
975	978
512	572
2044	2043
1701	815
1865	459
958	749
1814	1341
922	189
2438	2184
1789	1742
1081	1213
823	467
478	74
1067	436
1354	1467
496	708
1442	1668
1442	1116
1028	1725
841	843
2350	2015
280	682
881	1260
184	16
2409	2149
1075	102
1851	196
2006	2004
212	550
2349	2483
736	79
411	409
2147	1954
1517	444
726	1000
2469	2081
571	1522
1830	2287
948	949
1973	123
2149	2273
351	272
1741	1323
2384	2081
1080	979
1344	1067
951	357
774	1930
363	1882
2150	1061
1844	1646
989	992
141	1277
39	38
754	1333
73	78
2088	2040
992	907
1477	1475
2348	2110
323	251
232	657
1130	113
2344	2467
1193	166
1632	1395
1514	886
739	991
2214	2221
1353	535
20	730
1325	787
1031	1034
2289	2075
1217	966
2012	2093
859	351
583	586
11	14
2010	2134
986	559
304	1534
685	1266
794	2183
33	552
1704	1355
2067	2093
1656	194
244	1230
707	577
1541	184
952	1286
1087	1089
507	510
593	843
951	972
1221	441
2220	2091
29	845
817	821
1114	868
326	178
739	772
130	131
2274	1955
2202	2091
929	932
1115	339
2159	2311
1589	128
521	1561
543	89
990	808
1155	554
1348	1510
275	281
1929	2430
353	1477
198	290
395	337
1655	614
2057	2056
1188	840
1968	327
165	577
1883	1747
927	899
418	334
1256	1221
2201	2079
812	129
736	1748
416	334
2047	2051
417	522
1639	1538
598	1368
724	639
2393	2396
623	240
1372	475
109	111
193	196
1331	2373
1249	1980
705	707
1146	1700
153	124
2187	2195
410	577
1510	57
1348	493
2538	2509
1196	217
1504	968
139	384
1172	733
439	441
2144	1898
2224	2231
813	237
450	607
2374	2150
1537	484
1670	979
1230	1498
2310	2180
573	1579
356	435
218	80
1521	1405
931	147
889	115
1706	1203
341	909
1156	359
2521	2277
804	697
142	1488
215	1021
1805	1442
2085	2151
1166	1315
1492	1899
634	1393
2402	2418
845	1137
1072	928
1115	986
1004	280
748	750
1389	643
2483	2212
2510	2262
1639	404
529	1299
481	261
800	801
1907	2094
1099	1254
1795	1796
2320	2159
924	187
2195	2322
129	131
344	346
2466	2468
2429	2419
1750	68
187	925
1911	714
2016	2020
102	159
1135	538
2415	1331
1336	1028
2389	2415
138	248
688	651
691	349
343	1350
1047	140
954	1374
2004	1998
2220	2094
142	154
2326	2113
1791	288
2032	2078
381	1076
299	216
102	98
1362	889
1660	1589
688	640
1155	1152
519	285
1943	741
1559	406
329	328
218	1058
1197	1198
933	2390
1566	543
285	578
634	785
1275	659
2281	2211
1348	476
574	972
1911	2091
717	394
1544	1620
1410	804
193	300
1975	731
1574	133
618	1182
2039	2374
2295	2294
1106	476
1646	732
1592	1652
593	161
439	93
765	924
1692	429
302	305
2189	2315
921	500
405	1579
2029	2032
759	756
1160	304
260	263
2459	1911
1936	1322
2420	2144
2234	2088
383	682
519	579
1203	966
1285	1000
1128	16
1296	131
1967	187
1888	395
2292	1092
647	273
2200	2380
117	896
1096	298
2352	2292
1024	1675
878	877
1070	352
1808	880
1389	203
1455	37
2247	2268
964	136
243	521
521	1099
2061	2129
2119	1898
1979	2230
348	344
1910	1181
1097	1517
1197	474
1240	275
248	379
349	347
2400	2343
1617	808
820	378
199	202
676	1309
1968	1817
448	373
673	131
1196	67
2319	2142
208	707
627	630
2235	2107
550	546
1967	907
1810	637
1545	1544
354	15
2410	2205
725	1236
1004	1217
2324	2129
261	1500
976	894
1692	1135
1857	836
2310	2164
2056	2055
1706	978
1897	983
341	1034
1778	1069
2142	2141
1626	201
581	582
1215	1216
1105	1245
779	173
275	206
2343	2013
776	703
550	1116
2395	2393
1782	734
1468	713
1509	840
225	224
2081	2058
1270	1586
2386	411
2355	2357
1434	618
760	539
1900	2017
2187	2199
2290	2291
1176	1253
1958	2164
1243	1273
315	1409
2294	2109
496	206
1199	322
2306	2066
2315	2193
230	233
2030	2415
2361	1899
1867	1650
256	1206
543	995
1447	694
1579	395
1977	687
663	1053
356	913
1756	2185
442	1221
1868	1206
2042	2039
2129	1936
552	549
1341	178
2451	2293
2072	913
602	1297
488	1399
972	973
36	1433
733	702
2151	2106
1830	2075
735	629
1734	1952
761	952
1037	2116
1633	1110
1480	671
846	847
2209	1903
231	506
566	1035
2204	2431
982	263
1892	26
1897	817
319	321
217	299
1078	296
2373	1331
2040	2150
1233	804
104	98
1636	118
2128	2219
1486	189
2124	2128
81	84
127	1668
1365	1368
517	815
1271	1231
927	1112
1707	251
526	1627
1365	904
1711	979
96	84
558	76
1814	178
607	741
1950	1163
622	624
803	1381
1787	3
965	514
792	789
249	404
620	835
1605	1041
2454	2248
2268	2275
1575	133
1742	444
1105	1641
113	1445
42	107
2032	2264
1399	1153
203	1695
362	1153
147	604
2232	1092
959	268
1186	483
460	702
2173	2180
197	376
940	938
1303	766
998	992
1399	488
1911	1936
1675	243
2089	743
480	485
938	942
1176	473
2409	2049
128	132
2420	862
1452	243
2054	2052
87	1475
2018	2345
1241	1021
561	1391
1372	965
2127	1756
2104	2055
189	836
1153	487
255	601
417	843
1690	1394
2141	2471
2061	2125
2038	2040
2078	2001
1517	408
1466	1911
443	442
670	1864
2059	2061
2078	2065
1457	339
1108	1246
2516	2307
440	943
1196	68
1409	1610
1413	1414
958	960
607	987
150	152
1076	1078
934	936
537	534
2281	1092
1907	1092
1157	999
1012	1016
1564	180
2124	2061
16	17
604	607
184	256
733	108
1650	1739
535	78
404	979
224	56
173	161
2372	2151
181	1666
772	66
1221	1256
791	1441
442	1255
403	256
821	399
2096	2098
1057	751
2345	2010
2173	2174
1170	979
663	1630
2459	2107
1245	1105
1453	1458
898	117
150	357
849	1276
2113	2361
1123	189
959	905
1581	249
402	249
110	1350
2387	1899
1134	969
1449	165
1018	251
1262	1888
879	1691
373	644
2135	2022
1977	913
1041	876
2183	2305
1048	1866
2271	2107
582	576
1510	1887
1744	1092
1449	1204
373	257
775	707
795	2040
1916	258
304	26
2456	1443
739	1219
981	431
1362	1364
1542	1630
1987	2035
1641	1064
899	926
1096	1097
1358	867
1354	339
2077	2081
1310	1829
1153	308
2400	1454
1436	902
536	78
2403	2075
1061	1060
1424	212
871	874
847	645
2354	2188
1334	1333
1317	1517
2046	2381
221	83
208	1204
347	273
532	534
747	95
119	116
1370	421
103	102
2155	2156
2082	1091
834	1572
1714	1012
361	81
2118	2122
1663	1665
2065	2314
753	535
495	923
335	331
1	106
337	1137
1211	779
2091	1728
869	872
508	510
0	2
390	229
1892	1084
11	53
2130	2133
1025	827
2165	1728
1378	382
1805	958
665	178
2197	2046
384	100
1023	1609
156	164
1125	379
1591	1634
144	1665
1175	1177
716	844
1309	960
162	1282
2480	1532
2489	2185
2080	2300
1859	1177
264	263
539	1364
351	173
850	189
1204	1449
2161	2096
1310	318
2066	2473
302	132
792	1095
86	84
1589	135
98	100
442	1361
197	331
28	827
1581	707
2204	2415
2299	2309
203	1254
2394	2508
2511	1939
102	227
1357	1071
72	1507
1345	1675
153	137
2013	2000
1502	1713
878	1461
2138	2364
2226	2229
1826	309
918	805
2017	2037
1804	1200
974	965
1886	777
779	417
1936	2231
1937	1847
598	595
1961	415
1917	410
568	945
1491	922
1109	1205
236	235
1186	172
2209	2423
2143	2470
1018	1239
1726	1727
317	877
1073	604
67	147
136	1497
98	102
2358	1461
862	861
263	260
1583	1584
2083	2086
299	620
1713	1712
607	1095
1203	460
1961	1709
804	694
1883	1210
31	402
492	496
1910	200
891	1184
663	1111
1175	865
2372	2249
585	1454
1441	1045
1537	1272
1743	1910
2458	2219
968	1504
652	218
199	205
595	597
242	578
1083	732
599	494
510	507
619	1115
1630	644
2168	166
2157	2339
968	66
1069	1067
56	1107
178	516
1160	1210
1097	1094
196	376
1900	1424
433	1308
523	528
2041	2372
84	80
1152	332
134	1060
1396	395
2293	933
2208	2229
595	599
1360	378
766	836
1959	1931
1629	976
206	496
646	1182
317	1750
2360	235
2425	2424
2039	2038
267	1095
2492	2303
1324	1325
1176	1175
1016	1739
2249	2372
219	81
922	836
161	158
1028	477
1985	2055
1047	303
317	1124
963	1024
1031	228
1145	1229
1348	57
1936	620
680	682
25	26
1045	901
2089	42
2211	2033
1904	427
2330	2331
511	516
2490	2535
1327	1899
410	1041
2131	2231
64	147
205	438
566	7
1024	36
68	596
55	624
737	646
1067	410
922	1491
2146	2011
603	987
734	219
71	67
2192	1470
661	225
2066	2424
441	1256
2217	2216
583	747
2440	2120
795	2052
733	2
734	505
247	379
1035	1233
2271	2089
2234	2151
2340	2199
1514	686
157	164
2105	2104
1116	1097
80	83
1656	2346
1616	1522
2353	1091
2003	1604
1294	1196
1491	924
1257	5
1514	1752
1113	598
2232	2407
2177	2390
572	216
1432	1227
1069	436
2115	2087
1699	1022
199	203
448	1392
452	455
703	174
1725	1041
1063	2283
1053	413
464	287
1796	2142
2084	2148
337	395
1514	437
999	1593
1505	1430
1839	1411
2194	2222
733	1008
642	647
1822	153
1637	327
2244	2001
2500	638
1342	436
1798	271
1517	1316
1563	2479
2261	2284
2491	2208
1874	757
2292	2407
1202	730
232	230
195	929
263	1272
2031	2510
819	1098
2297	2137
1120	1119
74	339
2244	843
685	680
792	1060
1389	1423
1898	2075
970	967
887	769
2157	2443
370	367
1628	1626
1848	1849
1273	336
2115	765
501	1185
2466	2467
407	891
1585	708
2126	2061
1666	232
1644	494
2124	2129
1453	1626
2504	1938
1163	2001
835	790
591	1147
1398	219
207	205
247	253
430	569
993	1547
1181	1184
1999	1461
1456	843
537	808
2071	2528
233	167
150	33
475	865
2270	2104
631	636
639	641
1804	829
1387	397
428	567
2507	1532
1186	480
1957	2391
1146	589
178	949
1312	109
991	445
104	1095
1630	217
192	907
367	294
1269	479
1829	1117
2	0
10	14
592	594
1472	464
2136	1734
320	237
2268	2178
642	648
1238	276
834	867
2128	2202
354	346
2370	2308
158	81
255	257
130	817
1357	241
2313	2043
609	313
1031	1032
1831	1493
1144	591
1079	1081
2186	2191
1753	1317
2379	2154
2004	363
1649	541
19	195
1619	827
206	1172
2399	1744
1969	1950
507	508
1310	313
1339	1229
360	362
2216	1849
347	16
513	1769
1112	895
1632	188
150	148
2016	963
772	741
1622	1341
2338	2232
64	71
88	94
518	522
419	420
2048	2327
1093	2523
1181	1182
39	34
2435	2094
953	1214
1911	2169
419	523
1857	1077
2245	2227
1388	754
116	119
1685	361
1202	609
1250	1913
706	519
192	190
210	595
1550	840
1376	609
1651	75
1886	319
2097	1419
1017	1016
252	1230
997	851
57	271
1942	2332
583	576
2008	2014
199	200
1239	1012
807	574
923	495
815	1699
2317	2300
1549	1550
2057	2054
517	512
51	50
768	963
2168	2122
985	101
2068	2067
1511	1514
799	12
546	1088
583	1252
1049	1047
705	706
2521	1744
1026	1817
1423	1425
2171	2303
1492	259
1206	259
1646	1508
591	1144
2208	2357
1980	1249
1399	465
1718	33
168	686
2504	2419
2386	688
2467	2090
2082	2292
707	208
347	256
1111	1112
964	962
1107	1475
2129	2091
1044	877
2284	2287
824	1364
14	347
44	41
1796	2319
796	452
1107	1804
243	320
66	65
1749	801
1837	1943
706	942
705	206
1023	321
819	303
617	494
131	690
1434	162
75	692
2470	2122
963	1026
752	70
741	930
1647	799
1468	231
399	401
196	932
2241	2427
668	669
1434	1480
1391	1390
323	253
322	1022
2078	2151
1152	1154
985	1011
1638	118
21	1622
1690	227
809	1253
1070	1099
1129	1693
146	495
91	566
330	331
215	180
2348	2106
2084	2270
649	652
970	243
2203	2205
1598	1872
1899	259
2014	2083
1397	67
933	2276
1321	1640
700	397
279	585
2	1257
541	576
2501	2364
846	849
1276	1256
1436	1379
2239	2162
1908	1222
424	763
1305	390
1698	528
125	1137
2118	2119
1676	1677
1075	1073
73	74
1946	1947
1223	1225
1806	1039
1325	318
1005	255
2286	1955
2516	2046
63	66
760	761
748	294
964	572
1447	818
1077	1217
1570	259
1824	1833
396	398
447	415
2307	2310
1172	166
258	1565
1407	24
606	217
250	1064
2220	2093
990	1091
460	733
138	251
1516	1527
499	500
2087	2327
2185	2282
15	1052
660	658
1198	776
1319	1695
453	895
124	1122
670	514
1493	1494
1663	1149
2134	2248
2282	2079
1064	250
2249	2000
2415	2320
331	878
2373	2292
2067	2094
2269	2270
1239	1018
912	1696
1311	1805
2266	2320
933	2275
51	52
503	662
1672	1476
2399	1331
561	340
1124	924
1987	2339
731	617
1699	591
2132	2133
1545	589
805	804
768	1125
102	928
1458	1627
1802	1271
14	10
573	1534
11	10
749	546
224	660
1466	2289
1852	247
1848	861
1433	700
1381	713
1256	439
244	208
714	690
255	450
935	934
630	627
701	92
1524	1525
510	424
2202	2128
998	991
4	108
1714	16
383	797
217	257
1637	673
1541	361
398	397
2027	2399
231	505
1332	258
260	264
649	653
842	1784
1940	111
795	2151
799	1647
740	1397
1998	2068
2018	2344
2446	2178
2009	556
641	637
149	355
1017	1018
2531	2039
1257	2
981	1028
1132	107
2013	2151
43	233
1406	596
2219	2091
2274	2040
1017	1012
835	97
76	75
1677	1354
2036	2082
1532	2319
1141	1142
768	790
104	877
1656	2194
327	324
1517	1317
1357	1109
323	325
1429	969
371	367
2055	2234
85	347
1288	382
631	633
1588	1270
1839	151
2350	2158
2287	1898
1770	98
2314	1063
2273	2274
798	955
1272	224
367	369
2323	2229
1137	1313
264	921
146	604
1287	1594
128	131
1212	1510
1271	802
288	289
403	402
2368	2038
183	184
892	548
1796	1830
1992	2068
389	1594
806	1231
705	572
2059	2060
2	328
1291	123
2232	2064
744	745
208	938
1338	559
2242	2243
196	662
2032	2173
1580	1107
52	217
1639	936
216	52
1593	374
2215	2414
489	487
2072	641
1459	526
496	963
97	96
1565	366
1018	1012
1434	345
1096	607
2511	2015
1268	1618
2165	2356
315	1056
465	309
1626	1458
857	770
2179	2178
987	620
33	117
22	559
2201	2077
123	824
2467	2466
1887	1671
1683	971
681	682
460	459
230	237
2179	2323
1749	800
103	417
387	388
1967	1336
2519	1437
992	739
116	118
710	690
1189	969
1099	681
2378	2256
490	489
1327	1886
1108	1612
837	840
57	476
1012	1014
1128	709
338	1442
1157	550
725	1334
1973	1221
1546	1233
2113	2215
1061	792
1325	1742
1277	1281
1038	1037
1522	1611
1959	678
697	1271
80	86
2435	2012
2114	2110
1370	386
2276	2275
2237	2409
1144	237
2119	2126
461	237
445	986
982	1272
528	444
192	665
1814	1048
2369	2370
1323	805
1589	602
953	461
2357	2180
2247	2473
765	923
758	27
184	688
1640	1321
729	713
1320	709
1494	1797
1824	244
801	427
1490	998
156	157
2274	2148
1251	911
1697	1282
2198	2195
917	918
2351	2110
2528	2142
828	714
223	87
132	787
2429	2249
496	205
1811	2500
772	1454
1111	664
1288	1125
596	67
484	1168
2147	2040
1547	1671
2226	2199
1184	645
697	701
576	585
2180	2174
2507	2087
318	77
1769	164
396	124
1869	1660
531	895
936	305
2071	1981
505	155
410	1138
2307	2311
679	835
1706	976
1640	1818
169	733
526	1204
1837	1011
1673	1481
2171	258
2197	2289
1045	971
1799	1122
579	530
2352	2077
1332	299
1148	1150
2313	2046
2180	2357
2027	1958
1851	290
977	729
2534	2181
69	835
2363	2364
2389	2266
1299	1221
1425	1278
2513	2229
642	645
224	180
901	1715
1497	1074
482	95
171	166
955	1243
1687	1688
1083	161
1321	1513
2113	2110
137	132
1704	441
2351	2469
751	1376
541	1995
1312	1114
1455	1342
2507	2103
1349	1107
1714	1715
711	302
1979	1981
761	762
2330	2172
2283	2371
518	520
2060	1050
939	410
53	1764
2244	2086
1317	995
53	649
570	1084
1575	1963
2426	2149
1233	1447
391	194
1840	960
1171	1211
1298	23
1685	774
15	1518
449	542
2219	2093
1965	2173
650	659
361	1685
1442	1097
2306	2424
797	685
1354	824
2142	2140
2080	2173
2282	933
1032	1398
1497	1075
71	70
1955	2104
1551	48
711	714
1363	1254
2511	2102
2084	1037
182	1798
1782	85
1591	1257
1522	1616
945	235
733	875
1802	336
836	189
1006	1720
2160	2162
2314	2014
1824	138
1713	452
1171	1069
1832	977
936	711
1233	1234
2436	2258
1699	417
935	859
2425	2423
2239	2236
135	1750
4	1138
789	66
2290	2293
1148	895
567	568
1088	946
950	981
856	264
348	15
2511	2454
1306	1594
1328	128
703	702
837	838
1251	172
816	1689
1599	1449
2425	2515
1325	1347
10	12
2236	2008
1132	1133
1849	2438
905	900
511	512
760	50
75	79
1200	1022
67	596
373	1593
1124	1698
672	862
2100	1371
662	667
381	256
1855	1680
2120	2403
1961	1014
2272	2009
516	1224
2352	1744
1930	774
32	1255
2088	2055
1357	593
650	660
257	1630
1463	1462
202	1074
569	457
1354	535
2014	2039
2500	1811
280	973
236	704
1793	105
1360	1358
1874	565
1569	1567
329	1787
2062	1337
1642	1680
1083	321
798	654
2323	2455
414	409
767	765
1644	607
2056	2052
2187	2196
1243	1461
181	1665
1298	595
788	1264
1672	1246
685	1385
1747	1113
2068	2463
1572	737
1038	2270
1741	805
62	115
371	295
2002	1998
1327	1857
2402	194
1216	468
2462	2238
4	167
2128	2095
1518	1519
2081	2096
1430	714
1220	123
1675	791
2374	2040
1593	372
802	694
1108	82
1962	308
292	295
1303	1122
76	877
1185	1186
244	1109
1043	1046
1730	203
471	529
1692	466
404	405
725	1238
210	209
339	621
1140	2183
1728	2067
1486	956
1533	2084
1852	254
479	771
2165	2301
1220	544
354	1021
18	23
2374	2038
1769	1275
622	55
852	189
2205	2438
348	1520
1507	189
1647	589
2084	2091
38	1268
2072	638
1332	1334
1115	1204
1386	1276
525	523
626	622
1689	954
1370	1747
850	385
1147	1022
806	1659
2069	2071
2439	1950
2462	2129
2107	2435
1571	1572
2414	2040
2038	2106
2126	1322
856	286
22	299
1443	2456
996	110
792	445
1046	1042
771	646
1422	178
2113	2288
1002	1003
222	223
1334	1890
1640	1819
967	969
2181	2184
740	739
593	173
2403	2211
1425	636
707	940
592	1199
2279	2096
2209	2431
2373	1093
144	1666
2451	2133
1207	256
2052	2095
25	28
972	932
567	571
1266	383
810	1397
72	600
2223	2225
1707	1064
611	1332
2137	2136
880	814
909	192
681	1070
1172	417
1666	174
1088	1435
39	1618
2242	1890
1069	431
2138	2381
1623	1327
2288	2286
1428	1427
2221	2091
2003	604
459	461
1840	1652
1580	573
68	63
595	596
190	194
2111	2143
178	1341
1796	2359
1331	1744
347	346
1899	2010
842	1783
110	909
2369	1830
77	536
625	55
1697	102
1996	1295
1436	1041
1876	683
2229	2264
854	1295
1197	390
229	2
438	1397
1839	1528
2415	2305
2055	2151
2339	2232
1944	1945
2177	2523
612	1660
1880	258
2455	2456
1101	927
440	584
1708	325
2520	901
565	1012
957	1036
1146	775
925	67
2110	2106
913	1976
2384	2241
2326	2151
22	18
41	45
248	250
411	447
1393	1395
2008	2011
679	1229
2269	2105
1759	480
2259	1955
1695	548
1795	1744
600	790
1333	1334
28	25
1462	1463
790	678
864	899
1384	1385
1304	1307
724	722
148	155
267	269
1359	713
2050	2101
1331	2415
1004	281
1357	244
1981	638
2282	2201
1502	1144
231	215
2361	2075
2266	2268
1429	46
2105	2151
2244	2115
594	164
83	87
1026	57
2172	2330
1320	214
1108	1832
1974	413
254	258
835	687
84	55
204	205
1037	2040
242	576
2270	795
1918	1711
1563	1247
1939	9
1819	1897
1037	2274
2084	2274
1240	105
373	1592
284	282
1761	1201
1716	1591
2300	1163
2040	2104
421	205
1134	1135
1677	999
1649	1651
2165	2254
747	92
2400	386
2319	2109
708	1171
1118	299
403	935
103	227
2299	2304
1302	524
349	16
2087	2104
1832	822
617	621
744	746
85	83
1879	242
2165	2082
2415	2373
1903	2207
1977	1285
1438	1318
1153	463
716	413
373	448
588	1185
1604	1523
1119	1120
323	131
2325	2224
2197	2228
1407	1603
1279	882
2306	1656
2423	2424
1420	1421
63	69
802	804
588	907
1482	353
1476	693
154	1143
1732	769
1810	2075
665	1338
673	936
2302	2323
2150	2040
2231	2391
888	867
211	1598
98	101
2332	1856
447	411
1294	63
1014	23
964	206
1710	1151
444	447
1777	1154
413	1014
335	337
1247	632
914	596
1629	714
2386	1588
125	121
1580	391
2007	2102
601	371
1488	1931
19	1643
2192	2194
324	1130
194	1243
273	347
1477	1672
1391	109
2313	1903
985	1196
1314	910
813	816
317	546
2517	2282
1111	836
2315	795
754	753
281	278
311	140
403	347
261	482
149	357
2493	2496
412	890
2245	2251
412	1190
1452	1455
2188	2465
2182	2200
1033	1785
190	197
978	976
2168	2143
19	836
1856	2144
1784	842
2161	1524
227	103
1652	361
61	54
2302	1965
1245	1108
1986	308
2208	2178
2379	2188
2193	1163
854	410
1267	240
379	198
152	151
1378	560
158	321
28	330
18	19
349	59
2282	2147
491	487
1272	1273
1898	2288
970	279
907	123
687	147
2464	2200
1007	1010
1559	1158
1205	978
1446	1033
283	285
307	309
395	141
1262	879
1839	1831
2199	2322
1154	1805
2264	2262
1630	663
790	66
1160	1098
694	698
575	432
2053	2102
1228	1772
737	66
98	105
117	33
1954	2374
1319	576
322	1023
2131	2172
480	261
2225	2113
2462	1943
2098	1830
478	479
1171	1175
483	482
1553	1330
618	666
838	791
308	1880
1511	1513
1253	432
2467	2344
2495	1400
647	847
1757	148
906	1337
866	769
1298	598
1568	1608
1705	951
2156	2366
939	942
1447	1102
1854	445
1910	555
1416	124
1145	95
842	1043
264	982
232	776
1930	1643
2518	2456
1887	1430
1726	1502
811	848
519	577
1364	805
761	763
1584	1582
1820	1015
1422	113
594	592
980	343
967	971
2164	2165
954	1689
1015	1017
416	418
640	1578
1129	1261
827	1090
2357	2208
264	485
1175	473
121	123
854	582
294	76
1015	1012
534	300
1096	1094
2162	2137
126	836
1275	1769
878	879
1057	1328
111	1114
2012	2095
1254	1176
1007	655
1866	2266
1022	390
2332	1907
1529	228
1162	1076
1084	385
2339	2360
304	1098
553	691
412	531
2422	2256
633	631
288	290
21	24
718	720
582	854
1391	1118
1152	628
333	555
573	1373
53	11
1908	1632
1238	1235
2420	2143
748	751
600	646
1316	900
2195	2179
1817	786
2537	2520
1498	147
2295	2425
2368	2235
2507	2468
2245	2252
2155	1691
1413	1305
2374	1954
1061	445
192	906
2132	2130
273	271
978	1205
2132	2043
1348	1020
2459	2403
1156	340
2086	1091
2485	2415
989	877
23	447
1563	2233
572	512
21	18
384	835
1478	1508
883	885
882	1722
420	355
168	82
1565	1154
205	199
2372	2039
666	620
2300	429
1844	1845
922	790
878	665
135	1589
965	966
1057	294
2151	2055
2099	2093
2292	2077
297	298
1517	1097
1294	217
1438	1654
105	98
1510	326
319	186
895	911
911	732
125	127
51	49
1321	214
2087	2283
1126	1127
1155	675
373	375
1577	1059
2380	2309
208	1449
2527	592
1992	331
1197	271
1688	172
1173	428
2281	2174
1296	672
1810	2073
11	12
1968	1043
804	1233
978	1214
1221	1850
1768	1769
1786	1612
1615	1135
155	148
2007	2160
1690	1203
1388	141
655	649
283	43
2294	1062
1878	1115
1942	1934
1405	296
1314	482
2438	2304
2093	2012
1108	1275
1907	2093
1170	222
1585	361
810	1613
879	331
938	947
669	568
625	624
682	460
469	468
798	956
103	775
1305	1306
494	147
2446	867
645	891
658	42
1459	1458
972	951
264	481
2105	2084
1532	2318
2145	9
221	157
591	1022
1467	196
1657	1646
580	519
1143	1141
1240	1495
335	342
1711	362
1055	930
595	71
1826	1595
2125	2126
1445	56
672	861
1851	198
631	632
1351	411
1362	10
1168	484
1085	1208
1418	1567
1768	761
2099	2100
116	117
1297	819
3	108
2470	2472
657	656
1257	568
447	454
340	1554
1078	1076
1667	402
938	208
2126	1355
2186	2188
1171	204
1737	1735
823	284
1061	740
2143	2168
2068	2076
1345	1809
1700	815
1468	645
312	310
297	299
622	1019
709	686
577	519
593	1456
1513	1511
541	1772
1448	680
402	407
1022	320
1087	940
2020	1461
2047	2048
2365	2498
1191	1302
2079	2077
1448	1447
354	347
258	542
162	928
173	522
1701	1907
909	1011
1550	1524
1387	745
1338	101
1446	345
1903	2205
1411	1527
1627	526
1406	1154
413	1745
2203	2204
326	1887
1531	298
1550	1549
1278	429
1897	553
2164	1958
2303	2171
1349	1128
1564	880
113	112
94	470
1985	2085
1683	903
2086	2127
1334	268
2367	1997
897	433
906	1303
881	782
1012	1018
502	504
1652	696
1377	347
2231	2221
1746	1798
125	1284
2327	2048
1757	1758
166	169
735	627
423	139
233	108
890	1952
276	1240
2052	2093
1856	1642
52	218
203	1729
1042	246
473	475
1078	1906
1311	1929
1409	1663
1792	1595
1543	1544
1051	644
2036	2267
2503	1163
648	645
2196	2229
722	726
48	1387
340	1156
1073	240
654	284
1442	1598
1004	893
2427	2039
1810	2072
391	139
281	1631
294	268
1353	1354
1699	1700
667	663
174	1138
1525	496
475	57
320	1022
1550	1036
2090	2102
1837	793
562	563
108	106
2427	2235
1287	389
1694	549
1453	1452
705	709
331	194
2254	2201
813	815
935	833
2522	2453
519	578
443	519
1746	1567
389	390
2314	2361
1275	1693
766	1112
787	151
2266	933
1442	1667
2101	2103
1172	173
887	766
560	1637
1071	778
2086	1744
1098	1160
705	105
2452	2453
2381	1903
1161	1162
1941	1942
377	379
1965	2080
1953	1569
2447	1734
71	63
237	230
482	1704
153	1713
202	1171
136	923
778	686
1670	222
803	1379
476	271
2203	2206
1838	270
2317	2185
443	927
1357	1067
1744	2320
1689	1100
230	232
1901	1570
1493	325
212	339
82	624
391	1991
1768	403
363	207
2391	1957
1040	809
1346	380
2148	1038
209	212
1682	1683
206	7
1564	1172
2080	2176
1080	615
531	1188
209	213
2200	2182
1116	1164
797	514
1275	1276
66	646
1429	1313
1461	1460
1779	1780
814	849
2323	2321
1014	447
1433	180
1804	82
268	269
746	1606
697	694
1735	1952
56	1349
2306	2267
97	946
601	495
1196	1000
2324	2147
1476	1475
162	208
1388	1183
1552	1949
1106	326
1093	2076
2009	2008
645	847
2376	2344
978	55
1291	1369
1553	1556
1078	687
1980	2164
659	1275
2360	1903
1344	436
2438	1062
937	1575
2220	2012
513	915
1224	589
2484	2145
1442	1474
1646	840
1560	1367
2506	2507
790	925
734	180
131	1108
1080	1079
1770	690
1705	181
419	149
2456	2284
953	702
2451	2077
996	930
471	531
1975	1120
1942	2305
759	1678
2263	2225
300	537
1770	1954
1742	449
1394	1690
1596	754
147	69
832	604
146	606
941	410
809	227
2215	1939
2289	2403
1196	1952
161	593
1955	2149
232	775
2340	2188
282	284
32	25
1433	392
2263	2117
2381	2256
1523	644
264	260
977	691
2167	1936
963	1027
2175	2203
87	81
1052	1694
2049	2122
1040	103
602	123
1881	143
82	42
2059	1952
1238	1236
1310	111
2081	1597
2052	2219
197	193
1283	596
469	1216
1592	1048
2325	2072
1987	2162
235	237
1426	950
2046	2313
2396	2397
1837	2124
2129	2169
1026	1847
1074	521
2448	2055
2449	2334
417	167
1268	39
1505	632
604	605
688	302
1419	794
2324	2202
18	24
653	695
2504	2120
339	257
982	501
1103	1109
1141	112
1274	593
2534	2300
719	991
1066	1648
599	835
1427	1428
793	2129
1086	1082
1767	120
1775	2108
210	611
529	471
1118	1644
2426	2205
2230	1796
1349	1232
146	835
1495	1528
458	1799
2109	1796
2149	2329
887	145
1472	1473
2083	2014
872	873
1740	816
1812	1301
739	1843
905	1914
425	1837
379	248
388	1456
1053	930
1939	2144
2412	2300
910	1936
87	83
2024	2171
436	1344
1305	816
211	783
2276	2282
149	356
2219	2012
1651	786
1985	2018
959	542
1051	1094
1353	216
162	226
588	1426
358	184
1751	1531
1493	1395
1328	1057
1740	1277
659	1058
597	341
886	1266
231	167
1744	2086
1303	1251
2304	2378
410	162
1264	1284
954	798
729	730
1039	172
1772	447
429	15
2365	1796
270	273
1896	382
2372	2041
2190	2189
2168	2469
15	14
1481	1477
2072	2090
814	1519
1285	66
159	162
1382	835
1509	583
2016	1985
666	664
498	501
2158	2222
1268	1183
1330	2142
1332	900
1670	473
114	112
2180	2173
1618	1268
597	1457
1178	207
1936	2471
221	1725
2295	2299
2300	2301
2527	2233
2480	2145
2481	736
1100	1609
190	191
508	507
391	573
1094	663
1773	905
818	694
1482	1445
1119	1121
1547	343
1562	743
1705	256
363	434
103	522
1064	139
5	0
1445	1349
2409	1936
2536	2281
4	235
65	679
910	679
1094	1016
2175	2205
1036	957
309	832
332	333
974	1146
497	501
799	1213
1100	1255
350	46
1270	497
1791	282
2189	2196
124	397
1262	1261
134	792
1997	2002
900	904
1522	551
2512	2408
1115	619
2259	2201
1204	1099
2347	2112
1813	1319
1690	1543
1018	1823
1840	900
1678	1516
479	1298
1979	794
1356	1524
690	305
1851	379
315	1408
660	85
1396	1393
1502	1646
245	246
1625	627
1998	2002
1069	780
259	2010
1186	588
661	652
1751	550
1263	1260
1241	1244
2380	2378
1293	1916
1957	2390
945	568
1109	894
488	1218
1531	1661
419	355
552	1455
635	1321
2074	2094
593	170
1056	751
2026	1678
1670	1510
2401	1939
445	988
13	7
1622	665
1782	82
2107	2221
1098	787
104	267
659	225
687	495
719	609
192	101
33	889
1486	1487
2344	2249
254	255
2012	2324
678	931
175	178
1551	570
305	673
2260	2225
97	1609
1497	1498
2124	2126
1742	542
1023	703
935	345
2375	2391
1174	1131
875	43
1769	1276
1868	528
341	597
2157	2416
1530	1232
2268	2431
73	79
952	700
2508	1979
504	1379
2138	726
1051	21
1596	1598
679	790
767	922
61	1665
428	1522
951	1705
851	998
389	139
1221	439
1768	1120
1327	1742
1964	1965
1117	216
1216	1215
1633	427
1168	148
2089	2282
462	459
87	82
291	289
990	851
200	207
1199	592
921	856
2207	2206
1353	1118
1301	453
360	365
1659	1229
2097	2333
617	101
2483	2349
617	388
793	1837
2521	933
1516	1678
1775	2349
2040	2105
342	335
694	695
2352	2206
1955	2084
281	1205
769	766
1192	1190
1107	224
1591	717
1310	1114
2071	2493
1734	2121
440	443
2513	2381
108	422
298	1096
121	124
194	191
1652	8
2448	2414
832	833
1479	703
1596	1093
995	1982
291	201
1748	1057
36	807
1029	1030
1203	1177
405	249
2048	795
1759	1185
2215	2286
2315	2264
1567	1568
585	279
2528	2366
1175	474
16	510
2392	2133
2196	2189
2058	2057
417	775
1513	214
748	749
98	99
751	1377
2516	2313
1334	542
1178	1179
45	875
121	125
846	103
1633	1019
711	690
241	857
604	146
2402	2426
506	1692
2434	2093
1608	1567
2139	2141
619	664
1647	1843
1938	2003
929	931
577	580
559	608
2185	2262
1613	597
701	7
1339	559
2363	2027
2225	1943
1959	64
736	824
2309	2210
1371	2057
1477	693
197	190
568	453
1830	2113
737	741
1161	878
694	701
835	987
721	2475
2468	2344
1932	1439
690	140
1651	947
190	193
1042	1046
344	349
2077	2078
278	276
1594	386
184	142
566	138
170	590
1249	100
1087	1093
2224	2460
1583	786
321	577
2536	2357
411	1444
206	207
2185	2300
1453	1073
2325	2429
1566	258
1959	1838
1196	596
351	594
697	698
274	843
2324	2093
1775	2326
718	721
551	609
281	141
181	949
1376	77
2314	2283
1796	2145
2410	2418
174	320
620	617
228	790
1858	1674
2163	2138
917	217
2285	2218
847	648
2128	2093
2488	2082
2339	2309
1088	1112
2395	2189
2400	389
321	322
885	1421
2057	2055
2080	2201
217	147
78	1931
2432	2307
2463	2430
2130	2132
2456	2257
2061	2126
917	1011
193	376
2030	2356
1114	1117
1772	1053
2132	2200
84	83
1304	1306
861	1167
2204	2218
2414	2107
1475	56
495	835
948	16
2340	2309
1254	1253
701	697
1679	1680
582	410
930	909
1484	1642
1697	440
2087	1063
22	192
605	1736
676	557
1043	1361
2287	1830
480	483
1954	2293
2478	2209
1138	777
568	4
192	910
349	256
1049	1734
1770	383
2524	2190
513	1768
1035	136
475	46
1381	729
1472	309
447	1014
1072	1075
340	727
1830	2319
756	758
2190	2179
1308	433
1139	1993
2067	1728
898	897
2448	2056
67	925
2126	2231
1799	1607
2008	2013
381	21
765	767
97	1148
2366	2164
1183	1674
251	395
872	871
671	673
320	770
155	742
1708	323
1229	806
464	1045
1447	1448
165	1023
2154	2027
2018	2016
1535	42
19	20
2303	2334
2376	2377
370	371
989	769
3	0
1475	1477
1841	1317
1343	159
1759	1760
717	1634
1096	985
2171	2436
1044	1337
1144	703
2055	2448
2071	2522
1226	1228
2518	1715
236	1718
2362	1567
1189	319
2199	2189
2320	1744
2300	2201
1305	1746
24	18
9	2074
1644	1118
644	1052
828	395
1363	1410
2332	1950
1143	838
1114	111
308	750
2173	2177
61	462
841	844
2370	2251
640	637
178	1064
2071	2506
1229	830
1235	1236
862	1309
365	1650
304	484
1670	1672
50	763
2308	2310
1393	1394
774	1273
1495	979
1582	1584
494	1182
2361	2010
2399	2320
1362	694
2387	2439
2533	1958
1733	1049
1538	758
1819	1818
1418	1289
438	431
1737	526
2341	2340
168	822
925	1034
1376	78
1677	386
1035	14
1467	382
470	472
1954	2201
149	358
1320	220
1372	529
1270	1835
1199	1147
1391	340
918	20
2008	2010
2162	2161
1256	165
512	517
285	1023
2310	2308
1288	728
1568	687
2065	2078
1462	644
404	249
577	706
2058	1899
1014	1745
1684	995
217	987
741	605
1479	1100
847	848
731	383
1573	242
1202	961
2043	2045
2080	2185
1305	1747
247	340
685	962
607	835
450	1116
704	170
797	953
556	836
565	545
1197	658
1154	121
121	126
956	1487
1095	792
780	943
168	170
1145	1102
1017	1015
455	452
2390	933
869	874
1113	1111
1581	572
998	851
1326	620
1752	1229
170	593
1701	1702
1138	1669
1892	1201
915	563
354	401
700	1934
2538	2154
111	314
2507	2167
204	103
1179	285
989	600
1106	1108
107	624
532	533
2297	2467
2381	2210
1410	1412
1850	1255
960	1309
992	740
81	219
1375	1266
2271	1955
352	572
344	256
1013	1012
292	296
959	298
791	1857
2517	2355
1566	449
118	1636
2060	2022
2323	2302
1037	2089
2477	2478
1913	1722
2159	2320
286	287
444	448
272	462
1064	385
2141	2139
2444	2075
275	276
978	1609
325	140
290	730
1078	1284
1639	1510
356	113
918	701
1127	24
1103	1104
148	154
1319	1282
2377	2126
764	765
250	14
1641	1707
1252	1251
896	749
2145	2009
790	72
1584	1098
75	609
1888	758
363	437
2000	2372
603	417
1712	1502
262	614
919	274
679	604
2259	2055
2011	1955
1410	1411
81	1232
531	1189
48	95
636	634
2298	2457
107	82
2204	2178
2142	2472
155	1266
2038	1936
1104	1039
2025	2387
1836	943
2134	2357
976	1204
1447	355
1782	80
55	626
367	371
2231	910
987	607
2523	2357
2418	2428
377	382
2110	2114
364	362
250	251
304	936
979	115
926	102
856	500
1382	931
1521	990
1278	141
1916	22
23	1835
75	521
1802	432
531	471
172	1039
956	1486
523	145
1229	973
1569	877
1585	671
533	806
649	632
339	196
2367	2113
1967	836
1256	166
1014	791
626	625
606	147
746	1190
921	261
2532	2180
1265	1317
1922	1399
1125	925
2239	794
965	112
566	569
639	1312
2231	268
1451	438
1075	1498
2433	2437
648	811
1989	1832
482	261
1339	492
1368	598
1245	1085
527	526
649	650
781	352
2206	2456
2240	2137
617	618
326	323
691	651
2538	2428
1477	353
1735	1461
355	149
1490	258
572	347
147	618
215	231
1099	1101
1997	2003
1074	1752
2308	2307
755	752
374	537
1650	1227
429	1689
242	577
476	1020
258	725
1805	1245
1883	90
1189	235
1020	43
716	903
1850	1950
926	928
905	1773
2146	2147
2474	2393
2292	2282
1172	1564
582	577
255	104
1123	495
1042	1043
1247	796
772	687
1039	244
2509	2210
850	187
102	780
1933	509
225	218
185	189
1233	818
673	305
1753	1203
1433	1695
494	63
883	704
836	925
134	1095
1943	2373
1013	1016
735	736
2143	2221
271	476
1659	806
2216	2218
195	19
574	966
1619	1359
2225	2125
1436	504
2223	2224
1857	1361
418	770
1397	546
2226	2227
881	885
725	296
2181	2185
436	431
955	1579
613	614
2321	2195
100	780
953	689
2065	2032
350	351
1312	639
2203	2176
931	600
1855	387
1404	1406
223	652
1718	357
1154	1311
1023	320
779	1071
2041	1943
1106	822
1589	406
975	976
1462	1464
1733	1196
267	268
547	552
1536	1367
590	157
480	484
1044	1111
846	174
217	835
2226	2197
1140	2299
1792	483
661	85
634	141
450	604
401	15
1645	1449
1211	585
2468	2151
1230	1499
1377	1477
1848	1031
1414	123
950	575
1581	786
687	66
712	1510
2521	1163
1276	1769
1138	944
402	404
963	981
1265	1314
2099	2095
1033	1035
14	16
2381	2380
1231	438
1327	1898
1165	1988
651	655
112	115
1071	1452
1695	288
1674	1227
2053	2458
790	679
8	696
424	968
304	250
1489	189
409	525
336	657
1550	19
180	170
2121	1196
361	1273
1124	792
1647	1731
967	587
2056	2060
2288	2289
34	35
1955	2259
1225	1224
762	507
495	63
137	142
1294	1229
2004	1899
486	489
147	835
1565	999
2377	2095
405	403
1278	1173
446	444
814	880
1508	1188
383	1891
2017	2278
572	1174
272	173
1377	609
2439	2246
1973	1994
830	1449
1077	1355
540	628
2261	2316
871	872
135	331
836	922
369	370
2348	2347
1179	1071
2076	2288
56	663
2097	2225
678	495
2029	2030
1447	656
476	1135
924	68
1577	806
112	114
2013	1936
731	732
1195	749
1455	519
344	345
1382	907
667	662
2361	1898
848	846
1986	1987
2237	2041
1465	1841
801	800
2213	2297
1295	1200
1883	93
1763	1419
1077	93
974	938
2218	2232
929	605
1615	453
2107	1998
989	991
138	249
876	1059
1396	1243
2036	2266
540	1541
2521	2399
1043	1370
1991	77
1470	1091
1327	1738
2411	2264
1356	1110
1616	572
275	277
862	1158
1254	203
1213	1081
1744	1325
401	349
779	778
395	250
2385	2381
1965	2302
1827	72
1446	609
255	1097
256	1207
1945	937
819	691
368	788
390	1147
1027	1454
1107	660
192	574
1507	1034
802	803
510	16
1530	82
1722	882
280	1631
65	63
2141	2472
2314	2244
1306	823
821	817
839	1262
2058	2376
691	347
180	215
768	1397
2013	1903
1413	660
1077	1255
2176	2174
1750	600
2319	1532
2219	2094
1987	794
1954	2055
2128	2091
2212	2213
127	122
1407	1565
1505	1506
2477	2396
766	769
2305	2092
305	131
1831	956
2195	2258
2372	2373
2428	2120
652	224
1668	1390
1082	1085
2043	2044
534	533
2091	2092
623	626
851	999
560	1114
932	195
1266	170
2038	2055
1810	2076
692	817
2206	2352
206	964
176	177
645	1277
2042	2055
890	889
2083	2087
694	700
857	241
1530	1764
1874	1678
1743	1840
584	493
578	581
2082	1093
401	403
2465	2336
2427	2073
823	283
1448	686
1057	78
2021	1992
1361	442
252	585
2007	2236
2095	2012
1907	2476
488	465
1770	1166
1255	442
1028	172
666	1182
1038	809
2040	2084
1322	2126
1169	1246
1317	1097
2219	2220
2124	2125
2440	2134
1888	1927
1022	164
1795	1050
1786	312
222	225
1541	352
2398	1944
1591	1777
1779	1781
1322	1936
1831	826
439	442
273	270
2005	2434
1355	1221
950	948
1359	151
1823	1824
829	85
529	160
1696	1440
1299	1300
1766	419
1461	456
984	757
43	590
2464	2154
2171	2354
2069	2054
426	429
1982	2194
2148	2084
98	104
1273	774
1957	933
1784	751
998	1490
1486	568
964	1172
535	300
2219	2221
1772	413
1234	1233
196	193
900	901
563	513
265	261
1712	389
1135	1241
1484	1122
29	25
519	576
1206	1207
1653	362
677	140
1210	1861
994	543
402	406
574	1039
2104	2105
2261	2315
2006	1532
1719	1341
923	790
1538	936
2024	2131
1677	1392
1290	1418
798	356
825	1296
483	263
1398	1782
1173	1277
436	278
1502	1726
2014	2361
689	353
1961	1745
1576	904
1886	1355
657	232
349	348
226	228
1808	16
1931	749
1406	267
772	771
2005	1810
2243	1754
629	245
273	1009
1538	1541
2530	2140
149	359
1832	1275
464	463
1096	255
2202	1091
1749	1325
1124	78
362	699
250	405
1231	1412
2150	2105
1585	206
979	1612
2349	2347
1409	144
600	572
2005	794
572	1172
538	540
452	456
374	376
1298	714
1077	442
1444	2518
697	802
1404	292
76	78
962	352
350	353
1644	1117
510	1398
1041	1669
1838	1088
1340	981
1372	1135
2164	2166
1959	494
1974	1631
889	412
66	792
2083	2088
1898	2264
499	921
1204	686
1768	256
706	940
926	1454
964	352
676	1311
2150	2088
1642	1855
1445	113
788	371
82	1214
1746	1494
1346	991
1274	161
2093	2128
2011	1038
2106	2040
1259	1260
922	765
291	207
33	149
387	386
1880	836
1571	153
1850	1221
692	305
2309	2379
2032	2256
2266	2321
1567	1570
2299	1093
816	1928
2175	2177
279	706
1909	548
1494	1799
987	619
44	859
2039	2256
1607	1120
522	102
1206	256
1171	434
392	359
1577	1610
749	877
1136	856
665	1341
904	748
2204	2282
1118	1432
1028	907
617	620
890	1196
1001	1489
41	44
2104	2088
2149	2038
398	582
926	927
1117	299
1591	491
2112	2114
1452	779
1415	884
736	735
1715	1738
2151	2038
2221	2435
1020	703
209	210
1237	1236
587	588
497	498
635	1217
521	778
2416	933
1479	174
0	1
296	1078
483	264
2404	2362
1704	93
2447	1735
2195	2065
1460	625
829	224
1347	1210
2276	2127
370	788
1002	1004
930	604
2229	2064
517	251
578	519
2335	1329
2065	2315
812	302
435	413
1067	1068
811	1099
1612	329
414	977
232	234
1938	2120
2412	2282
2085	2106
205	206
475	477
1005	1124
1340	178
1975	76
2014	2013
391	1534
466	467
382	1446
652	83
41	42
2337	2375
1562	243
435	686
312	1658
315	1137
748	123
1817	1743
1039	437
1827	268
1957	2268
2218	2233
1172	170
586	1621
1117	985
2241	2240
1005	910
1889	437
924	70
817	692
574	208
239	162
2286	1830
229	390
473	476
1946	974
2370	2181
951	806
1934	542
1048	205
2160	2161
2073	2234
2055	2150
2011	2146
1318	37
891	645
619	617
2304	1744
522	173
999	449
2157	2490
2022	1735
685	980
994	1656
1487	1594
1198	1697
154	49
1890	2164
1145	966
1104	619
1031	1037
1889	1514
803	802
1608	1568
2088	2105
1596	1597
1877	54
2179	2032
1467	1061
712	1079
170	180
176	179
701	694
2311	2159
1692	869
350	347
1161	1163
511	513
1703	1068
284	471
1058	1059
1247	869
878	1460
824	907
2435	2271
2190	2173
714	1629
1798	1277
1953	1317
588	1071
594	864
1334	1043
2341	2309
863	531
1199	390
2088	2150
190	198
2312	2191
2009	2158
2105	2040
2014	2087
2234	2106
1277	1280
2263	2260
608	559
1283	810
94	472
1546	8
2176	2077
2216	2217
2274	2087
333	554
1806	1924
2524	1890
1793	1066
133	1574
492	475
1007	1008
1807	835
2461	2462
204	201
2147	2249
248	253
489	491
1263	1261
2289	2083
650	661
289	200
1700	235
2431	2268
2199	2198
767	1614
2338	2265
1653	140
421	90
652	659
979	1170
2323	2196
353	714
2418	2402
1975	1302
708	403
121	7
2194	2068
482	480
2428	2418
292	294
687	607
156	160
1296	812
1851	72
267	1827
817	820
1490	1949
2512	2513
285	519
2509	2379
1607	1258
50	762
1855	1167
2371	2375
2172	2131
1278	1277
842	1678
2293	2174
2227	2245
2114	2112
1035	1031
1432	1806
871	873
1920	1674
1500	261
2041	2343
1747	1305
665	22
2302	2107
2268	2373
1285	600
2280	2493
1175	476
1343	1344
619	1182
1812	1570
708	206
1296	671
1429	148
1248	1249
1575	1574
1354	216
985	836
2326	1903
1713	153
1965	2065
1334	543
492	494
2148	1034
815	1701
980	1579
864	590
1824	1708
1955	1038
486	488
207	289
1896	77
1100	889
746	1219
1472	1474
853	143
2378	2309
1774	1775
186	321
2150	2151
2381	2465
1542	217
2197	2313
1408	20
363	1802
560	327
2347	2146
2346	1443
1718	828
1161	835
1199	164
673	711
133	560
1718	1719
2250	2132
2481	1297
547	548
1199	157
1676	1392
1639	1640
2199	2188
656	234
1594	1595
1569	1482
1885	124
2358	1983
1579	405
618	1320
690	131
489	486
661	1058
1260	1461
2303	2164
2287	1899
828	1718
394	1591
1684	543
1743	1911
1674	684
2246	1997
246	735
85	219
445	444
628	676
1019	658
2363	2365
451	214
999	1382
249	405
555	615
452	454
2451	2335
38	1674
1857	1212
84	223
2215	2246
429	1278
2091	621
55	230
1894	1652
1718	780
842	757
833	294
1194	170
1242	880
664	620
424	432
2009	1092
2314	2270
1880	665
787	673
2006	2457
656	657
906	1336
243	593
1844	1423
1739	1016
2026	757
311	979
932	1350
2437	2433
619	666
513	273
395	405
1274	173
1285	68
377	77
2138	2385
2295	2412
1064	251
255	1096
2474	2183
408	410
1939	1847
371	788
1260	1261
24	21
239	580
1907	2407
1094	1096
2295	2320
2282	2089
2022	2060
948	682
878	248
1453	778
219	1782
1038	1955
73	75
1877	476
339	604
859	44
1672	1412
102	899
646	66
254	259
1940	1125
2406	2171
967	968
1805	674
2325	1903
574	243
608	255
1937	900
1355	441
540	1403
2135	2139
2187	2188
2510	2517
1782	224
1851	603
1157	546
1173	572
2524	2479
1874	759
1138	4
1202	290
1202	75
1184	1737
148	153
1079	1080
235	230
837	549
626	623
771	65
77	78
680	684
1528	1411
2215	2115
939	947
1065	1686
1592	828
1850	1923
615	1304
1001	1123
722	258
608	1027
514	1081
879	1261
1585	1480
929	933
626	55
592	770
904	198
1596	1140
941	938
1405	1521
1561	1562
2378	2027
1670	141
2386	1934
1656	1992
1822	1130
2344	1936
38	943
577	321
2215	2010
1578	1577
2013	2372
476	57
1832	1105
2533	2166
293	546
418	1022
1169	1168
1073	1449
952	761
1440	912
101	795
572	206
442	43
2209	2254
1982	2139
1486	567
2210	2229
1526	1414
751	610
759	757
1695	1319
1507	70
1671	903
641	639
618	617
128	133
1840	127
2209	2309
413	447
1659	973
352	962
604	69
2264	2261
259	1492
2014	2327
2111	2110
1577	1504
2400	390
865	1175
2269	2151
1507	67
1890	2035
749	790
307	464
25	29
854	271
1930	804
924	987
123	741
2066	2306
504	902
443	899
1542	68
805	701
459	462
1823	431
706	577
269	1365
2332	1163
2422	2196
2093	2095
344	16
951	1178
2414	2274
366	1201
65	66
467	823
1135	569
2518	1443
2303	2336
165	320
1522	1615
189	1491
1478	138
2048	2047
35	34
959	1327
1705	806
285	282
2489	2072
1051	537
2410	1830
2338	2390
1794	1050
592	399
918	145
974	972
151	152
1915	861
2138	2386
703	453
2321	2373
767	546
2141	2470
469	1215
604	339
54	59
335	336
1060	1062
1195	1423
707	520
1097	1096
2231	1936
909	1055
12	1250
88	92
1382	147
1943	2076
2303	2183
2130	2131
1211	1628
2125	2127
833	1111
1186	1185
1396	1207
263	982
2193	2233
2281	2283
1896	377
1060	992
2298	2008
1152	1153
127	1840
281	436
730	20
1058	659
1743	1325
206	205
1101	775
1901	1710
1727	1167
1956	1409
2206	2284
229	702
2029	2033
21	1799
1269	869
1430	1505
100	88
2287	2368
644	1054
1889	1752
1647	1218
1441	967
1547	1247
1876	1004
1044	1669
1365	1366
2116	2325
1501	1230
1294	604
325	1708
1755	1867
164	1199
992	989
748	370
1902	1336
636	631
1116	338
2351	2213
1460	878
66	495
1486	1488
2404	2405
1607	94
861	862
475	1372
663	667
808	957
169	170
933	2277
2048	2326
1826	1828
523	525
34	36
1812	670
1710	1149
1892	1893
242	809
2214	2435
2125	2061
817	16
1742	268
922	925
1057	1784
1270	499
791	1084
2053	2180
1650	1867
2206	2315
654	1194
959	444
2269	2038
155	1084
2445	2341
1326	617
131	936
2167	1604
1598	1867
1197	1020
1634	1591
295	368
180	1864
2365	2460
1103	1110
1749	1820
856	921
759	1516
692	991
2134	2055
289	288
1662	997
1043	1042
789	923
974	1231
1285	1294
1950	2332
1240	778
270	272
2305	2460
398	160
77	318
1267	1268
2380	2210
1863	37
1978	490
127	1264
2293	1163
908	192
1123	1124
2309	2127
1819	357
14	401
104	450
2084	2040
1181	503
1050	1795
2136	2060
1457	1644
117	897
1594	1487
1239	1240
1065	509
1283	67
1695	203
252	1075
638	639
410	208
86	82
2010	2215
150	207
1047	261
207	288
2390	2523
185	174
1492	2398
1842	1258
42	241
508	432
1876	1018
598	1677
2399	2027
1408	950
772	739
1434	1882
1368	808
1668	1097
2499	2032
357	289
765	70
207	203
2377	2052
2303	2323
429	426
13	11
70	790
2066	2065
2183	2181
1696	1028
2121	1728
1677	607
662	664
211	1895
990	997
1931	78
1686	1635
852	867
575	424
1378	1328
227	1253
2214	2259
2521	2490
2535	1992
86	1475
1946	1185
1325	1744
1503	308
710	714
512	574
889	457
2211	2201
413	1053
617	619
1968	174
632	1247
2206	2256
790	835
1926	827
327	131
1475	85
70	1034
2411	2117
752	755
2384	1532
1953	1143
1366	739
1989	460
1012	1013
2101	438
1245	1246
99	564
2269	2107
1910	415
2299	2209
664	619
963	505
168	180
1329	2447
1042	1044
1217	1221
762	763
2190	2186
273	407
847	643
1968	1181
749	1195
239	241
1938	2410
539	143
1917	707
1422	150
967	651
2097	2246
582	777
62	1134
793	2128
2339	2382
572	964
2045	1958
774	1802
1749	1463
2182	2201
619	618
450	379
632	631
458	490
940	1373
1009	968
1515	1516
973	1659
570	567
185	187
1459	972
1871	724
2339	2166
1366	774
1468	1200
230	236
1669	777
379	904
1567	1341
1974	383
2088	2038
1532	2109
1137	1409
331	879
2466	1532
2045	2043
778	1458
1488	998
1652	1410
620	618
629	628
321	320
622	626
1249	1979
1533	2297
2523	2390
1404	122
1128	1349
635	1245
879	878
921	260
299	833
166	170
2499	2299
1399	1922
679	343
1423	1195
1600	1601
2135	2123
166	167
1979	2088
1277	1279
1767	420
1184	891
8	1233
646	737
153	148
818	1234
476	473
422	423
2429	2039
1880	1598
517	1707
635	1247
1648	632
1309	692
238	241
517	214
2402	2015
993	1546
789	678
1020	1198
660	661
1071	1357
2355	2179
78	1124
680	683
1355	2093
620	1955
1865	462
1447	1233
1655	1730
2064	2258
50	1032
1331	2266
1727	901
979	404
1116	550
188	1831
1759	357
1171	205
1115	617
1580	1588
338	1332
1786	714
568	944
937	1016
1484	516
693	1477
477	493
363	431
128	134
1557	265
2354	2198
186	770
604	608
1169	659
1178	1180
68	1285
2275	1957
2201	2195
1375	1523
251	138
1221	1479
1744	1911
196	1467
2025	1131
2194	2126
425	308
2105	1955
972	974
1507	621
1050	2230
1182	664
817	819
1096	1017
1229	605
21	644
1817	1178
1939	2420
2368	2149
1685	336
252	578
140	717
1491	766
1270	1588
1032	1036
518	519
1440	1024
172	581
267	266
1507	790
1203	927
384	281
2286	2287
596	1397
816	1729
1523	604
1186	482
2055	2085
1092	2093
1022	322
214	1320
1769	762
1660	612
613	616
2417	2284
244	1357
1510	1605
1310	75
691	977
1200	1935
204	1659
118	1638
291	205
2079	2301
2480	1533
1250	1201
169	1172
187	70
1243	1372
2379	2210
295	371
306	308
1249	1981
741	1011
392	5
2302	2505
1953	287
1497	1230
996	644
1917	14
622	3
1695	1621
2329	1898
69	931
673	690
160	529
2367	1898
1679	1681
302	692
322	320
1252	747
412	889
601	67
2129	2127
313	318
409	901
334	843
941	947
111	1829
225	156
915	20
1095	1397
2413	2293
2444	2337
1765	886
313	317
674	301
1746	1906
1330	2137
1222	40
1251	1252
2173	2178
638	913
535	1467
840	583
1348	473
1904	1905
1039	1040
548	832
2203	2173
390	1454
1898	2117
227	159
579	592
1716	1515
791	1006
219	85
1563	1756
2204	2205
2187	2197
1217	441
2116	2160
999	769
2322	2187
581	576
953	1213
499	1265
2132	2044
77	1057
341	790
1576	21
771	772
2123	69
54	57
1256	442
1033	136
2401	2402
540	353
284	283
1294	299
156	161
1518	346
279	1074
2149	2500
875	843
1974	974
2306	2065
1148	1149
1673	221
1942	2333
905	1053
1130	1568
1070	1067
2354	2196
1153	286
2028	1174
345	1434
739	992
2046	2152
768	67
1757	1571
1113	833
1756	2205
2507	2083
1092	2421
92	698
828	131
523	526
705	708
2352	2127
2528	1691
1814	1616
300	534
131	711
1241	1135
1497	811
1146	1145
2376	2129
1142	1875
976	978
1699	848
1630	1542
1473	1332
1220	601
53	1804
816	813
2327	2085
137	141
1015	543
436	281
1649	1167
416	390
1582	786
2149	1955
2012	2002
1550	1244
2403	2205
1771	1772
1598	124
135	212
989	832
720	718
2519	1742
383	685
1263	1262
650	649
483	480
985	1229
707	966
1449	942
733	169
2205	2175
1332	909
2217	2064
2354	2310
2236	2238
2297	2213
2067	2082
81	80
2121	2093
424	509
2050	2454
293	292
1241	1242
483	260
506	1885
430	1522
405	141
148	149
1472	1399
716	1872
1072	443
409	1266
242	421
1698	1055
478	128
2491	2189
699	77
1943	2012
2165	2411
274	1454
1798	1891
2221	1936
1446	1535
1553	1555
2284	2185
307	306
2055	2235
132	137
1737	1734
774	1477
1108	1169
1973	88
740	1613
1547	1510
1508	1509
1285	646
2329	2115
702	237
347	348
2499	2079
783	438
1711	1962
36	1168
2221	2271
690	714
379	604
690	673
35	206
402	141
698	95
2146	2149
2177	2205
439	440
1804	224
249	250
1796	2230
558	258
2425	2320
139	391
2473	2411
1855	758
228	618
659	59
2017	1900
2383	2193
1347	1325
1759	33
835	1644
2039	2085
1733	1734
1085	1245
856	499
351	592
379	290
1750	67
2369	1837
1136	1139
1699	158
2052	2020
2106	2270
25	32
1073	578
1392	1676
772	678
1312	111
2273	2087
776	658
590	43
2000	2129
1511	476
1626	1453
1451	1161
2371	2125
446	448
869	870
1392	1051
795	2088
181	175
2158	2094
34	38
395	251
1553	321
1556	1201
2247	2302
316	313
1359	1674
1577	1666
1417	127
1511	1512
1514	548
2352	1400
21	1576
2203	1903
599	1368
584	440
369	367
714	1786
251	1098
854	584
1275	1832
1844	1846
1489	998
521	279
756	715
350	354
1315	98
28	826
974	973
2287	2367
1794	1795
1382	646
1801	1512
2293	2300
302	690
282	283
103	843
676	1312
1033	1280
1507	596
2399	2304
1708	1468
849	186
172	1251
1498	279
526	926
2106	2150
477	474
2353	2082
1314	1265
690	302
1193	1065
1903	2201
230	231
40	1304
907	824
1691	1460
2406	2188
576	584
933	2072
1353	77
2133	2254
1280	1031
600	65
1795	2230
0	3
256	348
540	1538
1698	738
646	69
2422	2281
1525	658
2306	1062
1584	786
37	1455
707	1100
2400	1855
995	543
2109	2319
2458	2094
682	276
2440	2441
2402	2401
156	162
546	70
1535	1446
861	1166
31	33
1418	1531
1337	999
606	1397
461	459
1436	1440
1362	804
2037	2038
685	383
440	410
828	1098
765	925
1494	1746
1338	665
1553	1554
175	179
1404	1405
709	1320
2454	2102
726	382
1957	2036
1277	95
14	1401
215	167
1648	1764
2426	2440
351	591
2271	2435
1249	1390
134	454
909	644
2414	2001
1697	1039
2193	2192
1533	2145
225	1058
322	770
1312	1376
1883	1018
881	1460
1434	1320
2247	2439
822	219
1423	645
554	1208
350	147
210	609
1831	1823
1698	1053
573	405
2106	2110
1854	1061
1750	1011
1278	144
1315	1166
1302	528
845	841
510	509
770	320
1596	306
2206	621
1956	826
240	1204
707	1102
2371	2324
1386	988
1093	2301
732	911
9	1939
2250	2044
1230	552
775	1039
940	574
1344	1343
543	994
1421	873
951	445
448	1333
1750	1489
819	1274
1822	140
1604	2169
2259	1954
604	147
1507	101
290	203
606	604
710	366
1204	240
1740	1741
1466	2011
2	56
314	831
2195	2321
1299	529
2435	2128
499	497
351	593
558	1164
1088	1337
260	265
1364	1369
1692	872
805	1271
647	643
1033	1786
1502	395
2337	2444
1700	849
2491	2179
58	1576
2511	2090
48	1551
14	15
63	65
1356	1525
603	599
823	282
1064	980
185	188
157	334
625	623
628	627
2365	2134
2215	2110
327	1296
986	339
1134	62
2374	2151
2301	1093
789	67
1468	1469
2269	2055
2167	1898
2240	9
2376	2052
2458	1037
463	465
2211	2290
644	1055
2199	2197
1456	1274
1214	1530
445	987
334	321
2152	2046
2373	2315
337	1292
620	931
1637	690
389	388
1690	384
85	1475
1857	563
1695	1320
2534	2266
1475	1445
1053	449
1288	1289
815	816
2339	2490
2248	2192
2518	2455
1261	1693
1697	743
384	684
2269	2084
505	215
1058	652
335	341
970	45
322	321
1369	1732
1256	441
572	691
311	1086
178	1705
394	717
1418	856
495	64
509	508
1950	1938
210	610
165	580
1486	428
998	1488
1658	148
1135	1372
934	177
428	1710
71	72
49	50
811	593
906	1024
1740	572
1107	56
1407	1496
1101	1458
898	675
2359	2246
2213	2296
2372	2013
104	1124
338	1116
1605	1648
649	651
1189	1187
305	1637
1523	257
980	1266
1913	1914
2456	2390
2265	2337
953	876
800	782
1605	459
1488	1490
764	766
1683	1090
2324	2371
1999	2358
2490	2485
1609	1100
520	574
2355	2358
986	445
2512	2142
1558	498
1889	431
634	1908
2167	2361
1062	2201
570	481
979	1670
2326	2414
390	1022
1253	584
1725	1028
782	882
1794	1291
1055	909
390	285
1175	475
2260	2263
1771	1773
792	1124
2315	741
2144	2418
2326	2001
1195	1278
2037	2040
1047	1049
1911	1604
157	590
1770	1538
793	2093
2039	2151
2105	2089
551	1135
1259	1263
1911	2459
1462	1465
103	98
764	767
1572	1698
1173	216
238	163
1041	1039
2186	2189
1518	1520
1816	1491
998	1489
1235	1237
1166	689
1980	1979
611	213
109	110
2010	1492
2415	2030
2478	2009
700	654
2201	2040
1514	57
377	129
1381	1183
2416	2063
2003	257
1997	2001
633	1797
1953	1684
850	851
1569	78
1455	575
1909	1438
652	1058
914	765
1692	1306
29	1678
923	66
2013	2169
1444	2205
2131	2045
858	1731
419	1530
184	1541
2440	2083
775	417
494	617
745	1387
1020	1256
1132	1
1341	700
1192	746
1328	380
1305	467
130	301
691	256
262	260
1617	1599
9	2145
2140	1999
477	473
1707	1641
1417	1418
227	1499
2088	2039
42	859
136	790
1382	771
1612	979
235	234
517	511
819	1297
1920	1600
1264	826
781	784
1969	2027
368	371
2178	1911
2332	1943
748	76
809	811
1784	378
1608	1607
956	1594
1468	215
334	416
80	81
1628	1172
188	1800
958	959
1052	776
935	256
565	265
2404	2031
2051	2486
1106	693
166	171
654	952
1016	1846
714	131
1106	1671
2501	2140
2397	1886
2360	2028
1706	894
981	686
1177	876
2121	2375
2351	2347
1357	173
443	1355
1312	604
111	313
2013	2039
571	178
2479	2208
1300	1724
1650	365
1988	1989
1823	1825
1768	513
883	886
1082	328
643	848
296	725
281	280
1263	798
2105	2235
2451	2175
986	1115
160	158
2516	2503
574	279
1072	1073
2111	2215
2284	2206
194	52
1058	59
71	790
1258	170
1313	1314
294	730
1561	428
1386	1384
383	681
1146	570
693	1170
2148	42
1669	1041
1341	1813
174	703
2008	2003
2247	2030
805	694
1229	1230
514	424
187	1491
176	175
1210	1160
2319	2121
1946	1948
1812	142
227	102
1021	354
9	2144
1668	1442
2125	2129
1090	1408
1364	802
2492	2176
1793	517
1654	672
710	711
1459	527
2427	2151
2185	2176
1353	992
1101	707
734	224
679	925
272	1199
1223	1224
158	418
789	997
522	417
1823	1015
119	1862
1101	966
2219	1063
325	327
2353	2421
2040	2055
1977	1036
350	345
2162	2318
430	428
1653	979
213	210
1271	805
436	527
2207	1903
2401	2122
319	46
1	87
2120	2419
481	485
1432	1433
1103	1105
315	877
2096	2083
1293	368
662	70
410	876
991	77
2023	2027
1942	1728
136	228
2165	1093
2316	2206
1692	506
769	1303
830	1275
1829	1118
688	692
996	1011
2114	2348
872	869
401	817
740	835
727	1322
1717	394
1171	1048
201	1452
1457	986
1402	1027
327	325
1362	805
527	1459
104	1862
15	136
1267	846
381	18
2326	2086
246	245
1169	303
778	1357
1240	705
2093	2219
1283	790
213	1287
725	1162
1730	207
1202	77
1801	1800
1830	1796
1897	326
196	195
1741	368
553	817
1337	604
239	163
1725	493
45	157
1386	160
1929	2459
1707	1927
644	1051
1229	1102
190	196
1018	1664
2337	2265
982	264
139	390
6	9
2101	2090
1192	5
624	241
1874	1873
395	253
2189	2187
1921	1133
1424	766
506	1620
1710	1148
426	430
704	702
1177	1686
263	262
1202	729
948	17
226	227
248	708
254	257
1491	882
651	967
324	142
131	129
933	1957
140	1571
22	1613
485	483
2140	1934
533	277
2417	2174
345	214
2177	2175
2501	2502
1365	810
254	256
576	583
1955	2040
239	240
865	1176
1443	993
981	584
1145	232
461	462
1506	1012
1873	468
2012	2128
349	344
750	1154
1122	124
1142	1141
742	418
1672	1410
1284	520
2447	2304
2301	1091
481	264
2525	2068
2423	2002
762	1032
713	1907
1933	507
1616	869
52	221
2417	2282
1761	839
2232	1091
2117	1898
2311	2174
1241	52
2305	1934
1227	1830
33	1759
994	1027
1517	1841
1717	432
1174	2464
807	809
275	180
1903	2211
2226	2044
1605	1242
1632	1633
81	876
65	68
676	560
1931	64
2289	2197
1025	963
2137	2241
1859	233
8	893
2061	2169
733	237
1547	1011
1627	1453
1957	2117
2360	2304
958	79
2025	2023
383	1043
1477	1476
701	124
135	808
83	80
1258	1398
58	1577
806	7
206	1164
426	428
1541	1538
1436	1437
892	326
1638	1636
304	131
547	551
939	938
2122	2459
1170	1168
1324	1042
129	302
473	346
1433	1431
1509	1551
1814	1813
828	1048
519	548
2162	2241
2346	1790
2112	2113
1079	796
910	906
1052	222
2353	1470
1336	1732
2271	2259
9	308
1278	426
753	258
508	219
804	802
2410	2244
357	983
1440	1439
1531	1958
706	938
2008	2009
10	16
2118	1998
2415	2222
2425	2078
2274	1037
329	1168
786	1495
2177	2030
320	322
2288	2336
1547	318
2327	2039
2115	2117
1142	1528
1558	969
1753	1756
1324	1328
743	1454
2228	2197
1217	1081
1572	1803
1020	42
2315	2185
2489	2180
1885	1706
851	769
2504	2139
2203	2175
1315	1313
752	753
1551	47
1032	432
1242	355
1055	1011
1253	1176
163	240
1365	612
812	711
999	386
925	836
354	344
16	10
1868	1411
1507	618
1942	1856
2292	2193
499	1266
831	337
1280	1035
2075	2264
1616	205
1975	1860
1210	982
2383	1950
347	349
603	166
1175	1176
861	672
573	1495
2327	2041
2282	2078
1632	1634
99	742
2447	2121
441	442
809	432
975	253
2324	2089
1668	125
1384	1386
1049	1881
1290	611
588	1372
1587	1312
2127	2093
2331	2408
228	226
1162	852
1576	1622
2183	2303
613	172
1388	1389
584	576
1290	1531
950	682
62	55
671	672
790	1034
741	678
866	867
414	94
652	59
2327	2037
2099	682
2052	1063
2124	2093
174	166
691	133
341	931
1544	1543
642	643
1017	1096
891	407
1215	469
557	558
2197	2177
238	242
2502	177
1197	351
115	329
803	1380
2068	2471
521	1562
920	1638
1035	1280
2323	2315
880	849
80	85
609	1446
1856	1950
2459	2122
2399	2439
1045	1046
992	1061
138	250
516	940
1698	1124
965	568
2167	2014
1182	1034
1791	1792
1668	127
363	1381
1873	1216
1772	1228
2522	2369
216	1117
829	59
986	597
796	800
1898	2115
536	960
1176	474
1442	450
706	279
2388	2189
787	132
1085	1082
2185	1163
2153	2159
1929	1999
2017	556
2146	2040
1859	43
187	646
1213	1218
1188	1187
1388	405
1130	142
60	626
808	990
2332	2093
50	51
480	175
1417	718
309	1523
969	1189
2095	2222
675	897
2046	2210
1535	857
2263	2113
226	229
1494	1798
1359	1381
525	922
667	1111
830	876
2129	2061
450	298
1973	1364
431	10
1699	1175
424	1398
1708	1276
2384	2037
866	369
421	814
448	665
1587	557
559	1338
1324	1329
1798	1084
2253	2252
1290	1289
677	855
849	702
290	198
214	52
1912	905
1145	1146
685	797
162	159
1424	550
404	1658
2473	2177
88	95
1725	174
2278	2017
2200	2295
1220	145
1230	927
2103	2102
328	2
1164	206
1458	1453
1293	1339
2349	2482
2221	2128
2289	2361
1761	1464
600	931
1798	648
654	649
809	709
2422	2032
96	97
2478	2197
2518	414
1016	1026
1712	1713
1805	1154
76	730
2054	1982
2236	2237
217	1630
2324	2125
929	679
1139	1222
1410	874
29	1571
797	383
1451	569
193	804
1407	1484
710	673
1364	1362
981	1254
858	170
389	1224
938	940
1037	2148
2484	1987
1579	251
441	1255
1550	1639
792	687
995	268
1900	2427
1704	1934
933	2282
1184	144
1684	1683
1231	1229
229	1199
915	513
86	80
339	1350
165	242
1675	1024
1706	1205
2281	2284
841	484
1480	162
2096	2097
334	157
251	1064
1262	1263
1808	170
377	378
2380	2509
1985	2235
557	559
741	1837
130	339
2142	1796
228	1036
200	289
35	275
241	770
1800	188
1093	2185
507	509
578	242
52	220
881	81
2131	1330
1859	1255
877	730
635	631
782	879
911	453
215	734
1217	799
1071	580
1500	1501
977	1243
2238	2502
919	920
1332	411
2044	2132
347	344
10	13
846	848
634	636
2445	2265
2078	2412
1103	1106
277	533
2080	2514
1274	776
460	174
807	810
531	529
1043	725
2045	2394
258	1642
1052	42
1459	575
680	681
2266	2036
1459	926
216	604
429	1815
1129	131
1458	162
786	1048
1353	991
580	208
2293	2301
1549	1127
1709	1184
1720	1721
894	804
1097	1317
2062	1856
786	719
1521	1078
304	1272
1036	1032
1636	1638
2054	2055
660	1804
622	82
2173	2176
1629	642
2311	2205
2148	1037
392	395
171	508
2307	2153
522	572
513	407
1681	99
952	1508
2118	2123
1598	1442
2398	1492
362	364
1690	1817
48	47
1566	1407
639	70
1698	1000
126	1496
1842	760
2478	2226
652	225
1421	1460
2122	2402
537	19
2101	2102
203	288
1476	1445
1475	87
2007	2162
1564	1258
641	640
681	1098
961	729
2429	2409
54	56
1810	2074
205	204
68	64
2271	1954
2040	2038
1735	1734
852	213
172	548
2403	2459
126	297
2073	2368
1125	836
1240	276
1743	1539
582	946
848	891
2	733
1484	700
1523	996
1662	852
1587	1711
1767	1024
78	317
1926	841
1111	1113
1159	1158
1778	1240
2202	2093
1885	808
1135	1187
337	727
2161	2010
6	7
268	543
377	381
1136	33
1128	1322
2443	1886
1634	1632
141	1482
2491	2354
584	1254
1457	1117
1997	1999
223	80
904	1366
623	55
1008	1307
2534	2183
268	1983
1723	1606
424	221
1919	700
1174	1980
372	374
931	687
1098	250
2130	2045
2468	2055
2179	2355
1088	546
2013	429
67	63
2335	2447
470	94
165	321
1043	730
1324	1326
16	344
408	415
1876	1184
2220	2219
2147	2000
2151	2085
685	953
1038	1954
2023	2028
548	583
130	314
1354	727
763	424
1123	1125
1069	1071
202	434
2194	2022
2348	1985
2103	2060
1114	75
1002	1006
1681	844
309	21
547	549
274	352
317	78
1042	750
2250	2408
194	192
24	298
1226	799
588	1186
2309	2380
216	606
1734	1737
2300	2077
13	346
198	143
2054	1943
655	1007
1806	1432
24	1407
1867	1755
1561	1563
200	564
311	310
2426	2283
1410	336
1516	1167
2375	2371
52	214
2469	2143
982	483
1802	1349
1831	1824
2038	2088
775	235
1662	851
836	19
1992	2065
14	426
1407	1602
832	835
224	1200
1713	1502
1037	1955
1224	1225
1743	117
1633	1179
1609	144
789	495
1786	1033
23	1014
1737	1049
1028	1696
841	264
2123	840
63	71
1913	1210
320	165
906	192
958	961
667	664
348	346
544	1660
929	682
1687	823
1137	196
477	1028
335	343
1374	1375
2112	2348
1276	1609
2524	2517
991	492
791	838
2245	2253
725	723
689	1483
1192	744
2354	2491
2396	2023
213	852
936	1538
967	430
1651	824
204	202
2064	2259
2230	1795
45	787
1294	621
309	1964
901	1167
346	1518
2303	2131
743	102
2344	2466
1673	689
2041	2037
751	1042
63	72
2067	2091
90	421
2078	1954
1024	240
1494	1047
1095	1060
2394	2183
1145	239
2047	2049
687	851
1205	46
1942	2002
706	707
1535	609
508	171
856	920
1262	1259
1659	1231
2190	2032
1433	1432
1830	2359
391	1992
938	706
2517	2019
956	385
2026	2132
1522	1135
2098	2083
915	916
851	687
1470	2077
1024	1440
65	678
818	564
1824	1823
807	808
1746	1800
1124	67
2245	2210
120	1690
380	1328
2183	2304
219	82
1047	1048
2129	2126
288	203
857	42
2082	2352
1342	575
1646	1657
888	102
508	509
1686	1244
1611	830
1916	1334
535	533
123	995
1755	904
679	930
1458	1459
1807	1382
1916	963
911	913
858	1081
1093	1950
1104	1357
2211	2174
196	1802
1538	131
584	582
21	537
1075	252
1127	1549
1769	835
279	1101
1060	739
1044	123
2098	2081
2238	2141
2070	1982
1888	251
576	581
1479	237
1190	1187
1975	1008
1473	877
2381	2378
13	1275
1942	2092
2055	2038
504	1183
193	973
496	204
1026	202
584	854
1028	1024
374	373
795	2038
443	577
1567	1512
2097	1907
1774	360
776	240
1408	205
129	305
2417	2320
1107	1525
458	177
1889	1455
1708	886
1844	1543
1553	801
1038	2084
2229	2033
991	739
240	622
1669	1138
2368	1936
1537	1168
2046	2180
812	301
1743	1347
1476	1477
1859	400
366	360
1095	1344
1842	502
322	165
361	1403
2089	2001
2403	2460
2205	1756
157	416
2229	2078
236	108
491	489
689	953
511	517
108	944
561	316
921	920
1257	1258
383	35
213	209
955	1570
202	671
688	689
1100	707
1290	1288
975	148
1806	1925
2326	2293
338	335
1327	753
2284	2264
317	550
1146	656
936	302
631	635
2503	2317
2378	2380
23	1834
2408	2394
546	1157
2517	2179
2292	2415
57	492
2440	2442
1426	1731
1723	732
2350	2223
738	1123
623	843
693	1246
1647	1081
1254	585
249	1579
836	1485
1608	1449
741	909
1878	1392
649	654
2261	2065
711	305
2290	2262
1717	1716
379	257
2029	2031
1517	1332
1070	169
2017	1820
1580	417
693	62
1580	194
565	1015
252	1497
765	604
821	691
596	1507
2163	1756
1757	1348
835	494
1901	1714
1125	376
546	147
862	34
13	256
1877	57
2255	2015
465	1399
1728	1719
547	553
303	631
1768	1693
1624	1623
269	602
1388	143
1169	1170
891	848
1609	1610
1243	952
1869	624
741	901
526	1458
1804	180
1314	1317
2394	2408
2230	1050
2057	2037
2198	2187
415	1709
1865	744
2492	2342
2393	2395
952	763
1967	596
746	702
1132	328
1504	1059
798	957
1131	2180
1074	241
1564	215
884	158
1238	1237
1713	457
1663	1609
1058	13
102	927
252	927
802	701
727	382
347	270
357	981
999	1337
1943	2086
1078	1264
1300	529
153	673
997	134
487	44
2289	2113
475	139
1556	186
47	48
1136	1137
1466	2283
144	1577
28	825
1141	1143
674	675
768	764
827	1619
1429	151
190	195
1225	1601
2045	1563
1105	220
794	2334
2296	1999
630	1391
2236	1533
2343	2037
1483	1984
1391	1548
1242	1605
2407	1091
309	666
1954	2271
447	23
526	1459
973	288
558	369
1877	658
1091	2421
687	997
974	520
1723	1133
1533	2051
854	397
137	140
2381	2526
1513	529
1026	845
1394	1393
1867	1598
1450	285
702	703
157	163
1022	418
1455	1889
1941	1341
246	629
2246	2359
2147	1038
608	609
1126	900
2531	2151
669	422
1633	208
1655	278
1927	1641
1059	1058
1224	1300
1322	2371
910	192
1958	1942
2073	2256
1375	1066
1326	299
1091	1470
1581	806
956	879
306	309
2298	2183
806	1451
492	57
469	1401
516	178
2064	2039
686	239
392	50
126	1115
135	1776
230	55
34	37
520	707
2139	2143
2401	2403
1857	453
305	690
1929	1311
1275	830
2173	2077
61	144
2497	2344
692	688
1387	108
1380	151
278	280
1101	279
1336	1573
325	250
2235	2104
2122	2409
368	749
1371	2010
1540	1538
431	14
1273	484
1513	1673
2360	1603
667	810
618	620
1342	586
1693	1261
31	1658
1359	30
2033	2233
2505	2397
2172	2183
133	128
1060	792
1913	515
1807	790
660	1107
1896	727
1322	345
700	1341
612	1869
382	727
2096	2081
871	1560
554	1209
569	1135
2238	1532
1303	907
1413	466
1137	125
1917	520
106	108
1311	121
1618	39
2046	2197
1016	1013
1705	178
1051	1095
177	1341
1083	1150
1704	440
2325	2213
1204	1203
2260	2010
973	255
2254	2077
1569	689
1115	1457
877	879
1642	1843
322	580
782	427
237	702
1182	494
1639	1378
834	1660
295	788
773	774
1594	1287
1300	614
1763	2039
1462	604
241	239
1977	526
278	384
618	1073
1216	410
2137	2240
857	1456
1589	1368
1264	900
1311	1587
2016	2019
1983	268
1120	1478
2319	2361
837	504
628	677
1300	124
2220	2128
1342	1344
770	321
1580	1534
2155	2157
1726	954
1668	296
669	1686
1481	689
1802	16
622	233
2363	2137
2061	1936
1635	882
384	1295
576	582
598	1057
2427	2090
1426	1099
1406	1404
2205	2177
1952	2059
1879	255
92	397
2171	2114
638	637
539	541
1523	930
1568	439
2023	1159
817	395
181	98
491	717
2364	2363
856	260
1094	1017
1675	981
121	122
336	613
633	1791
153	1571
2154	2379
2445	2030
1016	1015
1662	1661
343	1229
1217	1219
1105	152
237	777
722	725
799	1372
2126	2129
146	600
1830	2326
2050	2047
1046	1951
1313	1317
179	177
782	62
1694	1304
2166	2164
897	1308
1394	1476
1495	403
1333	420
976	1205
1062	2184
1220	187
2185	2233
945	451
1767	1333
2444	2121
2522	2404
658	82
1421	885
2309	2182
1982	2291
1230	1497
1997	2000
1057	449
1038	2259
2210	2380
1838	730
2049	2077
2079	1093
49	51
1502	139
1974	280
662	618
1551	1509
2479	1563
2376	2169
1334	1327
2296	2297
815	1700
1242	530
92	777
459	460
1063	2222
165	322
1651	1649
1717	1634
709	382
1714	418
2326	2087
2276	933
473	57
1818	357
1733	1735
2232	2250
1544	1621
2508	2170
1260	878
481	482
1156	432
872	462
899	279
1496	255
2400	387
303	692
673	1637
355	419
2297	2010
1694	1212
490	1086
1287	384
1654	1438
1618	38
995	475
1090	40
1665	1577
2535	2205
2214	1954
569	1451
271	493
559	492
24	791
707	1101
1329	2335
2011	2113
392	393
2076	741
228	136
2127	2128
2058	2038
2481	2472
142	688
774	336
2118	2121
2413	2366
284	952
577	410
1188	1508
2148	1955
2167	1063
248	198
2514	2282
950	803
587	589
137	139
1938	1939
389	386
2189	2199
413	844
2320	1335
1889	1179
1904	483
734	155
438	1231
2089	2084
2195	2315
2523	2369
2355	2356
340	337
240	163
2322	2198
796	685
724	1585
2225	2068
1812	1370
107	1307
1868	1621
2267	2177
2172	2024
115	1907
361	360
1147	1199
1850	1821
2123	1286
1799	458
1496	1027
1903	2208
984	783
2528	878
2164	1597
1360	870
2260	2032
2275	2276
1127	1126
1853	1854
839	774
2144	2367
2208	2173
2489	2409
1684	1098
1433	124
563	927
1688	166
1503	9
851	1000
1421	188
1569	1481
577	938
1116	1442
381	446
2001	1997
2493	2494
2473	2066
2207	2285
2381	2342
1527	1411
733	1449
1313	1316
342	8
126	914
2016	2017
2138	2136
1941	6
299	1457
1637	302
681	383
1567	1569
257	217
1702	1701
34	40
1950	1856
857	233
1344	597
173	417
1841	1567
1628	1627
2513	2339
573	1580
2083	2038
390	165
2219	2128
272	270
101	793
2267	2205
2054	2057
1336	516
105	705
963	1028
522	1497
2328	2274
2504	2231
1794	855
1530	1214
410	580
1967	189
2084	2259
227	809
1820	1685
768	248
1719	836
173	166
1070	682
1294	1000
2394	2045
411	1443
252	1203
958	212
1264	497
417	166
1266	1385
600	789
1195	1424
2286	2289
85	59
300	536
1485	836
1491	189
16	347
1536	1537
2288	2361
1364	1089
232	237
1078	960
962	963
1072	1074
937	1944
1802	1803
240	239
1439	1028
1069	280
986	924
1871	1754
1318	1319
1083	1386
335	340
1444	2435
2045	2529
1100	1256
765	189
2157	2045
2207	2208
1652	1906
726	370
2082	2421
1316	1313
2044	2250
1801	140
266	267
1560	342
1969	1495
1956	1907
1286	952
2292	2417
2372	2001
1865	274
43	1255
1870	1871
642	644
654	124
2328	2167
1488	78
1943	2038
2328	2329
962	964
1955	2089
754	258
2281	2077
830	1229
166	172
1346	1014
1777	125
231	419
1197	1199
2011	1934
831	314
1676	1117
1617	990
927	1230
2130	2044
1991	819
664	494
2409	2122
1904	1661
603	1644
1779	243
778	1452
1974	281
210	213
414	1836
795	2115
2290	2127
2400	402
381	377
952	884
934	783
779	1458
2196	2208
536	792
127	125
1850	93
1119	1122
2108	2109
13	10
1107	1349
2257	2399
938	577
2211	2421
597	1613
1178	288
2418	2419
987	1326
919	264
969	1454
2258	2195
67	64
155	101
2111	2146
1163	2185
1	108
2052	2377
1314	261
711	673
2269	2104
203	357
2031	2029
481	1426
2321	2176
2001	2086
816	1782
612	834
1410	1363
2189	2491
445	299
1661	1662
357	552
1133	1723
2194	1656
284	823
67	68
31	29
1746	1305
2328	1037
1626	1628
974	707
2288	2113
849	814
1644	620
1913	258
1592	1540
334	165
972	938
1941	1222
1566	1565
1425	1277
1666	1610
373	374
2035	2036
444	450
2099	2094
295	1488
461	830
171	462
2449	2451
2167	2225
2090	2072
51	1218
1700	1213
571	1705
1020	1340
409	411
108	236
1827	266
1112	51
1330	2111
670	668
299	617
2209	2489
1476	1481
1903	2209
1742	1738
443	243
1347	1744
2423	2425
2518	1546
1846	1845
2273	2054
233	236
1371	807
1495	1969
1936	2038
2403	2325
2387	2280
441	1361
2294	2188
1753	1409
1992	2060
1888	138
1159	1473
835	217
2452	1331
763	1069
1623	1624
1778	1602
512	516
2401	23
2432	2433
1359	827
1771	1407
400	399
71	596
340	561
435	442
166	173
1493	1495
1508	952
1001	851
354	935
83	223
746	1189
566	321
144	1278
1286	376
258	1566
319	320
2265	723
1118	216
1336	1112
367	370
1580	684
495	790
2096	1795
1777	717
136	352
1857	442
88	89
2085	2055
1257	944
763	761
1695	289
2461	258
2492	2293
2195	2323
1473	1472
1592	1086
1309	303
2113	2106
289	205
1364	1544
1248	1117
1558	614
787	785
713	1005
401	14
2454	2053
1161	621
1967	766
521	243
440	743
687	835
1877	1458
2238	2421
395	303
1451	1231
710	305
1846	1844
2004	2007
1137	1290
2374	2088
308	464
1316	1801
1020	776
1676	1354
2076	2301
499	1264
2446	2411
2281	2282
220	966
1276	1100
793	2169
2517	2173
1789	542
1359	729
2241	2239
1859	1609
342	1560
936	1637
203	207
1459	927
275	279
501	483
1517	1715
975	979
2414	2326
11	13
1683	1043
2399	2159
2458	2086
356	516
1370	1570
2056	2057
2037	2039
991	989
2107	2002
2435	2107
939	706
463	307
2514	2488
2137	1952
1031	1035
1258	763
2376	2011
1823	414
725	258
1475	1107
731	494
2090	2049
1478	952
698	92
1375	171
824	1354
250	1098
20	19
1769	1807
1519	346
412	1196
2455	2194
1091	2095
1183	713
99	98
512	573
341	1507
602	135
1317	1841
164	1022
328	329
2199	2187
171	1194
909	996
2350	2351
799	515
780	828
767	1750
2057	2058
851	1001
71	583
210	612
1153	1587
2382	2142
1546	1443
2301	1943
549	1128
1613	299
2126	1936
571	567
1293	337
2289	2286
1169	1106
1767	1441
2371	2128
123	999
314	130
2244	166
2168	843
349	1520
879	1461
2060	2430
171	947
2149	2426
1497	1499
1778	780
20	860
390	157
1343	552
1622	1576
516	587
995	1586
1418	921
1389	848
2260	2262
2246	1899
688	693
19	533
909	738
224	829
611	210
1918	1685
789	792
213	611
337	340
734	822
2376	2124
88	91
2451	2182
959	1332
603	790
820	817
767	1319
722	724
1154	750
1101	1099
1361	1355
644	738
1874	984
2488	2080
2253	2245
1023	322
2093	2091
173	271
1762	1763
392	394
780	100
1	107
200	203
241	42
222	80
1851	987
1538	1403
1399	1089
1231	806
868	766
1831	1528
1132	1019
938	410
705	522
1927	1064
1002	1005
632	655
2079	1957
1312	1042
2162	2160
553	820
486	490
1818	1133
629	735
1098	132
2192	2193
92	95
522	240
2483	2347
2109	1532
2036	2265
1577	876
1429	1558
545	464
324	327
352	275
161	548
835	69
667	600
1277	928
812	305
754	395
549	547
2046	2027
125	40
2366	2131
538	539
1852	1851
958	127
1837	2093
2181	2080
1453	564
1319	1318
1484	124
1915	862
886	1765
2451	1903
2083	2084
1070	606
1214	82
1051	606
2300	2262
1396	977
388	386
95	92
607	281
1203	1204
2503	2185
327	673
1328	819
458	455
2181	2028
324	1129
1931	922
426	14
1596	1599
606	257
1891	383
981	1024
909	217
984	1528
1742	287
1793	98
1364	123
994	1113
1190	1192
1545	1543
1187	1192
1710	1150
2188	2190
2003	1936
1371	1899
837	825
221	320
1637	936
1198	580
2385	726
1256	1255
1574	1044
780	1069
1644	1507
1973	531
1453	779
925	1507
2258	2032
932	930
85	220
433	1471
1590	609
1434	1128
1672	1972
2300	2016
413	1772
711	301
523	527
2393	2154
470	471
85	652
75	932
2296	2213
1326	1542
645	1740
1912	269
1346	524
734	215
450	101
1937	1939
1025	462
2173	2175
701	802
272	351
2054	2056
764	67
1843	1731
1306	1304
1193	171
305	692
441	1077
1330	2319
143	144
224	734
411	408
294	877
354	345
1512	1513
423	386
622	231
404	1579
1097	255
1787	329
580	410
1405	1473
1079	51
1901	399
1146	591
2368	2271
251	253
1767	1440
1042	644
975	977
481	483
1888	1538
1395	1493
284	530
1391	1724
1836	266
590	865
1522	428
575	680
2357	2159
908	22
775	1101
2154	2382
2303	2265
481	501
74	860
973	806
386	388
2166	1091
749	678
1220	1218
2232	2231
234	232
2388	2226
740	1644
1362	1363
780	99
922	1492
1616	1909
1332	1326
2273	2233
490	487
892	893
2267	1131
1369	769
1352	954
2329	2149
134	739
880	1064
1866	2390
2091	2094
1091	2125
1452	522
269	268
645	1217
848	847
1508	1570
2138	2384
1183	1361
1902	901
2068	2377
785	786
2486	2053
1273	1243
725	722
2086	2115
2169	1322
1393	1047
199	208
730	1838
2122	1929
540	184
514	882
795	2055
941	939
1761	362
1616	1887
1727	1642
764	769
623	1456
2365	2283
1455	1452
614	1655
223	59
1182	618
1118	1115
2134	2075
1910	206
769	868
1736	605
1841	1249
621	617
5	580
816	815
23	1440
973	7
707	972
1883	365
1449	1147
1271	456
2361	2167
64	65
992	792
630	736
16	349
204	436
64	145
1095	1459
2340	2342
1425	1423
55	231
662	666
2504	2502
775	240
880	1065
2273	1496
2202	2125
53	152
299	1118
2408	2452
2079	2201
2152	2154
1705	1917
1021	1179
415	1971
490	486
1839	366
72	494
662	665
1786	1482
1813	1631
1181	1183
2470	2469
2014	2314
681	1099
1683	1674
345	618
612	1368
501	485
1037	1038
2205	2129
2188	2196
1909	1882
325	251
2292	2499
244	1071
1314	109
506	56
402	405
1317	1953
780	963
182	1580
2290	2292
2218	2065
1698	550
2420	2458
619	1204
801	1860
77	79
1564	1122
243	1452
387	1855
313	316
602	1589
936	131
690	936
2278	1900
926	864
650	651
704	1138
830	770
758	1678
788	370
2345	2419
1171	708
445	617
2208	1903
1229	1145
1446	382
2097	2014
1854	832
1090	1960
1965	2164
2201	2078
994	905
1436	1014
1837	2012
1977	732
2036	933
1863	203
134	992
1332	611
1605	1884
1391	1392
158	770
2080	2282
494	835
1458	1254
1357	778
407	513
1152	330
1709	415
2395	2198
495	66
362	1711
711	692
1917	1146
43	864
1753	1272
2110	2111
761	319
2053	2486
758	1043
1531	1289
1769	840
1955	2324
1854	1397
1604	1936
783	781
465	1472
1061	101
1062	2077
2197	2388
1436	1439
208	410
1992	2066
1667	1184
351	590
1043	1371
968	1295
201	241
834	832
1556	1901
1658	404
2406	2208
1589	904
1641	1105
19	23
948	951
1416	700
2385	2138
663	494
1242	823
25	31
2389	2179
689	1482
1645	680
1117	606
2132	2131
472	94
720	308
460	166
833	559
2120	2418
715	716
160	1219
1542	67
816	895
786	1582
274	417
1158	1159
104	255
1856	2332
1538	1539
25	27
234	235
1133	1722
1431	1433
806	973
1393	26
1012	1015
2311	2175
2289	1898
859	347
721	2465
184	183
639	640
1138	591
163	157
479	123
218	225
2403	2120
1812	1552
2173	2179
132	318
1411	1528
2345	2049
2148	2147
1200	1295
110	109
1938	2409
1122	1119
445	792
584	581
1337	1053
1604	2167
1376	1377
158	161
45	1452
2001	2087
728	418
2016	2018
311	312
2033	1091
1583	1089
303	691
518	227
1512	1567
1140	1596
599	832
2061	2127
2474	2131
124	396
1829	1310
1789	1334
382	1896
1873	469
1673	1242
676	628
339	1457
648	807
1562	1072
1906	1652
1719	40
141	1278
565	1874
2380	2154
2219	2222
1261	1129
1753	1755
202	204
561	1043
232	777
2310	2307
2375	1734
1525	1197
2145	1830
519	580
187	189
2288	2076
1242	746
2119	2139
348	1518
237	1479
510	508
1081	1218
1170	1169
1623	127
2064	2229
2023	2024
345	382
480	265
381	1206
2323	2195
1203	252
737	740
2201	2282
244	1449
1429	1505
1462	1466
2120	1982
708	496
84	87
874	1685
1187	1189
271	1020
1239	1041
154	142
926	1458
476	492
1568	1607
1148	1151
567	430
927	443
762	509
2098	2096
439	443
1788	979
1598	1304
501	482
1031	1036
1880	542
799	1081
861	1158
1456	173
1051	998
2309	2077
1351	645
2408	2512
337	335
536	290
1460	881
1455	159
1806	1847
571	551
2441	2440
1885	531
2042	2151
1618	1089
859	348
766	868
1781	44
1114	560
2364	2501
2021	2022
2083	2085
2027	2447
561	1676
1375	1374
2169	1936
901	950
2129	2202
1748	833
1286	840
907	1382
1445	16
814	451
930	644
150	253
1377	1376
1366	123
2008	1939
1169	979
2037	2041
1073	279
2129	2125
1579	817
680	685
2028	2181
772	1285
365	1018
1282	1459
921	263
1061	606
1500	1401
292	293
2205	2127
1911	1063
782	881
1361	440
1755	1460
182	1487
2431	1652
28	828
454	515
780	1718
343	679
1978	812
1817	1026
682	681
372	376
1890	1334
66	791
1432	1183
876	1138
214	451
1991	1328
1989	1990
1086	140
1845	40
423	387
561	313
347	345
1634	394
136	1034
1016	943
1488	1365
218	652
1086	311
480	481
817	303
834	172
2150	2104
1103	1107
468	469
1210	1860
471	470
237	703
632	82
1510	712
2143	2441
1036	807
776	1198
367	368
442	1077
491	1685
1497	526
726	368
2106	2055
1492	2010
2090	2151
1170	1612
2089	2271
269	266
1589	1588
2189	2208
352	964
2354	2181
561	17
2432	445
2426	2061
1007	1009
1012	1017
2486	2051
238	239
250	253
146	64
712	1633
33	150
45	418
564	289
2268	2391
659	1307
537	300
1681	1951
558	1165
2416	2417
62	54
875	733
1324	1327
178	1707
728	729
1934	2305
2304	2381
2028	2304
1267	227
2232	2171
1164	1229
925	790
552	1230
932	972
458	1607
257	413
557	560
1859	1256
597	877
770	857
185	186
156	159
18	20
950	982
1375	1307
1319	1696
718	719
1773	589
2507	2222
1067	244
1067	577
1217	161
1365	878
519	575
1462	1061
1405	1078
2198	2188
1516	1816
2393	2131
2114	2347
917	375
1072	244
413	1961
145	64
1048	1047
2395	2309
21	1051
2143	2013
208	1215
124	527
1519	1518
398	1609
781	783
2453	2034
2533	2294
1944	901
1141	114
1131	2275
252	1040
1414	1526
2027	2450
1	83
2347	2348
2327	2259
550	547
310	312
70	494
2147	2371
571	1135
751	1056
1397	550
1105	822
1885	771
1571	1372
2509	2154
1304	505
393	870
2200	2378
908	1336
2378	2210
1059	876
655	1059
2373	2357
876	233
129	300
1721	426
308	463
129	303
2210	2378
182	26
2268	2473
360	366
170	704
2524	2133
747	583
2017	2016
130	300
1313	1315
289	291
1802	1232
859	256
1168	303
2248	2249
811	43
56	81
1383	268
1607	1966
1868	1428
198	379
1390	929
538	541
437	1039
2436	2428
2459	2135
238	243
2482	2372
54	61
1827	1291
1763	627
1523	832
709	809
1436	1438
792	1061
2128	2222
818	124
517	388
2179	2036
2230	2123
1330	2136
852	210
737	65
848	876
1358	1359
2047	2010
2301	1092
250	249
2171	2209
1774	1265
990	1092
498	569
1084	791
2352	2353
2199	2354
1079	49
1137	1183
2210	2509
740	1382
2457	2427
437	279
1641	632
889	890
473	477
157	165
1845	1846
191	194
2018	1985
607	687
1370	1812
2152	2027
1814	1631
1194	222
437	1752
215	509
1827	1826
193	1350
1337	1088
337	196
1332	1333
749	1157
424	507
2007	2005
1059	1504
563	1459
464	1472
636	812
1543	1545
1033	1231
2344	2270
1968	1115
551	547
913	453
344	348
897	117
822	1398
234	237
260	151
929	196
2159	687
960	300
794	2394
572	1173
631	329
2090	2256
384	1287
1809	1030
2205	2074
753	1343
673	302
1026	584
810	299
2534	2270
1083	271
583	840
39	125
1419	1418
435	1681
2313	2370
2168	9
393	392
1598	1116
2345	2090
1768	1452
1562	619
1852	1879
1248	1118
2420	2402
341	621
250	136
1277	1278
303	817
2127	2129
1565	258
967	409
992	1060
331	190
1099	1070
1734	1735
423	388
1869	644
2458	2057
1189	462
2107	2371
2425	1091
1018	1016
300	532
951	1451
1970	1971
733	1021
783	983
1004	242
442	854
224	1058
854	581
334	417
662	663
1078	367
221	232
821	553
1091	2093
2012	2222
177	1534
2487	2162
2036	1957
661	660
444	192
1239	509
760	762
721	2362
1083	237
387	389
1728	2092
387	423
2057	2410
379	72
1892	214
1478	114
714	712
2331	1691
1677	448
2186	2131
2042	2085
771	678
2435	2093
765	922
51	1525
2423	2276
654	968
513	1647
1756	2164
1035	1033
2244	170
1588	1366
1481	1019
560	133
596	925
1831	188
2087	2086
2156	2164
974	1659
1386	1083
2232	2406
637	641
1111	494
2423	2389
241	320
54	62
1076	1077
2527	2421
1459	1499
1538	1540
665	1426
195	197
2060	714
1943	2372
1337	906
2360	230
2235	2055
1330	2344
1229	597
1571	140
1392	444
1923	1843
1312	446
2133	2451
1285	604
436	1459
2183	1945
532	130
1192	1187
1528	984
1348	981
1828	1907
2234	2259
129	301
987	495
207	201
1868	1381
244	1067
249	402
1075	1230
2315	2256
325	324
1254	196
866	367
511	388
2269	2235
934	937
1735	1196
2419	2049
899	98
712	1525
1938	2231
2372	2000
1997	1998
667	1614
2023	2025
1982	1656
1491	836
1184	452
2330	1691
627	629
1368	135
2060	1460
778	1071
1890	2242
1297	1909
2188	2078
1045	1951
265	260
1213	799
1789	1790
2194	2220
458	452
546	1397
1672	1477
629	246
778	243
2095	147
2343	1903
258	1337
1957	2275
548	549
276	275
983	1138
675	1068
851	997
433	431
601	603
2150	2106
921	919
222	59
882	1635
2064	2036
2101	2009
2422	1958
2024	2172
2234	2040
18	21
1491	769
850	213
1641	957
171	1193
1296	673
817	818
2065	2316
601	602
225	80
1046	1270
1922	1153
815	813
513	820
1888	253
1196	687
511	514
130	303
1110	1138
416	165
1208	1085
1666	1663
1746	1113
1069	572
121	127
34	39
2019	2517
788	369
2469	2168
1225	566
1189	124
1342	1343
852	1162
2104	2106
2396	2130
1129	451
332	334
818	817
1909	1616
110	930
2336	1965
1473	1405
2231	2293
2065	2066
2276	1957
1613	740
2235	2234
1784	1057
1160	787
2063	2064
57	473
2061	1728
2270	2040
776	232
1518	15
2119	1936
984	438
2066	2411
1782	59
1761	142
2274	2235
1818	1819
1130	184
1397	438
832	644
2099	1322
895	892
667	929
707	410
753	1327
1082	265
1525	1725
940	520
1470	2174
1523	1604
431	436
2236	2145
754	1297
531	746
194	197
654	1451
1137	315
1065	1193
869	871
302	673
1692	1693
1044	1586
1869	662
2142	2238
156	165
776	1274
2391	2268
682	951
1274	417
267	600
195	190
2409	2115
1911	1744
1857	1850
996	909
833	832
795	2314
556	1617
220	1320
1005	756
852	385
295	546
1155	1298
1280	136
1310	196
2177	2411
2384	2434
820	707
1204	619
663	70
2033	2353
1708	1493
1931	492
166	168
1058	223
576	586
1545	1281
317	1083
280	563
1210	99
930	1523
227	928
1865	1606
422	424
813	814
1958	2094
875	876
168	218
542	544
1207	80
2382	1886
380	381
1584	1583
1844	918
1828	2144
65	64
264	265
187	922
646	678
249	1581
555	1345
2147	2324
1028	1439
482	821
2453	2522
2058	2054
139	387
269	128
2384	2347
664	666
1254	584
299	1117
